  Time              windx     windy     DIR    HS      HSWEll     TMM10     TPS
 20150801.080000    -0.71     1.37   159.43     0.35     0.00     3.67     3.99
 20150801.090000    -0.66     1.49   159.37     0.36     0.00     3.72     4.04
 20150801.100000    -0.60     1.60   159.37     0.37     0.00     3.77     4.09
 20150801.110000    -0.54     1.71   159.42     0.37     0.00     3.81     4.15
 20150801.120000    -0.48     1.82   159.51     0.38     0.00     3.84     4.22
 20150801.130000    -0.42     1.91   159.61     0.38     0.00     3.88     4.29
 20150801.140000    -0.36     2.02   159.73     0.39     0.00     3.91     4.38
 20150801.150000    -0.37     1.95   159.82     0.39     0.00     3.95     4.45
 20150801.160000    -0.39     1.89   159.88     0.39     0.00     3.98     4.49
 20150801.170000    -0.40     1.83   159.88     0.40     0.00     4.02     4.53
 20150801.180000    -0.41     1.77   159.86     0.40     0.00     4.05     4.55
 20150801.190000    -0.42     1.71   159.80     0.40     0.00     4.07     4.56
 20150801.200000    -0.43     1.64   159.71     0.40     0.00     4.09     4.57
 20150801.210000    -0.04     1.83   159.63     0.40     0.00     4.10     4.57
 20150801.220000     0.38     1.93   159.62     0.40     0.00     4.11     4.57
 20150801.230000     0.83     1.92   159.77     0.40     0.00     4.10     4.57
 20150802.000000     1.26     1.83   160.21     0.40     0.00     4.06     4.56
 20150802.010000     1.66     1.68   160.90     0.40     0.00     4.01     4.56
 20150802.020000     2.01     1.46   161.64     0.41     0.00     3.96     4.56
 20150802.030000     1.92     1.20   161.87     0.41     0.00     3.91     4.55
 20150802.040000     1.83     0.93   161.34     0.41     0.00     3.90     4.55
 20150802.050000     1.72     0.64   160.51     0.42     0.00     3.91     4.53
 20150802.060000     1.59     0.33   159.76     0.42     0.00     3.93     4.51
 20150802.070000     1.41     0.00   159.17     0.42     0.00     3.95     4.50
 20150802.080000     1.14    -0.34   158.70     0.42     0.00     3.96     4.49
 20150802.090000     1.18    -0.13   158.28     0.42     0.00     3.97     4.49
 20150802.100000     1.18     0.14   157.88     0.42     0.00     3.98     4.49
 20150802.110000     1.11     0.46   157.46     0.42     0.00     4.00     4.50
 20150802.120000     0.88     0.82   157.02     0.42     0.00     4.02     4.52
 20150802.130000     0.48     1.10   156.50     0.42     0.00     4.04     4.54
 20150802.140000    -0.04     1.19   155.91     0.42     0.00     4.07     4.56
 20150802.150000     0.21     1.58   155.24     0.42     0.00     4.09     4.59
 20150802.160000     0.46     1.95   154.57     0.42     0.00     4.11     4.62
 20150802.170000     0.71     2.30   154.27     0.43     0.00     4.10     4.65
 20150802.180000     0.95     2.64   154.96     0.44     0.00     4.02     4.67
 20150802.190000     1.20     2.97   155.42     0.44     0.00     3.97     4.69
 20150802.200000     1.45     3.30   156.64     0.46     0.00     3.88     4.72
 20150802.210000     1.50     3.15   157.49     0.47     0.00     3.83     4.73
 20150802.220000     1.54     3.00   157.67     0.48     0.00     3.80     4.74
 20150802.230000     1.59     2.84   157.73     0.49     0.00     3.80     4.75
 20150803.000000     1.64     2.68   157.74     0.49     0.00     3.79     4.75
 20150803.010000     1.67     2.52   157.75     0.49     0.00     3.79     4.75
 20150803.020000     1.72     2.35   157.79     0.49     0.00     3.78     4.74
 20150803.030000     1.52     2.16   157.69     0.49     0.00     3.78     4.73
 20150803.040000     1.34     1.98   157.44     0.48     0.00     3.78     4.71
 20150803.050000     1.15     1.79   156.75     0.47     0.00     3.79     4.69
 20150803.060000     0.95     1.61   155.80     0.46     0.00     3.82     4.66
 20150803.070000     0.76     1.42   154.84     0.45     0.00     3.86     4.63
 20150803.080000     0.56     1.21   154.12     0.43     0.00     3.89     4.60
 20150803.090000     0.47     1.50   153.62     0.42     0.00     3.90     4.58
 20150803.100000     0.36     1.77   153.26     0.41     0.00     3.90     4.55
 20150803.110000     0.26     2.02   153.01     0.40     0.00     3.89     4.52
 20150803.120000     0.15     2.26   152.89     0.40     0.00     3.86     4.50
 20150803.130000     0.04     2.49   152.95     0.39     0.00     3.80     4.47
 20150803.140000    -0.08     2.72   152.95     0.39     0.00     3.73     4.45
 20150803.150000     0.34     2.97   153.33     0.39     0.00     3.66     4.44
 20150803.160000     0.75     3.17   154.16     0.40     0.00     3.58     4.43
 20150803.170000     1.17     3.31   155.65     0.40     0.00     3.50     4.42
 20150803.180000     1.59     3.44   157.82     0.41     0.00     3.41     4.42
 20150803.190000     1.98     3.53   160.81     0.43     0.00     3.32     4.42
 20150803.200000     2.38     3.60   165.06     0.45     0.00     3.21     4.43
 20150803.210000     2.39     3.43   168.37     0.46     0.00     3.14     4.42
 20150803.220000     2.41     3.25   169.85     0.47     0.00     3.13     4.40
 20150803.230000     2.42     3.07   170.89     0.47     0.00     3.12     4.38
 20150804.000000     2.43     2.90   171.83     0.46     0.00     3.11     4.37
 20150804.010000     2.44     2.71   172.70     0.46     0.00     3.09     4.36
 20150804.020000     2.45     2.53   173.53     0.46     0.00     3.08     4.34
 20150804.030000     2.25     2.37   173.93     0.45     0.00     3.06     4.32
 20150804.040000     2.07     2.21   173.42     0.44     0.00     3.06     4.28
 20150804.050000     1.87     2.04   172.03     0.43     0.00     3.07     4.25
 20150804.060000     1.69     1.88   169.84     0.41     0.00     3.10     4.22
 20150804.070000     1.49     1.72   167.30     0.39     0.00     3.14     4.20
 20150804.080000     1.31     1.55   165.14     0.37     0.00     3.19     4.17
 20150804.090000     1.40     1.89   163.51     0.36     0.00     3.22     4.15
 20150804.100000     1.49     2.22   163.10     0.35     0.00     3.20     4.13
 20150804.110000     1.58     2.55   163.81     0.34     0.00     3.14     4.11
 20150804.120000     1.66     2.87   165.61     0.34     0.00     3.07     4.08
 20150804.130000     1.75     3.19   168.66     0.34     0.00     2.97     4.06
 20150804.140000     1.84     3.51   172.94     0.35     0.00     2.86     4.03
 20150804.150000     2.06     3.61   178.12     0.36     0.00     2.77     4.00
 20150804.160000     2.28     3.72   183.05     0.37     0.00     2.71     3.95
 20150804.170000     2.51     3.82   188.27     0.38     0.00     2.66     2.78
 20150804.180000     2.73     3.92   192.86     0.39     0.00     2.63     2.65
 20150804.190000     2.95     4.01   196.73     0.41     0.00     2.63     2.68
 20150804.200000     3.17     4.10   200.09     0.42     0.00     2.63     2.77
 20150804.210000     3.44     3.82   203.01     0.43     0.00     2.65     2.84
 20150804.220000     3.70     3.53   205.54     0.44     0.00     2.66     2.87
 20150804.230000     3.94     3.21   208.01     0.44     0.00     2.67     2.90
 20150805.000000     4.16     2.86   210.46     0.44     0.00     2.67     2.93
 20150805.010000     4.35     2.50   212.65     0.44     0.00     2.67     3.00
 20150805.020000     4.51     2.11   214.65     0.44     0.00     2.67     3.06
 20150805.030000     4.31     2.13   215.70     0.44     0.00     2.68     3.12
 20150805.040000     4.11     2.14   216.21     0.44     0.00     2.68     3.16
 20150805.050000     3.90     2.16   216.50     0.43     0.00     2.67     3.18
 20150805.060000     3.69     2.17   216.59     0.43     0.00     2.67     3.19
 20150805.070000     3.47     2.17   216.48     0.42     0.00     2.65     3.20
 20150805.080000     3.26     2.19   216.27     0.41     0.00     2.64     3.20
 20150805.090000     2.97     2.45   215.82     0.40     0.00     2.64     3.20
 20150805.100000     2.64     2.69   214.83     0.39     0.00     2.62     3.20
 20150805.110000     2.27     2.91   213.76     0.38     0.00     2.60     3.19
 20150805.120000     1.87     3.09   211.93     0.37     0.00     2.59     3.17
 20150805.130000     1.42     3.24   210.39     0.36     0.00     2.56     3.15
 20150805.140000     0.95     3.33   208.64     0.35     0.00     2.55     3.14
 20150805.150000     1.02     3.35   207.31     0.34     0.00     2.53     3.12
 20150805.160000     1.07     3.39   206.44     0.33     0.00     2.49     3.08
 20150805.170000     1.13     3.42   205.88     0.33     0.00     2.47     3.05
 20150805.180000     1.19     3.45   205.56     0.32     0.00     2.44     3.02
 20150805.190000     1.25     3.48   205.47     0.32     0.00     2.42     2.98
 20150805.200000     1.31     3.51   205.53     0.32     0.00     2.41     2.94
 20150805.210000     1.28     3.12   205.77     0.31     0.00     2.40     2.91
 20150805.220000     1.27     2.71   206.06     0.30     0.00     2.40     2.90
 20150805.230000     1.30     2.27   205.99     0.29     0.00     2.45     2.91
 20150806.000000     1.41     1.73   205.42     0.26     0.00     2.53     2.93
 20150806.010000     1.67     0.80   204.67     0.25     0.00     2.61     2.95
 20150806.020000     0.12    -1.47   203.66     0.24     0.00     2.67     2.97
 20150806.030000    -0.35    -1.90   202.88     0.23     0.00     2.69     2.99
 20150806.040000    -0.84    -2.22   203.49     0.22     0.00     2.61     3.00
 20150806.050000    -1.31    -2.50   197.75     0.25     0.00     2.39     3.02
 20150806.060000    -1.76    -2.75   186.85     0.25     0.00     2.40     3.03
 20150806.070000    -2.22    -2.98   114.95     0.26     0.00     2.32     3.03
 20150806.080000    -2.66    -3.20    64.74     0.29     0.00     2.22     1.98
 20150806.090000    -2.92    -2.72    61.72     0.30     0.00     2.21     2.18
 20150806.100000    -3.16    -2.17    63.99     0.30     0.00     2.20     2.38
 20150806.110000    -3.34    -1.51    66.05     0.30     0.00     2.18     2.44
 20150806.120000    -3.42    -0.76    68.83     0.30     0.00     2.20     2.53
 20150806.130000    -3.33     0.06    74.24     0.28     0.00     2.22     2.58
 20150806.140000    -3.03     0.91    79.71     0.27     0.00     2.25     2.62
 20150806.150000    -3.26     0.51    85.05     0.27     0.00     2.29     2.68
 20150806.160000    -3.42     0.07    86.49     0.27     0.00     2.34     2.73
 20150806.170000    -3.53    -0.37    85.26     0.28     0.00     2.42     2.78
 20150806.180000    -3.59    -0.82    82.65     0.30     0.00     2.51     2.83
 20150806.190000    -3.60    -1.26    80.23     0.33     0.00     2.64     2.99
 20150806.200000    -3.57    -1.68    78.63     0.36     0.00     2.80     3.19
 20150806.210000    -3.27    -2.67    76.95     0.41     0.00     2.96     3.68
 20150806.220000    -2.52    -3.73    74.61     0.47     0.00     3.11     3.97
 20150806.230000    -1.21    -4.62    72.22     0.53     0.00     3.28     4.20
 20150807.000000     0.58    -5.02    68.52     0.60     0.00     3.44     4.42
 20150807.010000     2.55    -4.68    63.69     0.66     0.00     3.57     4.63
 20150807.020000     4.26    -3.62    57.93     0.72     0.00     3.68     4.84
 20150807.030000     4.15    -3.71    51.84     0.78     0.01     3.79     5.02
 20150807.040000     4.02    -3.78    47.93     0.82     0.01     3.93     5.22
 20150807.050000     3.89    -3.85    46.29     0.85     0.01     4.07     5.41
 20150807.060000     3.77    -3.92    45.90     0.87     0.02     4.20     5.59
 20150807.070000     3.64    -3.99    46.10     0.89     0.02     4.31     5.81
 20150807.080000     3.49    -4.05    46.79     0.91     0.03     4.42     6.01
 20150807.090000     2.79    -4.25    48.26     0.93     0.04     4.53     6.21
 20150807.100000     1.95    -4.39    50.25     0.94     0.04     4.63     6.40
 20150807.110000     0.94    -4.44    52.49     0.95     0.05     4.72     6.51
 20150807.120000    -0.25    -4.26    55.02     0.96     0.06     4.83     6.59
 20150807.130000    -1.55    -3.69    58.05     0.96     0.07     4.93     6.66
 20150807.140000    -2.70    -2.55    61.14     0.97     0.08     5.07     6.72
 20150807.150000    -2.72    -3.04    63.28     0.98     0.09     5.19     6.78
 20150807.160000    -2.70    -3.52    64.68     1.02     0.11     5.30     6.84
 20150807.170000    -2.68    -3.97    65.64     1.07     0.13     5.41     6.93
 20150807.180000    -2.64    -4.41    66.28     1.12     0.16     5.52     7.01
 20150807.190000    -2.59    -4.84    66.66     1.18     0.19     5.62     7.07
 20150807.200000    -2.55    -5.26    66.90     1.25     0.23     5.73     7.14
 20150807.210000    -1.69    -5.76    66.76     1.31     0.27     5.82     7.23
 20150807.220000    -0.73    -6.12    66.15     1.38     0.31     5.89     7.42
 20150807.230000     0.31    -6.32    65.30     1.43     0.34     5.95     7.69
 20150808.000000     1.37    -6.34    64.06     1.46     0.37     6.00     7.92
 20150808.010000     2.44    -6.19    62.34     1.48     0.39     6.00     8.24
 20150808.020000     3.44    -5.87    60.36     1.49     0.40     5.98     8.52
 20150808.030000     5.02    -5.95    56.92     1.50     0.41     5.88     8.63
 20150808.040000     6.50    -5.87    50.58     1.53     0.41     5.69     8.72
 20150808.050000     7.91    -5.68    39.73     1.57     0.41     5.46     8.79
 20150808.060000     9.24    -5.42    20.70     1.63     0.40     5.24     8.37
 20150808.070000    10.51    -5.12   348.79     1.70     0.39     5.07     4.19
 20150808.080000    11.72    -4.79   314.51     1.78     0.38     4.96     4.37
 20150808.090000    12.86    -3.81   291.44     1.87     0.38     4.94     4.65
 20150808.100000    13.90    -2.78   277.70     1.98     0.38     4.98     4.95
 20150808.110000    14.83    -1.71   268.59     2.11     0.39     5.06     5.15
 20150808.120000    15.68    -0.63   261.93     2.24     0.39     5.18     5.42
 20150808.130000    16.43     0.46   256.57     2.38     0.38     5.30     5.59
 20150808.140000    17.13     1.55   251.85     2.53     0.36     5.41     5.77
 20150808.150000    17.44     0.77   249.58     2.63     0.33     5.49     5.97
 20150808.160000    17.71    -0.02   249.52     2.69     0.30     5.55     6.05
 20150808.170000    17.95    -0.81   250.27     2.75     0.26     5.59     6.11
 20150808.180000    18.16    -1.60   251.76     2.84     0.23     5.63     6.19
 20150808.190000    18.33    -2.39   252.96     2.93     0.21     5.70     6.31
 20150808.200000    18.47    -3.18   254.08     3.02     0.21     5.79     6.47
 20150808.210000    17.86    -2.19   253.76     3.07     0.23     5.89     6.58
 20150808.220000    17.20    -1.19   252.43     3.07     0.27     5.95     6.66
 20150808.230000    16.50    -0.17   250.71     3.04     0.30     5.97     6.73
 20150809.000000    15.73     0.84   248.65     2.99     0.33     5.96     6.79
 20150809.010000    14.88     1.86   246.10     2.92     0.35     5.94     6.84
 20150809.020000    13.95     2.88   242.95     2.83     0.35     5.90     6.88
 20150809.030000    13.82     3.30   239.84     2.76     0.36     5.86     6.89
 20150809.040000    13.66     3.73   237.58     2.73     0.36     5.83     6.86
 20150809.050000    13.49     4.15   235.67     2.71     0.37     5.81     6.83
 20150809.060000    13.31     4.57   233.87     2.70     0.38     5.81     6.80
 20150809.070000    13.12     4.98   232.10     2.70     0.40     5.81     6.80
 20150809.080000    12.91     5.39   230.40     2.70     0.42     5.82     6.80
 20150809.090000    11.97     5.75   228.31     2.65     0.43     5.82     6.84
 20150809.100000    11.00     6.09   225.15     2.57     0.44     5.81     6.96
 20150809.110000     9.99     6.42   220.84     2.47     0.42     5.81     7.06
 20150809.120000     8.92     6.71   217.42     2.38     0.40     5.76     7.15
 20150809.130000     7.79     6.98   213.82     2.29     0.37     5.73     7.24
 20150809.140000     6.60     7.19   210.27     2.19     0.34     5.70     7.31
 20150809.150000     6.31     7.03   207.81     2.11     0.30     5.66     7.30
 20150809.160000     6.02     6.87   206.13     2.04     0.27     5.61     7.27
 20150809.170000     5.73     6.72   204.98     1.97     0.23     5.54     7.21
 20150809.180000     5.43     6.55   204.25     1.91     0.20     5.46     7.15
 20150809.190000     5.14     6.39   203.53     1.85     0.17     5.38     7.08
 20150809.200000     4.85     6.23   202.78     1.79     0.14     5.30     7.01
 20150809.210000     4.94     7.29   202.42     1.76     0.12     5.21     6.88
 20150809.220000     5.02     8.33   202.16     1.76     0.10     5.13     6.67
 20150809.230000     5.08     9.36   201.90     1.81     0.09     5.11     6.41
 20150810.000000     5.13    10.36   201.62     1.91     0.08     5.17     6.16
 20150810.010000     5.17    11.35   201.20     2.06     0.07     5.30     6.12
 20150810.020000     5.22    12.33   200.81     2.26     0.07     5.46     6.17
 20150810.030000     5.25    11.79   200.71     2.38     0.08     5.60     6.33
 20150810.040000     5.29    11.26   200.94     2.41     0.09     5.67     6.48
 20150810.050000     5.32    10.72   201.22     2.38     0.10     5.67     6.54
 20150810.060000     5.35    10.17   201.45     2.33     0.10     5.64     6.57
 20150810.070000     5.38     9.61   201.65     2.27     0.10     5.59     6.57
 20150810.080000     5.40     9.05   201.79     2.19     0.09     5.52     6.57
 20150810.090000     5.09     8.62   201.70     2.11     0.09     5.45     6.57
 20150810.100000     4.76     8.18   201.52     2.02     0.08     5.37     6.56
 20150810.110000     4.44     7.74   201.28     1.93     0.07     5.30     6.56
 20150810.120000     4.11     7.31   200.95     1.84     0.06     5.24     6.55
 20150810.130000     3.79     6.86   200.60     1.74     0.05     5.19     6.53
 20150810.140000     3.46     6.42   200.31     1.66     0.05     5.13     6.51
 20150810.150000     3.35     6.42   199.97     1.58     0.04     5.06     6.47
 20150810.160000     3.22     6.41   199.72     1.52     0.04     4.98     6.43
 20150810.170000     3.10     6.41   199.49     1.47     0.03     4.89     6.37
 20150810.180000     2.98     6.39   199.17     1.43     0.03     4.80     6.27
 20150810.190000     2.86     6.39   198.78     1.39     0.03     4.72     6.15
 20150810.200000     2.73     6.37   198.38     1.36     0.03     4.63     6.05
 20150810.210000     2.68     6.52   197.99     1.33     0.03     4.56     5.96
 20150810.220000     2.64     6.67   197.65     1.31     0.03     4.49     5.88
 20150810.230000     2.59     6.82   197.35     1.28     0.03     4.42     5.80
 20150811.000000     2.53     6.97   197.10     1.27     0.03     4.37     5.66
 20150811.010000     2.49     7.12   196.89     1.25     0.04     4.33     5.51
 20150811.020000     2.43     7.26   196.69     1.25     0.04     4.29     5.39
 20150811.030000     2.26     7.39   196.47     1.24     0.04     4.27     5.29
 20150811.040000     2.08     7.52   196.22     1.24     0.05     4.26     5.20
 20150811.050000     1.90     7.64   195.93     1.24     0.05     4.25     5.14
 20150811.060000     1.72     7.76   195.62     1.24     0.05     4.25     5.11
 20150811.070000     1.53     7.87   195.28     1.25     0.06     4.26     5.09
 20150811.080000     1.35     7.97   194.88     1.25     0.06     4.28     5.08
 20150811.090000     1.93     7.46   194.99     1.25     0.07     4.30     5.11
 20150811.100000     2.53     6.89   195.35     1.25     0.08     4.32     5.15
 20150811.110000     3.11     6.24   195.81     1.24     0.08     4.33     5.21
 20150811.120000     3.67     5.48   196.43     1.23     0.09     4.35     5.28
 20150811.130000     4.18     4.61   197.37     1.20     0.09     4.39     5.35
 20150811.140000     4.59     3.63   198.53     1.18     0.09     4.45     5.42
 20150811.150000     4.36     3.98   199.28     1.17     0.10     4.50     5.49
 20150811.160000     4.09     4.32   199.69     1.17     0.10     4.54     5.55
 20150811.170000     3.81     4.63   199.79     1.17     0.10     4.57     5.59
 20150811.180000     3.51     4.93   199.68     1.18     0.10     4.59     5.64
 20150811.190000     3.18     5.20   199.42     1.18     0.10     4.61     5.68
 20150811.200000     2.84     5.44   198.91     1.19     0.10     4.64     5.71
 20150811.210000     3.12     5.31   198.53     1.19     0.10     4.65     5.75
 20150811.220000     3.39     5.17   198.26     1.19     0.10     4.66     5.77
 20150811.230000     3.65     5.00   198.04     1.19     0.09     4.66     5.79
 20150812.000000     3.91     4.83   197.88     1.19     0.09     4.66     5.80
 20150812.010000     4.15     4.64   197.77     1.19     0.08     4.65     5.81
 20150812.020000     4.39     4.44   197.72     1.19     0.08     4.64     5.81
 20150812.030000     4.10     4.26   197.53     1.18     0.07     4.62     5.80
 20150812.040000     3.83     4.07   197.30     1.17     0.07     4.61     5.80
 20150812.050000     3.54     3.88   197.05     1.16     0.06     4.59     5.80
 20150812.060000     3.26     3.69   196.73     1.14     0.06     4.57     5.79
 20150812.070000     2.97     3.49   195.45     1.12     0.05     4.59     5.78
 20150812.080000     2.69     3.30   194.14     1.08     0.05     4.63     5.77
 20150812.090000     2.83     3.71   193.03     1.05     0.05     4.63     5.76
 20150812.100000     2.97     4.11   192.39     1.04     0.04     4.60     5.74
 20150812.110000     3.10     4.51   192.08     1.03     0.04     4.56     5.69
 20150812.120000     3.24     4.91   192.01     1.03     0.04     4.50     5.63
 20150812.130000     3.38     5.30   192.14     1.03     0.03     4.45     5.56
 20150812.140000     3.52     5.70   192.47     1.04     0.03     4.40     5.48
 20150812.150000     3.62     5.55   192.79     1.04     0.03     4.38     5.41
 20150812.160000     3.72     5.39   193.10     1.04     0.02     4.36     5.37
 20150812.170000     3.82     5.23   193.43     1.03     0.02     4.35     5.35
 20150812.180000     3.91     5.06   193.77     1.03     0.02     4.32     5.32
 20150812.190000     4.01     4.89   194.13     1.02     0.02     4.29     5.30
 20150812.200000     4.10     4.72   194.51     1.01     0.02     4.26     5.28
 20150812.210000     4.24     4.69   194.99     0.99     0.02     4.22     5.25
 20150812.220000     4.37     4.66   195.53     0.98     0.01     4.18     5.22
 20150812.230000     4.51     4.62   196.09     0.97     0.01     4.14     5.17
 20150813.000000     4.64     4.58   196.67     0.96     0.01     4.11     5.13
 20150813.010000     4.78     4.54   197.25     0.96     0.01     4.07     5.09
 20150813.020000     4.91     4.50   197.79     0.95     0.01     4.04     5.06
 20150813.030000     5.04     4.37   198.32     0.94     0.01     4.01     5.03
 20150813.040000     5.16     4.23   198.85     0.94     0.01     3.99     5.01
 20150813.050000     5.29     4.09   199.29     0.94     0.01     3.97     4.99
 20150813.060000     5.41     3.94   199.71     0.93     0.01     3.97     4.98
 20150813.070000     5.53     3.80   200.06     0.93     0.01     3.96     4.97
 20150813.080000     5.64     3.64   200.37     0.94     0.01     3.97     4.97
 20150813.090000     5.52     4.04   200.52     0.94     0.01     3.98     4.98
 20150813.100000     5.39     4.43   200.51     0.95     0.00     4.00     4.99
 20150813.110000     5.24     4.81   200.37     0.97     0.00     4.03     5.01
 20150813.120000     5.07     5.17   200.13     0.98     0.00     4.06     5.03
 20150813.130000     4.88     5.52   199.83     1.00     0.00     4.10     5.05
 20150813.140000     4.69     5.85   199.52     1.02     0.00     4.14     5.07
 20150813.150000     5.15     5.69   199.68     1.05     0.00     4.18     5.08
 20150813.160000     5.60     5.50   200.34     1.07     0.00     4.22     5.08
 20150813.170000     6.03     5.29   201.42     1.10     0.00     4.26     5.09
 20150813.180000     6.44     5.07   202.70     1.13     0.00     4.30     5.10
 20150813.190000     6.84     4.84   204.16     1.16     0.00     4.35     5.12
 20150813.200000     7.22     4.58   205.92     1.20     0.00     4.40     5.15
 20150813.210000     6.85     4.64   206.97     1.22     0.00     4.44     5.22
 20150813.220000     6.48     4.70   207.49     1.23     0.00     4.47     5.34
 20150813.230000     6.09     4.75   207.86     1.22     0.01     4.48     5.41
 20150814.000000     5.70     4.80   208.28     1.21     0.01     4.47     5.45
 20150814.010000     5.30     4.83   208.76     1.18     0.01     4.44     5.47
 20150814.020000     4.89     4.86   209.20     1.15     0.00     4.39     5.47
 20150814.030000     4.93     4.73   209.77     1.12     0.00     4.33     5.46
 20150814.040000     4.97     4.59   210.41     1.09     0.00     4.26     5.44
 20150814.050000     5.01     4.45   210.97     1.07     0.00     4.20     5.41
 20150814.060000     5.05     4.31   211.47     1.05     0.00     4.13     5.38
 20150814.070000     5.07     4.17   211.86     1.03     0.00     4.07     5.33
 20150814.080000     5.11     4.02   212.16     1.01     0.00     4.02     5.28
 20150814.090000     5.55     3.77   212.61     1.00     0.00     3.98     5.23
 20150814.100000     5.97     3.49   213.09     1.00     0.00     3.96     5.14
 20150814.110000     6.36     3.18   213.48     1.00     0.00     3.97     5.07
 20150814.120000     6.73     2.87   213.72     1.02     0.00     4.02     5.05
 20150814.130000     7.07     2.54   213.77     1.06     0.00     4.11     5.08
 20150814.140000     7.39     2.21   213.61     1.12     0.00     4.26     5.17
 20150814.150000     7.13     2.39   212.59     1.20     0.01     4.47     5.40
 20150814.160000     6.86     2.57   211.50     1.27     0.01     4.69     5.58
 20150814.170000     6.58     2.75   210.97     1.32     0.02     4.85     5.75
 20150814.180000     6.29     2.93   211.00     1.34     0.02     4.95     5.95
 20150814.190000     5.99     3.10   211.42     1.35     0.02     4.99     6.03
 20150814.200000     5.67     3.27   212.01     1.33     0.02     4.96     6.06
 20150814.210000     5.65     3.48   212.75     1.30     0.02     4.88     6.06
 20150814.220000     5.62     3.70   213.41     1.26     0.01     4.78     6.05
 20150814.230000     5.58     3.92   213.94     1.22     0.01     4.67     6.01
 20150815.000000     5.55     4.12   214.34     1.19     0.01     4.55     5.97
 20150815.010000     5.51     4.33   214.64     1.15     0.01     4.44     5.91
 20150815.020000     5.46     4.53   214.86     1.12     0.01     4.34     5.84
 20150815.030000     5.42     4.21   215.03     1.09     0.01     4.26     5.76
 20150815.040000     5.37     3.87   215.23     1.06     0.01     4.19     5.59
 20150815.050000     5.32     3.53   215.42     1.04     0.01     4.12     5.49
 20150815.060000     5.26     3.18   215.59     1.01     0.01     4.06     5.42
 20150815.070000     5.18     2.83   215.71     0.99     0.00     4.01     5.36
 20150815.080000     5.10     2.47   215.75     0.97     0.00     3.97     5.31
 20150815.090000     5.05     2.96   215.76     0.95     0.00     3.92     5.27
 20150815.100000     4.96     3.44   215.67     0.94     0.00     3.89     5.21
 20150815.110000     4.85     3.90   215.44     0.94     0.00     3.86     5.08
 20150815.120000     4.71     4.35   215.11     0.94     0.00     3.85     4.99
 20150815.130000     4.54     4.78   214.71     0.94     0.00     3.84     4.93
 20150815.140000     4.36     5.19   214.26     0.94     0.00     3.84     4.88
 20150815.150000     4.28     5.02   213.99     0.94     0.00     3.84     4.85
 20150815.160000     4.21     4.84   213.93     0.94     0.00     3.85     4.83
 20150815.170000     4.13     4.68   213.98     0.94     0.00     3.85     4.84
 20150815.180000     4.05     4.50   214.09     0.93     0.00     3.84     4.86
 20150815.190000     3.97     4.33   214.22     0.93     0.00     3.84     4.90
 20150815.200000     3.89     4.15   214.34     0.92     0.00     3.83     4.92
 20150815.210000     4.18     4.31   214.51     0.91     0.00     3.81     4.94
 20150815.220000     4.46     4.45   214.67     0.92     0.00     3.79     4.93
 20150815.230000     4.74     4.60   214.80     0.92     0.00     3.78     4.92
 20150816.000000     5.02     4.75   214.93     0.92     0.00     3.78     4.90
 20150816.010000     5.31     4.89   215.07     0.93     0.00     3.79     4.87
 20150816.020000     5.58     5.04   215.23     0.95     0.00     3.80     4.80
 20150816.030000     6.09     4.83   215.65     0.97     0.00     3.83     4.66
 20150816.040000     6.56     4.60   216.31     1.00     0.00     3.86     4.60
 20150816.050000     7.03     4.34   217.13     1.03     0.00     3.91     4.60
 20150816.060000     7.47     4.08   218.13     1.06     0.00     3.96     4.62
 20150816.070000     7.89     3.80   219.24     1.09     0.00     4.02     4.66
 20150816.080000     8.29     3.50   220.42     1.13     0.00     4.08     4.73
 20150816.090000     7.83     3.88   220.52     1.15     0.00     4.15     4.85
 20150816.100000     7.32     4.24   219.95     1.16     0.00     4.19     4.94
 20150816.110000     6.79     4.60   219.20     1.15     0.00     4.21     5.00
 20150816.120000     6.21     4.93   218.40     1.14     0.00     4.22     5.08
 20150816.130000     5.60     5.23   217.70     1.12     0.00     4.21     5.20
 20150816.140000     4.94     5.50   217.04     1.10     0.00     4.21     5.31
 20150816.150000     4.87     5.26   216.91     1.08     0.00     4.18     5.36
 20150816.160000     4.80     5.02   217.11     1.07     0.00     4.16     5.39
 20150816.170000     4.72     4.79   217.44     1.05     0.00     4.12     5.40
 20150816.180000     4.65     4.56   217.79     1.03     0.00     4.08     5.40
 20150816.190000     4.57     4.31   218.15     1.01     0.00     4.03     5.39
 20150816.200000     4.50     4.07   218.42     0.98     0.00     3.99     5.38
 20150816.210000     4.50     3.86   218.67     0.96     0.00     3.94     5.35
 20150816.220000     4.50     3.65   218.91     0.95     0.00     3.89     5.32
 20150816.230000     4.49     3.44   219.14     0.93     0.00     3.85     5.28
 20150817.000000     4.48     3.22   219.36     0.91     0.00     3.81     5.25
 20150817.010000     4.47     2.99   219.55     0.90     0.00     3.77     5.10
 20150817.020000     4.45     2.76   219.72     0.88     0.00     3.74     4.98
 20150817.030000     4.66     2.67   219.90     0.87     0.00     3.71     4.90
 20150817.040000     4.87     2.58   220.06     0.86     0.00     3.69     4.84
 20150817.050000     5.07     2.49   220.15     0.86     0.00     3.68     4.77
 20150817.060000     5.26     2.39   220.20     0.86     0.00     3.67     4.71
 20150817.070000     5.45     2.30   220.22     0.86     0.00     3.67     4.68
 20150817.080000     5.64     2.20   220.23     0.87     0.00     3.67     4.68
 20150817.090000     5.48     2.50   219.97     0.87     0.00     3.68     4.70
 20150817.100000     5.32     2.80   219.61     0.88     0.00     3.70     4.74
 20150817.110000     5.14     3.09   219.24     0.88     0.00     3.71     4.78
 20150817.120000     4.93     3.38   218.90     0.88     0.00     3.72     4.82
 20150817.130000     4.71     3.65   218.61     0.88     0.00     3.72     4.85
 20150817.140000     4.47     3.91   218.33     0.88     0.00     3.73     4.87
 20150817.150000     4.72     3.81   218.27     0.88     0.00     3.72     4.88
 20150817.160000     4.96     3.71   218.30     0.88     0.00     3.71     4.87
 20150817.170000     5.19     3.60   218.36     0.88     0.00     3.70     4.84
 20150817.180000     5.42     3.48   218.49     0.88     0.00     3.68     4.81
 20150817.190000     5.64     3.37   218.69     0.88     0.00     3.66     4.78
 20150817.200000     5.85     3.24   218.96     0.88     0.00     3.65     4.73
 20150817.210000     5.60     3.11   218.94     0.87     0.00     3.63     4.67
 20150817.220000     5.35     2.98   218.93     0.85     0.00     3.60     4.64
 20150817.230000     5.09     2.84   219.07     0.84     0.00     3.56     4.61
 20150818.000000     4.83     2.71   219.35     0.82     0.00     3.51     4.56
 20150818.010000     4.57     2.57   219.58     0.80     0.00     3.48     4.51
 20150818.020000     4.32     2.44   218.53     0.76     0.00     3.50     4.48
 20150818.030000     4.14     2.11   218.61     0.72     0.00     3.51     4.46
 20150818.040000     3.96     1.78   218.37     0.69     0.00     3.50     4.44
 20150818.050000     3.76     1.43   218.07     0.66     0.00     3.49     4.43
 20150818.060000     3.55     1.08   217.69     0.64     0.00     3.47     4.41
 20150818.070000     3.32     0.73   217.19     0.62     0.00     3.45     4.41
 20150818.080000     3.07     0.37   216.46     0.60     0.00     3.44     4.42
 20150818.090000     2.69     0.42   214.87     0.58     0.00     3.51     4.43
 20150818.100000     2.31     0.48   213.00     0.56     0.00     3.61     4.44
 20150818.110000     1.92     0.54   211.38     0.54     0.00     3.68     4.47
 20150818.120000     1.52     0.60   210.21     0.52     0.00     3.77     4.49
 20150818.130000     1.09     0.66   209.51     0.51     0.00     3.84     4.52
 20150818.140000     0.59     0.68   209.04     0.50     0.00     3.89     4.54
 20150818.150000     0.52     0.74   208.74     0.49     0.00     3.94     4.56
 20150818.160000     0.46     0.80   208.58     0.49     0.00     3.97     4.58
 20150818.170000     0.38     0.85   208.49     0.48     0.00     3.99     4.60
 20150818.180000     0.29     0.89   208.44     0.48     0.00     4.00     4.61
 20150818.190000     0.21     0.92   208.45     0.47     0.00     4.01     4.62
 20150818.200000     0.12     0.95   208.50     0.47     0.00     4.03     4.62
 20150818.210000     0.09     0.86   208.57     0.47     0.00     4.03     4.63
 20150818.220000     0.05     0.77   208.65     0.46     0.00     4.03     4.63
 20150818.230000    -0.01     0.67   208.72     0.46     0.00     4.02     4.63
 20150819.000000    -0.09     0.55   208.78     0.46     0.00     4.02     4.63
 20150819.010000    -0.27     0.33   208.81     0.45     0.00     4.01     4.62
 20150819.020000    -0.15    -0.36   208.80     0.45     0.00     4.00     4.61
 20150819.030000    -0.34    -0.42   208.77     0.44     0.00     3.98     4.59
 20150819.040000    -0.53    -0.46   208.71     0.43     0.00     3.97     4.55
 20150819.050000    -0.72    -0.49   208.65     0.43     0.00     3.96     4.51
 20150819.060000    -0.92    -0.51   208.61     0.42     0.00     3.94     4.47
 20150819.070000    -1.12    -0.50   208.58     0.42     0.00     3.94     4.43
 20150819.080000    -1.31    -0.48   208.56     0.41     0.00     3.93     4.39
 20150819.090000    -1.52    -0.87   208.54     0.41     0.00     3.92     4.36
 20150819.100000    -1.70    -1.24   208.40     0.41     0.00     3.90     4.34
 20150819.110000    -1.88    -1.61   207.64     0.41     0.00     3.80     4.33
 20150819.120000    -2.03    -1.97   206.92     0.41     0.00     3.74     4.33
 20150819.130000    -2.18    -2.33   205.77     0.41     0.00     3.67     4.33
 20150819.140000    -2.33    -2.68   203.55     0.42     0.00     3.56     4.33
 20150819.150000    -2.46    -2.30   200.10     0.43     0.00     3.47     4.35
 20150819.160000    -2.59    -1.88   197.31     0.43     0.00     3.43     4.36
 20150819.170000    -2.67    -1.41   195.05     0.43     0.00     3.41     4.38
 20150819.180000    -2.71    -0.89   193.10     0.43     0.00     3.40     4.39
 20150819.190000    -2.66    -0.32   191.93     0.42     0.00     3.42     4.39
 20150819.200000    -2.49     0.27   191.82     0.42     0.00     3.46     4.38
 20150819.210000    -2.76    -0.40   191.01     0.41     0.00     3.48     4.35
 20150819.220000    -2.85    -1.13   189.15     0.41     0.00     3.46     4.27
 20150819.230000    -2.78    -1.85   185.99     0.41     0.00     3.42     4.20
 20150820.000000    -2.60    -2.53   180.45     0.42     0.00     3.36     4.16
 20150820.010000    -2.33    -3.14   169.93     0.43     0.00     3.29     4.13
 20150820.020000    -2.00    -3.69   148.31     0.44     0.00     3.22     4.12
 20150820.030000    -1.45    -4.05   115.17     0.46     0.00     3.16     4.09
 20150820.040000    -0.83    -4.34    88.06     0.47     0.00     3.13     3.98
 20150820.050000    -0.15    -4.53    68.93     0.48     0.00     3.10     3.79
 20150820.060000     0.54    -4.61    54.32     0.49     0.00     3.07     3.72
 20150820.070000     1.24    -4.59    43.34     0.51     0.00     3.06     3.74
 20150820.080000     1.92    -4.47    34.41     0.52     0.00     3.05     3.79
 20150820.090000     1.56    -4.04    31.89     0.52     0.00     3.08     3.88
 20150820.100000     1.17    -3.62    33.80     0.52     0.00     3.13     4.02
 20150820.110000     0.71    -3.18    38.02     0.52     0.00     3.19     4.15
 20150820.120000     0.12    -2.73    45.54     0.51     0.00     3.29     4.31
 20150820.130000    -0.87    -2.02    54.44     0.50     0.00     3.44     4.44
 20150820.140000    -1.41     0.87    62.17     0.50     0.00     3.60     4.55
 20150820.150000    -1.38     0.90    67.75     0.50     0.00     3.76     4.66
 20150820.160000    -1.32     0.96    71.55     0.50     0.00     3.91     4.75
 20150820.170000    -1.18     1.02    74.34     0.50     0.01     4.02     4.80
 20150820.180000    -0.85     1.06    76.18     0.51     0.01     4.13     4.83
 20150820.190000     0.16     0.74    77.35     0.51     0.01     4.20     4.86
 20150820.200000     1.63    -0.67    77.99     0.51     0.02     4.28     4.88
 20150820.210000     1.56    -0.73    78.26     0.52     0.03     4.36     4.90
 20150820.220000     1.48    -0.78    78.30     0.53     0.03     4.45     4.92
 20150820.230000     1.40    -0.84    78.21     0.54     0.05     4.55     4.96
 20150821.000000     1.31    -0.89    78.19     0.55     0.06     4.69     5.00
 20150821.010000     1.22    -0.94    78.44     0.57     0.09     4.88     5.06
 20150821.020000     1.13    -0.99    79.13     0.59     0.11     5.11     5.12
 20150821.030000     1.36    -1.29    80.30     0.62     0.15     5.40     5.20
 20150821.040000     1.61    -1.60    81.69     0.65     0.19     5.72     5.29
 20150821.050000     1.84    -1.90    82.63     0.70     0.24     5.98     5.37
 20150821.060000     2.09    -2.21    83.58     0.75     0.28     6.17     5.44
 20150821.070000     2.33    -2.51    84.76     0.79     0.31     6.41     5.51
 20150821.080000     2.56    -2.82    85.24     0.84     0.35     6.52     5.59
 20150821.090000     2.17    -2.58    86.13     0.88     0.37     6.61     6.38
 20150821.100000     1.76    -2.35    87.62     0.92     0.40     6.72     6.46
 20150821.110000     1.34    -2.11    89.35     0.95     0.42     6.87     6.70
 20150821.120000     0.91    -1.86    91.43     0.98     0.46     7.08     6.77
 20150821.130000     0.45    -1.57    93.80     1.00     0.49     7.36    13.37
 20150821.140000    -0.03    -1.20    96.10     1.04     0.54     7.69    15.21
 20150821.150000    -0.29    -1.39    98.21     1.07     0.59     8.03    15.31
 20150821.160000    -0.55    -1.54    99.96     1.12     0.64     8.34    15.33
 20150821.170000    -0.80    -1.68   101.27     1.16     0.68     8.60    15.30
 20150821.180000    -1.05    -1.79   102.07     1.22     0.72     8.76    15.23
 20150821.190000    -1.29    -1.90   102.31     1.28     0.76     8.84    15.13
 20150821.200000    -1.53    -2.00   102.03     1.33     0.79     8.81    15.02
 20150821.210000    -0.93    -2.72   101.32     1.39     0.80     8.71    14.90
 20150821.220000    -0.04    -3.24   100.41     1.45     0.82     8.59    14.81
 20150821.230000     0.99    -3.47    99.60     1.50     0.82     8.46    14.75
 20150822.000000     2.05    -3.40    99.08     1.54     0.83     8.36    14.70
 20150822.010000     3.03    -3.11    98.96     1.57     0.83     8.27    14.66
 20150822.020000     3.89    -2.66    99.34     1.59     0.83     8.17    14.62
 20150822.030000     3.88    -2.99   100.13     1.61     0.83     8.05    14.61
 20150822.040000     3.87    -3.30   101.13     1.63     0.83     7.95    14.60
 20150822.050000     3.84    -3.62   102.30     1.64     0.83     7.86    14.60
 20150822.060000     3.81    -3.93   103.43     1.65     0.83     7.80    14.60
 20150822.070000     3.77    -4.22   104.40     1.67     0.82     7.74    13.23
 20150822.080000     3.72    -4.52   105.08     1.68     0.82     7.67    13.18
 20150822.090000     3.68    -4.49   105.64     1.69     0.82     7.61    13.10
 20150822.100000     3.63    -4.45   106.15     1.70     0.81     7.55    13.00
 20150822.110000     3.60    -4.42   106.62     1.70     0.79     7.48    12.90
 20150822.120000     3.56    -4.39   107.17     1.69     0.78     7.40     7.77
 20150822.130000     3.51    -4.35   107.85     1.68     0.76     7.33     7.74
 20150822.140000     3.47    -4.32   108.69     1.67     0.74     7.25     7.59
 20150822.150000     3.55    -4.35   109.62     1.66     0.72     7.17     7.55
 20150822.160000     3.65    -4.37   110.60     1.65     0.70     7.08     7.03
 20150822.170000     3.73    -4.40   111.58     1.64     0.68     7.00     7.01
 20150822.180000     3.82    -4.43   112.44     1.63     0.66     6.92     6.99
 20150822.190000     3.91    -4.45   113.09     1.62     0.64     6.84     6.98
 20150822.200000     4.00    -4.48   113.49     1.61     0.61     6.76     7.00
 20150822.210000     4.02    -4.50   113.72     1.61     0.59     6.69     7.02
 20150822.220000     4.05    -4.51   113.91     1.60     0.57     6.63     7.07
 20150822.230000     4.07    -4.53   114.22     1.60     0.55     6.58     7.16
 20150823.000000     4.09    -4.55   114.91     1.60     0.53     6.53     7.31
 20150823.010000     4.12    -4.57   116.23     1.60     0.51     6.49     7.53
 20150823.020000     4.15    -4.59   118.35     1.59     0.49     6.46     7.70
 20150823.030000     4.37    -4.44   121.47     1.59     0.48     6.42     7.76
 20150823.040000     4.58    -4.28   125.60     1.58     0.46     6.38     7.81
 20150823.050000     4.78    -4.11   130.58     1.58     0.44     6.34     7.84
 20150823.060000     4.98    -3.94   136.18     1.57     0.42     6.30     7.85
 20150823.070000     5.16    -3.76   142.14     1.56     0.40     6.25     7.86
 20150823.080000     5.35    -3.58   148.19     1.55     0.39     6.21     7.86
 20150823.090000     5.14    -3.00   153.27     1.53     0.38     6.20     7.86
 20150823.100000     4.91    -2.40   156.76     1.51     0.37     6.19     7.85
 20150823.110000     4.64    -1.78   159.03     1.49     0.36     6.20     7.85
 20150823.120000     4.34    -1.14   160.40     1.47     0.35     6.22     7.85
 20150823.130000     3.97    -0.46   161.25     1.45     0.34     6.26     7.86
 20150823.140000     3.51     0.24   161.75     1.42     0.34     6.31     7.86
 20150823.150000     3.58     0.69   162.53     1.40     0.33     6.37     7.87
 20150823.160000     3.59     1.15   163.93     1.38     0.32     6.39     7.87
 20150823.170000     3.55     1.60   165.84     1.36     0.31     6.40     7.86
 20150823.180000     3.46     2.04   168.20     1.35     0.30     6.38     7.84
 20150823.190000     3.33     2.46   170.83     1.34     0.29     6.35     7.82
 20150823.200000     3.17     2.85   173.58     1.34     0.28     6.32     7.79
 20150823.210000     2.70     2.63   176.01     1.34     0.28     6.27     7.76
 20150823.220000     2.22     2.41   178.01     1.33     0.27     6.23     7.73
 20150823.230000     1.73     2.17   179.58     1.32     0.26     6.20     7.70
 20150824.000000     1.22     1.92   180.74     1.31     0.25     6.19     7.67
 20150824.010000     0.67     1.64   181.69     1.29     0.24     6.16     7.66
 20150824.020000     0.10     1.25   182.50     1.28     0.23     6.13     7.63
 20150824.030000     0.67     1.40   183.21     1.27     0.22     6.09     7.60
 20150824.040000     1.40     1.19   183.87     1.26     0.21     6.04     7.56
 20150824.050000     2.05     0.58   184.54     1.25     0.20     5.99     7.49
 20150824.060000     2.49    -0.31   185.21     1.24     0.20     5.94     7.40
 20150824.070000     2.64    -1.46   185.91     1.23     0.19     5.90     7.31
 20150824.080000     2.25    -2.66   186.66     1.22     0.18     5.86     7.24
 20150824.090000     2.39    -2.29   187.33     1.21     0.17     5.83     7.19
 20150824.100000     2.56    -1.81   187.89     1.19     0.17     5.81     7.15
 20150824.110000     2.73    -1.14   188.36     1.18     0.16     5.80     7.12
 20150824.120000     2.77    -0.12   188.75     1.16     0.16     5.80     7.10
 20150824.130000     2.24     1.33   189.08     1.14     0.16     5.80     7.09
 20150824.140000     0.39     2.40   189.37     1.13     0.15     5.79     7.08
 20150824.150000     1.09     2.51   189.57     1.11     0.15     5.79     7.07
 20150824.160000     1.79     2.46   189.67     1.10     0.15     5.80     7.07
 20150824.170000     2.44     2.29   189.82     1.09     0.15     5.79     7.06
 20150824.180000     3.03     2.03   190.08     1.08     0.14     5.78     7.05
 20150824.190000     3.56     1.71   190.48     1.07     0.14     5.75     7.04
 20150824.200000     4.03     1.37   191.11     1.06     0.14     5.71     7.03
 20150824.210000     3.95     1.14   191.60     1.06     0.14     5.66     7.01
 20150824.220000     3.86     0.89   191.89     1.05     0.13     5.63     6.99
 20150824.230000     3.76     0.65   192.11     1.04     0.13     5.60     6.97
 20150825.000000     3.64     0.40   192.26     1.03     0.13     5.58     6.94
 20150825.010000     3.51     0.15   192.39     1.02     0.12     5.55     6.90
 20150825.020000     3.36    -0.10   192.48     1.02     0.12     5.53     6.86
 20150825.030000     3.28    -0.58   192.57     1.01     0.12     5.50     6.83
 20150825.040000     3.11    -1.09   192.63     1.00     0.11     5.47     6.80
 20150825.050000     2.85    -1.59   192.72     0.99     0.11     5.44     6.76
 20150825.060000     2.49    -2.07   192.77     0.98     0.11     5.41     6.73
 20150825.070000     2.02    -2.49   192.78     0.97     0.10     5.40     6.70
 20150825.080000     1.46    -2.82   192.79     0.96     0.10     5.37     6.66
 20150825.090000     0.94    -3.00   192.78     0.95     0.10     5.35     6.63
 20150825.100000     0.29    -3.11   192.75     0.94     0.09     5.32     6.59
 20150825.110000    -0.48    -3.06   192.67     0.93     0.09     5.29     6.55
 20150825.120000    -1.32    -2.77   192.53     0.93     0.09     5.27     6.51
 20150825.130000    -2.11    -2.18   192.31     0.92     0.08     5.24     6.46
 20150825.140000    -2.70    -1.33   192.02     0.92     0.08     5.22     6.41
 20150825.150000    -2.38    -1.06   191.82     0.91     0.08     5.20     6.36
 20150825.160000    -2.04    -0.80   191.66     0.91     0.08     5.18     6.31
 20150825.170000    -1.70    -0.53   191.55     0.90     0.07     5.17     6.26
 20150825.180000    -1.36    -0.22   191.41     0.89     0.07     5.15     6.22
 20150825.190000    -0.96     0.14   191.25     0.89     0.07     5.13     6.19
 20150825.200000    -0.16     0.51   191.06     0.88     0.07     5.12     6.17
 20150825.210000    -0.50     0.48   190.89     0.87     0.07     5.10     6.15
 20150825.220000    -0.83     0.19   190.76     0.86     0.07     5.09     6.14
 20150825.230000    -0.97    -0.28   190.63     0.86     0.06     5.07     6.12
 20150826.000000    -0.92    -0.79   190.54     0.85     0.06     5.05     6.11
 20150826.010000    -0.77    -1.30   190.47     0.84     0.06     5.03     6.10
 20150826.020000    -0.71    -1.73   190.43     0.84     0.06     5.01     6.10
 20150826.030000    -0.77    -1.91   190.39     0.83     0.06     4.99     6.10
 20150826.040000    -0.82    -2.09   190.35     0.83     0.06     4.97     6.10
 20150826.050000    -0.87    -2.26   190.31     0.82     0.06     4.95     6.11
 20150826.060000    -0.92    -2.44   190.24     0.82     0.06     4.93     6.11
 20150826.070000    -0.97    -2.62   190.17     0.81     0.06     4.91     6.11
 20150826.080000    -1.03    -2.80   190.06     0.81     0.06     4.89     6.11
 20150826.090000    -1.66    -2.62   189.88     0.80     0.06     4.87     6.10
 20150826.100000    -2.39    -2.18   189.59     0.80     0.06     4.84     6.09
 20150826.110000    -3.07    -1.35   189.10     0.80     0.06     4.81     6.07
 20150826.120000    -3.48    -0.12   188.36     0.80     0.06     4.77     6.05
 20150826.130000    -3.34     1.35   187.46     0.80     0.06     4.74     6.04
 20150826.140000    -2.59     2.68   186.58     0.80     0.05     4.71     6.02
 20150826.150000    -2.28     2.38   186.13     0.80     0.05     4.69     6.01
 20150826.160000    -1.98     2.08   185.92     0.80     0.05     4.69     6.01
 20150826.170000    -1.67     1.77   185.86     0.80     0.05     4.70     6.01
 20150826.180000    -1.36     1.46   186.12     0.79     0.05     4.73     6.01
 20150826.190000    -1.06     1.15   186.15     0.79     0.05     4.75     6.02
 20150826.200000    -0.75     0.84   186.02     0.79     0.04     4.78     6.03
 20150826.210000    -0.68     0.98   185.85     0.79     0.04     4.80     6.06
 20150826.220000    -0.52     1.13   185.61     0.79     0.04     4.83     6.09
 20150826.230000    -0.22     1.27   185.31     0.80     0.04     4.86     6.14
 20150827.000000     0.31     1.32   184.95     0.80     0.04     4.90     6.20
 20150827.010000     1.18     0.90   184.54     0.81     0.04     4.94     6.29
 20150827.020000     1.47    -0.51   184.09     0.81     0.04     4.97     6.41
 20150827.030000     1.41    -0.99   183.60     0.82     0.04     5.01     6.55
 20150827.040000     1.20    -1.47   183.08     0.83     0.05     5.05     6.67
 20150827.050000     0.85    -1.88   182.54     0.84     0.05     5.09     6.77
 20150827.060000     0.43    -2.21   181.97     0.85     0.05     5.14     6.85
 20150827.070000    -0.05    -2.43   181.33     0.86     0.05     5.19     6.92
 20150827.080000    -0.54    -2.55   180.62     0.88     0.05     5.24     6.96
 20150827.090000    -1.18    -2.57   179.81     0.90     0.06     5.31     7.01
 20150827.100000    -1.82    -2.44   178.95     0.92     0.06     5.39     7.04
 20150827.110000    -2.43    -2.19   178.04     0.94     0.07     5.47     7.08
 20150827.120000    -2.96    -1.85   177.15     0.97     0.07     5.54     7.12
 20150827.130000    -3.42    -1.43   176.33     0.99     0.08     5.60     7.15
 20150827.140000    -3.80    -0.98   175.57     1.02     0.08     5.64     7.17
 20150827.150000    -3.50    -1.03   175.22     1.04     0.08     5.69     7.18
 20150827.160000    -3.19    -1.08   175.22     1.05     0.08     5.73     7.19
 20150827.170000    -2.88    -1.12   175.38     1.06     0.08     5.76     7.19
 20150827.180000    -2.56    -1.16   175.65     1.06     0.08     5.78     7.19
 20150827.190000    -2.22    -1.20   175.95     1.06     0.08     5.79     7.18
 20150827.200000    -1.88    -1.23   176.27     1.06     0.07     5.79     7.17
 20150827.210000    -1.60    -1.22   176.60     1.06     0.07     5.79     7.15
 20150827.220000    -1.32    -1.22   176.92     1.05     0.07     5.77     7.14
 20150827.230000    -0.98    -1.22   177.23     1.04     0.06     5.75     7.11
 20150828.000000    -0.58    -1.21   177.54     1.03     0.06     5.72     7.08
 20150828.010000    -0.02    -1.11   177.85     1.02     0.05     5.68     7.04
 20150828.020000     0.60    -0.60   178.15     1.01     0.05     5.63     6.99
 20150828.030000     0.53    -0.83   178.44     0.99     0.04     5.57     6.92
 20150828.040000     0.44    -1.04   178.72     0.98     0.04     5.50     6.84
 20150828.050000     0.32    -1.24   178.98     0.96     0.03     5.43     6.77
 20150828.060000     0.20    -1.41   179.23     0.94     0.03     5.35     6.70
 20150828.070000     0.07    -1.58   179.46     0.92     0.03     5.27     6.64
 20150828.080000    -0.06    -1.72   179.68     0.91     0.02     5.20     6.58
 20150828.090000     0.62    -2.17   179.88     0.89     0.02     5.12     6.52
 20150828.100000     1.74    -2.17   180.10     0.87     0.02     5.04     6.46
 20150828.110000     3.04    -1.38   180.52     0.86     0.02     4.96     6.39
 20150828.120000     3.94     0.34   181.53     0.86     0.01     4.86     6.32
 20150828.130000     3.83     2.54   183.27     0.87     0.01     4.71     6.21
 20150828.140000     2.75     4.41   184.66     0.88     0.01     4.55     6.11
 20150828.150000     3.06     4.61   185.40     0.92     0.01     4.47     6.00
 20150828.160000     3.37     4.81   185.78     0.96     0.01     4.46     5.88
 20150828.170000     3.69     5.01   185.99     1.01     0.01     4.51     5.79
 20150828.180000     3.99     5.20   186.19     1.06     0.01     4.59     5.75
 20150828.190000     4.30     5.39   186.52     1.12     0.01     4.68     5.73
 20150828.200000     4.61     5.58   187.22     1.17     0.01     4.74     5.75
 20150828.210000     4.64     5.67   187.82     1.21     0.01     4.79     5.77
 20150828.220000     4.67     5.75   188.46     1.25     0.01     4.83     5.81
 20150828.230000     4.71     5.83   189.04     1.27     0.01     4.86     5.84
 20150829.000000     4.74     5.91   189.58     1.29     0.01     4.89     5.87
 20150829.010000     4.77     5.99   190.01     1.31     0.01     4.91     5.88
 20150829.020000     4.81     6.07   190.26     1.33     0.01     4.94     5.90
 20150829.030000     4.83     5.50   190.11     1.34     0.02     4.99     5.94
 20150829.040000     4.85     4.91   189.80     1.35     0.02     5.05     5.99
 20150829.050000     4.84     4.30   189.48     1.35     0.02     5.12     6.05
 20150829.060000     4.82     3.65   189.29     1.35     0.02     5.18     6.10
 20150829.070000     4.77     2.99   189.25     1.34     0.03     5.24     6.14
 20150829.080000     4.68     2.29   189.35     1.33     0.03     5.29     6.19
 20150829.090000     4.76     2.81   189.86     1.33     0.03     5.31     6.23
 20150829.100000     4.82     3.31   190.67     1.32     0.03     5.30     6.28
 20150829.110000     4.85     3.80   191.56     1.32     0.03     5.28     6.32
 20150829.120000     4.87     4.28   192.42     1.33     0.03     5.27     6.35
 20150829.130000     4.88     4.75   193.19     1.34     0.03     5.25     6.37
 20150829.140000     4.86     5.20   193.84     1.36     0.03     5.23     6.37
 20150829.150000     4.76     5.46   194.32     1.37     0.03     5.22     6.36
 20150829.160000     4.66     5.72   194.71     1.39     0.03     5.21     6.33
 20150829.170000     4.55     5.97   195.09     1.40     0.03     5.20     6.29
 20150829.180000     4.44     6.21   195.48     1.40     0.03     5.18     6.24
 20150829.190000     4.32     6.45   195.92     1.41     0.03     5.14     6.20
 20150829.200000     4.19     6.69   196.61     1.43     0.03     5.07     6.15
 20150829.210000     4.49     6.82   197.26     1.43     0.02     5.02     6.11
 20150829.220000     4.79     6.96   198.01     1.45     0.02     4.99     6.07
 20150829.230000     5.08     7.09   198.78     1.46     0.02     4.97     6.03
 20150830.000000     5.38     7.21   199.61     1.48     0.02     4.97     5.98
 20150830.010000     5.67     7.34   200.45     1.51     0.02     4.97     5.95
 20150830.020000     5.97     7.46   201.34     1.55     0.02     4.97     5.92
 20150830.030000     5.78     7.03   201.78     1.56     0.02     5.00     5.93
 20150830.040000     5.60     6.60   201.79     1.54     0.02     5.02     5.97
 20150830.050000     5.41     6.18   201.59     1.52     0.02     5.02     6.01
 20150830.060000     5.23     5.74   201.23     1.49     0.02     5.01     6.04
 20150830.070000     5.04     5.31   200.84     1.46     0.02     5.00     6.07
 20150830.080000     4.85     4.87   200.46     1.44     0.03     4.99     6.09
 20150830.090000     5.06     4.58   200.31     1.42     0.03     4.98     6.11
 20150830.100000     5.26     4.26   200.33     1.40     0.03     4.96     6.13
 20150830.110000     5.45     3.93   200.38     1.40     0.03     4.94     6.14
 20150830.120000     5.62     3.59   200.49     1.39     0.03     4.94     6.14
 20150830.130000     5.77     3.24   200.67     1.39     0.03     4.93     6.14
 20150830.140000     5.90     2.87   200.94     1.39     0.03     4.93     6.13
 20150830.150000     5.26     2.34   200.74     1.38     0.02     4.95     6.13
 20150830.160000     4.61     1.82   200.16     1.34     0.02     5.00     6.12
 20150830.170000     3.94     1.28   199.60     1.30     0.02     5.05     6.13
 20150830.180000     3.26     0.72   198.82     1.25     0.02     5.12     6.13
 20150830.190000     2.52     0.14   198.06     1.20     0.02     5.16     6.12
 20150830.200000     1.64    -0.45   197.45     1.16     0.02     5.19     6.11
 20150830.210000     1.58    -1.34   197.01     1.11     0.02     5.21     6.09
 20150830.220000     1.10    -2.18   196.66     1.08     0.02     5.19     6.08
 20150830.230000     0.34    -2.84   196.33     1.05     0.02     5.16     6.06
 20150831.000000    -0.57    -3.28   195.81     1.03     0.02     5.11     6.04
 20150831.010000    -1.56    -3.49   194.83     1.02     0.02     5.04     6.03
 20150831.020000    -2.54    -3.45   192.99     1.01     0.02     4.96     6.00
 20150831.030000    -2.42    -3.12   190.62     1.00     0.02     4.90     5.98
 20150831.040000    -2.30    -2.78   188.44     0.99     0.02     4.87     5.95
 20150831.050000    -2.17    -2.45   186.50     0.98     0.02     4.85     5.92
 20150831.060000    -2.05    -2.11   185.00     0.97     0.02     4.84     5.89
 20150831.070000    -1.92    -1.76   184.00     0.95     0.02     4.83     5.86
 20150831.080000    -1.78    -1.40   183.59     0.93     0.02     4.83     5.83
 20150831.090000    -1.60    -1.32   183.82     0.91     0.02     4.84     5.80
 20150831.100000    -1.43    -1.25   184.20     0.89     0.02     4.87     5.77
 20150831.110000    -1.26    -1.18   184.92     0.87     0.02     4.89     5.72
 20150831.120000    -1.08    -1.10   185.68     0.84     0.02     4.90     5.68
 20150831.130000    -0.90    -1.02   186.43     0.82     0.02     4.93     5.64
 20150831.140000    -0.72    -0.93   187.10     0.80     0.02     4.96     5.61
 20150831.150000    -1.51    -0.65   187.62     0.79     0.02     4.97     5.59
 20150831.160000    -2.10    -0.03   187.91     0.78     0.02     4.97     5.57
 20150831.170000    -2.47     0.69   187.74     0.77     0.02     4.95     5.55
 20150831.180000    -2.68     1.40   187.09     0.77     0.02     4.92     5.55
 20150831.190000    -2.79     2.08   186.22     0.78     0.02     4.88     5.57
 20150831.200000    -2.84     2.73   185.04     0.79     0.02     4.81     5.60
 20150831.210000    -2.35     2.80   184.35     0.80     0.02     4.78     5.63
 20150831.220000    -1.77     2.88   183.96     0.80     0.02     4.77     5.67
 20150831.230000    -1.06     2.91   183.74     0.81     0.02     4.78     5.70
 20150901.000000    -0.15     2.81   183.68     0.81     0.02     4.79     5.72
 20150901.010000     0.96     2.36   183.81     0.81     0.02     4.82     5.73
 20150901.020000     1.94     1.19   183.99     0.81     0.02     4.84     5.74
 20150901.030000     1.90     1.93   184.26     0.80     0.02     4.84     5.75
 20150901.040000     1.72     2.61   184.65     0.81     0.02     4.83     5.75
 20150901.050000     1.49     3.23   185.17     0.82     0.01     4.80     5.74
 20150901.060000     1.22     3.80   185.69     0.82     0.01     4.75     5.74
 20150901.070000     0.93     4.31   186.15     0.83     0.01     4.66     5.73
 20150901.080000     0.63     4.79   186.35     0.85     0.01     4.56     5.70
