  Time              windx     windy     DIR    HS      HSWEll     TMM10     TPS
 20070301.080000    -7.25    -6.53    67.73     1.54     0.05     4.73     5.48
 20070301.110000    -5.77    -5.25    69.89     1.38     0.05     4.59     5.62
 20070301.140000    -4.28    -3.97    75.75     1.16     0.06     4.54     5.74
 20070301.170000    -4.61    -4.40    80.63     1.07     0.06     4.41     5.85
 20070301.200000    -4.94    -4.82    82.14     1.04     0.05     4.23     5.37
 20070301.230000    -4.69    -4.30    82.09     0.98     0.04     4.05     4.96
 20070302.020000    -4.43    -3.77    80.51     0.91     0.03     3.87     4.81
 20070302.050000    -4.55    -4.64    76.42     0.88     0.03     3.73     4.54
 20070302.080000    -4.68    -5.52    72.20     0.89     0.04     3.73     4.44
 20070302.110000    -4.63    -4.20    73.02     0.90     0.05     3.81     4.66
 20070302.140000    -4.59    -2.89    74.13     0.88     0.05     3.84     4.74
 20070302.170000    -4.21    -2.62    77.21     0.84     0.05     3.91     4.78
 20070302.200000    -3.85    -2.35    78.68     0.80     0.04     3.91     4.80
 20070302.230000    -3.68    -2.51    80.23     0.76     0.04     3.86     4.81
 20070303.020000    -3.51    -2.67    81.42     0.74     0.03     3.80     4.82
 20070303.050000    -3.42    -3.07    82.53     0.73     0.03     3.73     4.81
 20070303.080000    -3.34    -3.48    83.55     0.72     0.03     3.68     4.77
 20070303.110000    -2.95    -2.18    86.64     0.70     0.03     3.67     4.63
 20070303.140000    -2.56    -0.89    96.05     0.63     0.03     3.92     4.64
 20070303.170000    -2.70    -0.08   103.45     0.60     0.03     4.08     4.69
 20070303.200000    -2.84     0.73   109.64     0.59     0.03     4.10     4.71
 20070303.230000    -2.78     0.61   115.07     0.59     0.03     4.11     4.73
 20070304.020000    -2.72     0.49   119.53     0.60     0.03     4.12     4.72
 20070304.050000    -1.40     1.91   124.72     0.59     0.03     4.16     4.69
 20070304.080000    -0.08     3.33   132.70     0.58     0.03     4.16     4.65
 20070304.110000     0.83     2.06   138.25     0.58     0.03     4.18     4.62
 20070304.140000     1.73     0.80   141.57     0.57     0.03     4.27     4.63
 20070304.170000     1.27     1.22   142.51     0.58     0.03     4.44     4.72
 20070304.200000     0.81     1.64   141.53     0.60     0.03     4.60     4.91
 20070304.230000     1.45    -1.00   140.25     0.61     0.02     4.74     5.18
 20070305.020000     2.09    -3.64   140.70     0.64     0.02     4.58     5.38
 20070305.050000    -0.70    -5.56   123.78     0.77     0.02     3.87     5.50
 20070305.080000    -3.48    -7.47    59.99     0.91     0.02     3.66     3.38
 20070305.110000    -6.37    -7.39    60.93     1.16     0.02     3.96     4.41
 20070305.140000    -9.26    -7.31    68.47     1.66     0.02     4.69     5.34
 20070305.170000   -10.30    -7.55    67.14     2.16     0.05     5.36     6.05
 20070305.200000   -11.34    -7.78    65.43     2.58     0.17     5.85     6.61
 20070305.230000    -9.99    -8.66    63.65     2.73     0.36     6.13     7.08
 20070306.020000    -8.64    -9.53    61.85     2.65     0.40     6.09     7.07
 20070306.050000    -8.84   -10.24    60.60     2.66     0.37     6.03     6.85
 20070306.080000    -9.03   -10.95    59.70     2.81     0.42     6.17     7.04
 20070306.110000    -9.11    -9.70    60.06     2.83     0.51     6.27     7.24
 20070306.140000    -9.19    -8.46    60.84     2.68     0.49     6.12     6.99
 20070306.170000    -8.93   -10.16    60.10     2.65     0.38     5.95     6.75
 20070306.200000    -8.67   -11.87    58.30     2.74     0.32     5.99     6.80
 20070306.230000    -8.06    -9.62    58.27     2.57     0.30     5.85     6.87
 20070307.020000    -7.45    -7.38    60.22     2.16     0.24     5.49     6.55
 20070307.050000    -7.22    -8.93    60.04     2.01     0.18     5.21     6.06
 20070307.080000    -6.99   -10.47    58.43     2.11     0.15     5.29     6.11
 20070307.110000    -6.45    -8.41    59.19     2.01     0.15     5.27     6.29
 20070307.140000    -5.91    -6.35    61.91     1.69     0.14     5.04     6.18
 20070307.170000    -7.45    -7.62    61.82     1.64     0.10     4.79     5.47
 20070307.200000    -8.97    -8.89    61.76     1.98     0.08     5.13     5.76
 20070307.230000    -9.38    -8.33    62.35     2.29     0.10     5.53     6.33
 20070308.020000    -9.78    -7.76    62.59     2.40     0.17     5.71     6.61
 20070308.050000    -8.29    -7.84    62.18     2.29     0.18     5.62     6.65
 20070308.080000    -6.79    -7.90    61.32     2.01     0.14     5.30     6.37
 20070308.110000    -6.95    -7.53    60.92     1.81     0.10     5.02     6.01
 20070308.140000    -7.10    -7.15    60.61     1.70     0.07     4.81     5.70
 20070308.170000    -6.72    -7.32    60.06     1.62     0.04     4.61     5.49
 20070308.200000    -6.34    -7.48    59.75     1.57     0.03     4.52     5.44
 20070308.230000    -6.15    -7.15    60.33     1.55     0.02     4.54     5.54
 20070309.020000    -5.97    -6.81    60.79     1.48     0.02     4.56     5.62
 20070309.050000    -5.53    -6.75    60.32     1.39     0.02     4.44     5.49
 20070309.080000    -5.09    -6.69    59.76     1.31     0.02     4.30     5.32
 20070309.110000    -6.05    -6.58    59.63     1.30     0.01     4.22     5.09
 20070309.140000    -7.00    -6.46    61.08     1.36     0.01     4.32     5.08
 20070309.170000    -7.10    -6.33    62.92     1.41     0.01     4.46     5.31
 20070309.200000    -7.20    -6.20    63.05     1.42     0.01     4.47     5.36
 20070309.230000    -6.86    -5.97    62.58     1.38     0.01     4.40     5.33
 20070310.020000    -6.53    -5.75    62.04     1.32     0.01     4.27     5.20
 20070310.050000    -5.98    -4.20    64.69     1.15     0.01     4.14     5.21
 20070310.080000    -5.44    -2.66    68.47     0.97     0.01     3.94     5.10
 20070310.110000    -3.20    -1.67    73.52     0.79     0.01     3.88     4.99
 20070310.140000    -0.94    -0.68    79.97     0.63     0.01     4.08     4.89
 20070310.170000    -1.45    -1.17    85.98     0.55     0.01     4.19     4.80
 20070310.200000    -1.96    -1.66    90.61     0.51     0.01     4.15     4.70
 20070310.230000    -1.08    -2.68    93.11     0.49     0.00     4.03     4.66
 20070311.020000    -0.22    -3.70    90.63     0.49     0.00     3.79     4.62
 20070311.050000    -4.39    -5.77    66.66     0.68     0.00     3.19     3.31
 20070311.080000    -8.55    -7.85    65.75     1.26     0.00     3.95     4.42
 20070311.110000    -8.25    -7.76    65.64     1.81     0.02     4.93     5.59
 20070311.140000    -7.94    -7.67    63.17     1.98     0.08     5.26     6.12
 20070311.170000    -9.06    -8.08    61.87     2.15     0.13     5.47     6.31
 20070311.200000   -10.17    -8.48    61.71     2.42     0.17     5.75     6.59
 20070311.230000   -10.58    -8.11    61.91     2.59     0.24     5.92     6.78
 20070312.020000   -11.00    -7.73    62.05     2.67     0.28     5.97     6.84
 20070312.050000    -9.66    -7.67    62.08     2.52     0.26     5.84     6.78
 20070312.080000    -8.33    -7.61    62.54     2.25     0.20     5.49     6.53
 20070312.110000    -6.93    -5.61    66.25     1.82     0.16     5.18     6.29
 20070312.140000    -5.52    -3.60    71.78     1.44     0.12     4.97     6.21
 20070312.170000    -6.00    -4.16    75.06     1.27     0.09     4.69     6.20
 20070312.200000    -6.49    -4.73    75.69     1.21     0.06     4.44     5.45
 20070312.230000    -5.68    -4.64    76.55     1.15     0.05     4.32     5.39
 20070313.020000    -4.88    -4.55    76.24     1.08     0.03     4.14     5.27
 20070313.050000    -4.56    -4.54    73.94     0.99     0.03     3.98     5.06
 20070313.080000    -4.24    -4.52    70.99     0.91     0.02     3.82     4.86
 20070313.110000    -4.85    -3.65    70.22     0.85     0.01     3.68     4.65
 20070313.140000    -5.46    -2.77    72.00     0.82     0.01     3.58     4.49
 20070313.170000    -5.10    -2.02    76.03     0.77     0.01     3.55     4.44
 20070313.200000    -4.73    -1.28    79.30     0.72     0.01     3.50     4.39
 20070313.230000    -5.15    -2.34    80.07     0.71     0.01     3.42     4.22
 20070314.020000    -5.57    -3.40    78.18     0.73     0.01     3.41     4.04
 20070314.050000    -5.11    -4.86    73.84     0.78     0.00     3.49     4.08
 20070314.080000    -4.66    -6.31    66.58     0.86     0.00     3.59     4.20
 20070314.110000    -4.67    -3.32    67.63     0.82     0.00     3.66     4.56
 20070314.140000    -4.69    -0.34    72.85     0.73     0.00     3.64     4.67
 20070314.170000    -3.76    -1.42    78.24     0.66     0.00     3.59     4.73
 20070314.200000    -2.84    -2.49    82.68     0.63     0.00     3.57     4.74
 20070314.230000    -2.75    -1.19    87.94     0.60     0.01     3.68     4.71
 20070315.020000    -2.66     0.10    94.73     0.56     0.01     3.86     4.74
 20070315.050000    -1.07     0.16   100.67     0.54     0.01     4.06     4.95
 20070315.080000     0.52     0.23   105.09     0.51     0.01     4.21     5.24
 20070315.110000     1.01     1.69   109.93     0.50     0.01     4.27     5.25
 20070315.140000     1.50     3.16   120.85     0.50     0.01     4.07     5.21
 20070315.170000     1.22     3.38   134.53     0.52     0.01     3.84     5.06
 20070315.200000     0.93     3.60   146.26     0.53     0.01     3.73     4.99
 20070315.230000     1.12     2.48   154.44     0.52     0.01     3.70     4.93
 20070316.020000     1.32     1.36   157.77     0.49     0.01     3.77     4.89
 20070316.050000    -0.09     0.78   157.77     0.46     0.01     4.00     4.86
 20070316.080000    -1.49     0.19   158.48     0.44     0.01     4.13     4.88
 20070316.110000    -3.03    -1.04   153.25     0.45     0.01     3.98     4.92
 20070316.140000    -4.55    -2.27   123.78     0.56     0.01     3.37     5.03
 20070316.170000    -5.52    -2.83   101.60     0.69     0.01     3.40     3.73
 20070316.200000    -6.49    -3.38    87.95     0.84     0.02     3.67     4.14
 20070316.230000    -7.51    -5.04    76.35     1.11     0.02     4.05     4.57
 20070317.020000    -8.53    -6.69    68.88     1.52     0.02     4.56     5.15
 20070317.050000    -8.08    -7.36    65.44     1.77     0.04     4.97     5.71
 20070317.080000    -7.63    -8.03    62.84     1.87     0.06     5.15     6.00
 20070317.110000    -8.81    -7.68    62.07     2.01     0.09     5.33     6.13
 20070317.140000    -9.99    -7.32    62.90     2.22     0.14     5.58     6.37
 20070317.170000    -9.76    -8.18    62.84     2.42     0.19     5.74     6.63
 20070317.200000    -9.51    -9.03    61.86     2.55     0.26     5.90     6.78
 20070317.230000    -9.04    -8.31    61.71     2.50     0.30     5.90     6.85
 20070318.020000    -8.58    -7.60    62.12     2.29     0.28     5.63     6.56
 20070318.050000    -7.96    -8.58    61.90     2.15     0.22     5.37     6.16
 20070318.080000    -7.35    -9.56    61.12     2.12     0.17     5.27     6.10
 20070318.110000    -7.62    -7.67    62.19     2.01     0.13     5.15     6.10
 20070318.140000    -7.90    -5.78    65.42     1.80     0.12     5.01     5.98
 20070318.170000    -7.84    -6.68    66.08     1.74     0.11     4.92     5.73
 20070318.200000    -7.79    -7.57    65.35     1.79     0.08     4.98     5.80
 20070318.230000    -7.17    -6.40    65.89     1.74     0.07     4.96     5.96
 20070319.020000    -6.55    -5.23    66.94     1.55     0.07     4.79     5.96
 20070319.050000    -5.08    -7.88    63.83     1.45     0.05     4.61     5.53
 20070319.080000    -3.61   -10.52    56.29     1.56     0.04     4.59     5.40
 20070319.110000    -3.38    -9.19    53.35     1.57     0.03     4.66     5.61
 20070319.140000    -3.14    -7.85    52.49     1.38     0.02     4.45     5.61
 20070319.170000    -5.28    -7.84    51.84     1.29     0.02     4.23     5.09
 20070319.200000    -7.41    -7.82    56.71     1.47     0.01     4.46     5.11
 20070319.230000    -7.06    -8.51    59.82     1.71     0.02     4.89     5.61
 20070320.020000    -6.69    -9.20    59.13     1.84     0.05     5.14     5.98
 20070320.050000    -4.39    -9.51    57.70     1.81     0.08     5.16     6.13
 20070320.080000    -2.09    -9.81    54.60     1.70     0.09     5.01     6.15
 20070320.110000    -4.04    -8.36    53.92     1.61     0.07     4.85     6.05
 20070320.140000    -5.99    -6.91    56.73     1.52     0.06     4.71     5.79
 20070320.170000    -6.96    -6.05    60.65     1.49     0.05     4.65     5.49
 20070320.200000    -7.94    -5.17    63.89     1.52     0.05     4.69     5.47
 20070320.230000    -7.80    -5.80    65.17     1.58     0.05     4.80     5.62
 20070321.020000    -7.66    -6.42    64.84     1.63     0.05     4.86     5.73
 20070321.050000    -6.95    -8.16    62.75     1.68     0.04     4.89     5.72
 20070321.080000    -6.24    -9.90    58.73     1.82     0.04     4.97     5.84
 20070321.110000    -6.40    -8.00    58.34     1.79     0.05     5.01     5.98
 20070321.140000    -6.56    -6.08    61.09     1.58     0.05     4.81     5.94
 20070321.170000    -6.14    -5.15    64.26     1.36     0.04     4.54     5.79
 20070321.200000    -5.73    -4.20    67.08     1.20     0.03     4.31     5.50
 20070321.230000    -5.71    -5.12    68.09     1.10     0.03     4.10     5.20
 20070322.020000    -5.69    -6.03    67.75     1.09     0.03     4.01     4.76
 20070322.050000    -5.56    -6.23    68.16     1.10     0.03     4.04     4.79
 20070322.080000    -5.42    -6.42    68.24     1.11     0.04     4.04     4.87
 20070322.110000    -5.95    -4.95    69.91     1.07     0.05     3.97     4.85
 20070322.140000    -6.48    -3.48    72.68     1.03     0.04     3.88     4.75
 20070322.170000    -7.32    -4.26    74.71     1.07     0.04     3.93     4.57
 20070322.200000    -8.14    -5.03    75.81     1.22     0.03     4.18     4.77
 20070322.230000    -6.63    -4.34    77.16     1.21     0.03     4.28     5.07
 20070323.020000    -5.12    -3.66    75.67     1.06     0.02     4.12     5.13
 20070323.050000    -5.82    -4.87    73.63     1.01     0.03     4.02     5.06
 20070323.080000    -6.53    -6.10    75.06     1.14     0.05     4.20     4.61
 20070323.110000    -6.36    -4.14    87.14     1.22     0.08     4.56     5.33
 20070323.140000    -6.19    -2.18   100.16     1.23     0.11     4.80     5.65
 20070323.170000    -5.53    -1.58   109.00     1.22     0.13     4.90     5.96
 20070323.200000    -4.86    -0.99   116.19     1.15     0.11     4.92     6.56
 20070323.230000    -3.51     1.12   124.34     1.04     0.08     4.96     6.57
 20070324.020000    -2.17     3.22   130.57     0.95     0.05     4.89     6.40
 20070324.050000    -1.80     2.51   134.47     0.90     0.03     4.77     6.09
 20070324.080000    -1.44     1.81   136.84     0.86     0.02     4.74     5.90
 20070324.110000    -1.09     1.85   137.95     0.82     0.02     4.79     5.76
 20070324.140000    -0.74     1.90   138.82     0.79     0.01     4.76     5.61
 20070324.170000     0.70     1.47   140.02     0.75     0.01     4.71     5.53
 20070324.200000     2.14     1.05   141.71     0.69     0.01     4.67     5.46
 20070324.230000     2.44     0.11   144.68     0.64     0.01     4.59     5.39
 20070325.020000     2.73    -0.83   149.42     0.61     0.00     4.45     5.31
 20070325.050000     2.37    -0.14   154.81     0.58     0.00     4.33     5.20
 20070325.080000     2.02     0.56   159.48     0.56     0.00     4.27     5.08
 20070325.110000    -0.33    -0.30   162.05     0.53     0.00     4.30     5.00
 20070325.140000    -2.66    -1.16   162.16     0.50     0.00     4.21     4.94
 20070325.170000    -4.18    -2.45   138.15     0.57     0.00     3.56     4.89
 20070325.200000    -5.70    -3.75    97.61     0.70     0.00     3.29     3.34
 20070325.230000    -6.34    -4.22    81.52     0.80     0.00     3.46     3.83
 20070326.020000    -6.98    -4.69    73.70     0.94     0.00     3.67     4.15
 20070326.050000    -6.79    -4.67    69.50     1.02     0.00     3.86     4.48
 20070326.080000    -6.62    -4.65    66.98     1.04     0.00     3.92     4.57
 20070326.110000    -5.29    -2.68    67.97     0.93     0.00     3.86     4.75
 20070326.140000    -3.97    -0.71    72.24     0.77     0.00     3.83     4.82
 20070326.170000    -2.98     0.42    77.75     0.65     0.00     3.86     4.82
 20070326.200000    -1.99     1.54    88.51     0.59     0.00     3.98     4.82
 20070326.230000     0.14     2.30   104.11     0.59     0.00     4.15     4.86
 20070327.020000     2.28     3.05   119.12     0.61     0.00     4.11     4.89
 20070327.050000     2.68     2.41   133.30     0.61     0.00     3.90     4.82
 20070327.080000     3.09     1.76   144.65     0.59     0.00     3.75     4.65
 20070327.110000     2.94     0.82   153.77     0.57     0.00     3.66     4.50
 20070327.140000     2.79    -0.12   159.74     0.53     0.00     3.62     4.41
 20070327.170000     1.40    -2.76   164.87     0.51     0.00     3.58     4.35
 20070327.200000     0.02    -5.41   144.88     0.55     0.00     3.16     4.33
 20070327.230000    -3.40    -5.80    39.74     0.62     0.00     2.96     2.94
 20070328.020000    -6.81    -6.20    54.54     0.86     0.00     3.32     3.66
 20070328.050000    -6.36    -5.65    62.55     1.03     0.00     3.75     4.26
 20070328.080000    -5.91    -5.11    63.24     1.01     0.00     3.78     4.53
 20070328.110000    -4.71    -3.72    64.73     0.87     0.00     3.70     4.63
 20070328.140000    -3.52    -2.33    67.51     0.71     0.00     3.63     4.66
 20070328.170000    -2.88    -2.11    70.37     0.60     0.00     3.55     4.64
 20070328.200000    -2.24    -1.89    72.63     0.53     0.00     3.47     4.58
 20070328.230000    -0.83    -1.65    77.28     0.48     0.00     3.67     4.52
 20070329.020000     0.58    -1.41    82.37     0.45     0.00     4.04     4.57
 20070329.050000     1.19    -0.31    86.39     0.45     0.00     4.23     4.81
 20070329.080000     1.80     0.80    88.59     0.44     0.00     4.26     4.91
 20070329.110000     1.92     2.03    92.84     0.44     0.00     4.08     4.82
 20070329.140000     2.03     3.26   108.70     0.46     0.00     3.73     4.73
 20070329.170000     2.73     3.44   150.09     0.53     0.00     3.32     4.67
 20070329.200000     3.44     3.61   179.64     0.56     0.00     3.24     3.26
 20070329.230000     3.82     2.59   192.64     0.56     0.00     3.21     3.47
 20070330.020000     4.20     1.59   200.84     0.54     0.00     3.16     3.51
 20070330.050000     3.32     1.50   204.47     0.50     0.00     3.10     3.50
 20070330.080000     2.44     1.40   202.48     0.43     0.00     3.15     3.51
 20070330.110000     2.83     2.54   203.13     0.41     0.00     3.06     3.51
 20070330.140000     3.22     3.68   208.55     0.45     0.00     2.85     3.34
 20070330.170000     3.02     4.28   210.45     0.49     0.00     2.90     3.21
 20070330.200000     2.82     4.88   210.95     0.53     0.00     2.98     3.37
 20070330.230000     2.62     3.82   211.16     0.52     0.00     2.98     3.48
 20070331.020000     2.42     2.75   209.92     0.46     0.00     2.94     3.46
 20070331.050000     1.52     2.21   205.22     0.39     0.00     2.97     3.42
 20070331.080000     0.62     1.69   198.18     0.33     0.00     3.12     3.40
 20070331.110000     1.63     3.18   193.42     0.33     0.00     2.96     3.40
 20070331.140000     2.66     4.69   200.29     0.44     0.00     2.66     2.83
 20070331.170000     2.31     3.87   202.10     0.48     0.00     2.84     3.19
 20070331.200000     1.96     3.05   201.06     0.46     0.00     2.94     3.37
 20070331.230000     2.32     3.40   198.69     0.44     0.00     2.99     3.42
 20070401.020000     2.70     3.76   198.32     0.46     0.00     3.00     3.42
 20070401.050000     2.08     3.51   197.37     0.45     0.00     3.03     3.45
 20070401.080000     1.47     3.26   196.67     0.44     0.00     3.03     3.51
