  Time              windx     windy     DIR    HS      HSWEll     TMM10     TPS
 19951001.080000    -7.81    -7.75    62.76     1.46     0.03     4.47     5.06
 19951001.110000    -8.55    -6.79    65.91     1.73     0.05     4.94     5.57
 19951001.140000    -9.18    -5.73    67.63     1.81     0.07     5.08     5.86
 19951001.170000    -9.27    -4.06    69.60     1.74     0.10     5.01     5.82
 19951001.200000    -9.13    -2.27    75.26     1.61     0.15     4.87     5.58
 19951001.230000    -7.95    -2.41    84.10     1.52     0.21     4.86     5.49
 19951002.020000    -6.73    -2.55    96.48     1.49     0.28     5.06     5.50
 19951002.050000    -7.71    -1.70   106.29     1.53     0.34     5.25     5.49
 19951002.080000    -8.56    -0.80   110.18     1.57     0.34     5.25     5.43
 19951002.110000    -9.20    -2.64   109.38     1.65     0.30     5.22     5.43
 19951002.140000    -9.58    -4.43   106.52     1.78     0.33     5.36     5.46
 19951002.170000    -8.91    -3.16   110.01     1.81     0.38     5.54     5.77
 19951002.200000    -8.15    -1.87   114.29     1.72     0.36     5.50     6.14
 19951002.230000    -7.54    -1.37   117.05     1.62     0.34     5.37     6.44
 19951003.020000    -6.92    -0.87   121.76     1.56     0.37     5.37     6.26
 19951003.050000    -6.97    -0.77   126.85     1.55     0.39     5.42     8.18
 19951003.080000    -7.02    -0.66   130.09     1.55     0.37     5.40     8.63
 19951003.110000    -6.05     0.71   136.53     1.46     0.32     5.39     8.48
 19951003.140000    -4.68     2.07   144.93     1.33     0.26     5.35     8.06
 19951003.170000    -4.55     2.97   150.35     1.26     0.20     5.21     7.70
 19951003.200000    -4.32     3.81   153.41     1.22     0.15     5.03     7.60
 19951003.230000    -4.00     2.65   156.22     1.18     0.10     4.89     7.46
 19951004.020000    -3.57     1.42   160.74     1.11     0.07     4.82     7.16
 19951004.050000    -3.77     2.21   165.09     1.02     0.05     4.82     7.05
 19951004.080000    -3.91     2.96   165.67     0.97     0.03     4.65     7.00
 19951004.110000    -3.52     2.11   165.92     0.93     0.02     4.51     6.87
 19951004.140000    -3.06     1.23   166.70     0.88     0.02     4.41     6.61
 19951004.170000    -3.08     0.76   166.87     0.84     0.01     4.33     6.50
 19951004.200000    -3.04     0.27   165.70     0.80     0.01     4.25     6.24
 19951004.230000    -3.11    -0.02   163.71     0.76     0.01     4.26     5.86
 19951005.020000    -3.17    -0.30   160.30     0.73     0.00     4.17     5.83
 19951005.050000    -4.41    -0.91   153.64     0.71     0.00     4.02     5.82
 19951005.080000    -5.61    -1.52   135.09     0.73     0.00     3.79     5.82
 19951005.110000    -4.69    -1.60   124.56     0.71     0.00     3.72     4.30
 19951005.140000    -3.73    -1.66   120.95     0.67     0.00     3.64     4.37
 19951005.170000    -4.77    -1.24   114.53     0.64     0.00     3.49     4.20
 19951005.200000    -5.71    -0.79   106.21     0.64     0.00     3.35     3.85
 19951005.230000    -4.95    -2.10   101.70     0.64     0.00     3.33     3.96
 19951006.020000    -3.77    -3.29    98.25     0.63     0.00     3.33     4.08
 19951006.050000    -6.48    -4.88    79.01     0.77     0.00     3.32     3.79
 19951006.080000    -9.19    -6.46    74.60     1.30     0.00     4.06     4.53
 19951006.110000    -8.00    -6.50    74.03     1.65     0.01     4.78     5.49
 19951006.140000    -6.75    -6.51    69.47     1.57     0.02     4.72     5.64
 19951006.170000    -7.79    -7.87    64.00     1.60     0.02     4.64     5.39
 19951006.200000    -8.82    -9.24    62.24     1.98     0.04     5.13     5.75
 19951006.230000    -5.90    -8.01    62.98     1.97     0.08     5.38     6.36
 19951007.020000    -2.79    -6.57    62.36     1.57     0.09     5.08     6.48
 19951007.050000    -4.47    -7.71    57.98     1.40     0.09     4.68     6.35
 19951007.080000    -6.11    -8.77    56.90     1.53     0.08     4.69     5.20
 19951007.110000    -5.82    -8.05    60.25     1.65     0.08     5.01     5.84
 19951007.140000    -5.53    -7.32    60.49     1.59     0.08     4.98     6.05
 19951007.170000    -6.85    -6.91    60.06     1.56     0.07     4.82     5.64
 19951007.200000    -8.06    -6.39    61.64     1.64     0.06     4.87     5.58
 19951007.230000    -5.90    -5.91    62.31     1.53     0.05     4.83     5.85
 19951008.020000    -3.60    -5.31    61.89     1.28     0.04     4.57     5.83
 19951008.050000    -5.01    -7.09    58.95     1.18     0.03     4.26     5.50
 19951008.080000    -6.42    -8.87    56.72     1.40     0.02     4.36     4.91
 19951008.110000    -4.96    -7.20    60.05     1.43     0.01     4.57     5.46
 19951008.140000    -3.50    -5.53    61.99     1.20     0.01     4.39     5.53
 19951008.170000    -5.03    -6.18    59.62     1.09     0.01     4.09     5.43
 19951008.200000    -6.51    -6.77    60.51     1.20     0.01     4.17     4.72
 19951008.230000    -4.86    -6.01    66.13     1.25     0.01     4.48     5.43
 19951009.020000    -3.16    -5.17    65.77     1.16     0.01     4.43     5.61
 19951009.050000    -5.58    -6.64    61.37     1.15     0.01     4.23     5.61
 19951009.080000    -7.94    -8.02    61.33     1.49     0.01     4.48     5.04
 19951009.110000    -6.32    -7.44    64.67     1.63     0.02     4.84     5.61
 19951009.140000    -4.64    -6.80    64.06     1.43     0.02     4.59     5.71
 19951009.170000    -6.34    -7.22    60.33     1.35     0.01     4.31     5.28
 19951009.200000    -7.97    -7.57    61.99     1.54     0.01     4.57     5.21
 19951009.230000    -7.57    -7.04    65.96     1.69     0.02     4.95     5.68
 19951010.020000    -7.16    -6.51    65.96     1.64     0.03     4.91     5.87
 19951010.050000    -7.44    -7.60    63.86     1.66     0.03     4.86     5.66
 19951010.080000    -7.69    -8.66    62.44     1.83     0.04     5.08     5.81
 19951010.110000    -7.06    -8.54    61.78     1.87     0.04     5.21     6.02
 19951010.140000    -6.42    -8.40    60.01     1.74     0.03     5.00     5.93
 19951010.170000    -7.24    -8.38    58.44     1.69     0.02     4.83     5.58
 19951010.200000    -8.05    -8.33    59.38     1.79     0.02     4.97     5.62
 19951010.230000    -8.26    -7.70    61.52     1.86     0.03     5.13     5.93
 19951011.020000    -8.45    -7.03    61.82     1.79     0.03     5.03     5.87
 19951011.050000    -8.56    -6.23    62.19     1.67     0.02     4.81     5.56
 19951011.080000    -8.63    -5.40    63.72     1.58     0.01     4.65     5.42
 19951011.110000    -7.13    -4.25    66.41     1.37     0.01     4.41     5.35
 19951011.140000    -5.61    -3.08    71.03     1.10     0.01     4.15     5.27
 19951011.170000    -6.84    -3.51    73.38     1.00     0.01     3.86     5.00
 19951011.200000    -8.06    -3.95    73.87     1.06     0.01     3.85     4.45
 19951011.230000    -8.07    -4.54    74.91     1.14     0.01     4.02     4.58
 19951012.020000    -8.06    -5.12    74.86     1.20     0.01     4.14     4.67
 19951012.050000    -6.44    -4.19    75.90     1.10     0.00     4.03     4.76
 19951012.080000    -4.82    -3.26    75.51     0.92     0.00     3.72     4.72
 19951012.110000    -5.07    -3.56    73.10     0.81     0.00     3.51     4.53
 19951012.140000    -5.32    -3.85    70.64     0.78     0.01     3.43     4.35
 19951012.170000    -6.28    -4.22    69.39     0.83     0.01     3.50     4.07
 19951012.200000    -7.22    -4.57    69.79     0.96     0.01     3.75     4.23
 19951012.230000    -5.80    -3.49    71.83     0.95     0.01     3.90     4.64
 19951013.020000    -4.37    -2.40    70.51     0.89     0.01     3.94     4.90
 19951013.050000    -5.93    -3.38    68.67     0.90     0.01     3.91     4.97
 19951013.080000    -7.50    -4.34    68.37     1.03     0.01     3.96     4.32
 19951013.110000    -5.48    -3.76    71.85     1.02     0.02     4.11     4.90
 19951013.140000    -3.41    -3.14    74.51     0.92     0.03     4.07     5.03
 19951013.170000    -4.06    -3.04    74.90     0.83     0.03     3.92     5.03
 19951013.200000    -4.68    -2.91    74.56     0.79     0.04     3.77     4.93
 19951013.230000    -4.16    -2.30    74.75     0.76     0.04     3.73     4.78
 19951014.020000    -3.62    -1.70    76.34     0.74     0.04     3.76     4.70
 19951014.050000    -4.68    -2.24    77.92     0.73     0.04     3.76     4.72
 19951014.080000    -5.74    -2.78    78.60     0.78     0.04     3.76     4.33
 19951014.110000    -3.49    -1.52    82.66     0.77     0.04     3.89     4.51
 19951014.140000    -1.22    -0.24    90.06     0.70     0.04     4.19     4.69
 19951014.170000    -3.26    -0.44    95.53     0.65     0.04     4.39     4.84
 19951014.200000    -5.29    -0.63    96.60     0.71     0.04     4.02     4.98
 19951014.230000    -3.91    -0.65    99.98     0.73     0.04     3.96     4.84
 19951015.020000    -2.50    -0.67   105.98     0.69     0.03     4.10     4.83
 19951015.050000    -3.76    -1.66   108.32     0.67     0.03     4.14     4.94
 19951015.080000    -4.97    -2.63    99.00     0.72     0.03     3.86     4.95
 19951015.110000    -3.58    -3.07    95.30     0.73     0.02     3.82     4.30
 19951015.140000    -1.89    -3.30    95.21     0.69     0.02     3.83     4.41
 19951015.170000    -4.31    -4.19    86.46     0.71     0.02     3.68     4.39
 19951015.200000    -6.60    -4.90    73.18     0.88     0.02     3.63     3.90
 19951015.230000    -6.76    -5.18    72.01     1.05     0.02     3.93     4.46
 19951016.020000    -6.93    -5.46    71.26     1.16     0.01     4.18     4.75
 19951016.050000    -6.43    -7.15    66.47     1.28     0.01     4.34     4.99
 19951016.080000    -5.75    -8.68    61.28     1.45     0.02     4.58     5.23
 19951016.110000    -6.00    -6.92    61.80     1.49     0.02     4.77     5.60
 19951016.140000    -6.13    -5.00    62.72     1.37     0.03     4.70     5.89
 19951016.170000    -7.14    -6.27    61.91     1.38     0.03     4.55     5.31
 19951016.200000    -8.13    -7.54    62.31     1.63     0.03     4.82     5.43
 19951016.230000    -6.90    -6.16    65.05     1.67     0.04     5.06     5.95
 19951017.020000    -5.66    -4.77    65.81     1.45     0.04     4.84     6.03
 19951017.050000    -6.33    -6.50    64.00     1.36     0.04     4.53     5.78
 19951017.080000    -6.95    -8.19    61.56     1.51     0.04     4.62     5.18
 19951017.110000    -6.11    -6.35    64.05     1.52     0.04     4.78     5.61
 19951017.140000    -5.22    -4.47    65.82     1.33     0.04     4.60     5.81
 19951017.170000    -5.14    -4.32    66.74     1.16     0.04     4.39     5.79
 19951017.200000    -5.07    -4.17    66.97     1.10     0.03     4.22     5.55
 19951017.230000    -4.51    -3.83    67.57     1.06     0.03     4.16     5.41
 19951018.020000    -3.94    -3.48    69.04     1.01     0.03     4.13     5.49
 19951018.050000    -3.43    -3.79    70.74     0.91     0.02     4.10     5.50
 19951018.080000    -2.87    -4.05    70.92     0.84     0.02     3.91     5.38
 19951018.110000    -3.26    -4.32    70.51     0.79     0.02     3.69     5.09
 19951018.140000    -3.64    -4.59    69.28     0.75     0.02     3.52     4.42
 19951018.170000    -3.53    -4.08    69.05     0.71     0.01     3.38     4.27
 19951018.200000    -3.40    -3.56    68.59     0.66     0.01     3.24     4.13
 19951018.230000    -3.91    -3.91    66.70     0.64     0.01     3.10     3.91
 19951019.020000    -4.42    -4.26    65.12     0.64     0.01     3.09     3.61
 19951019.050000    -4.09    -4.92    64.60     0.67     0.01     3.17     3.80
 19951019.080000    -3.72    -5.53    63.77     0.71     0.01     3.30     3.99
 19951019.110000    -4.33    -6.10    62.44     0.78     0.01     3.46     4.15
 19951019.140000    -4.93    -6.66    61.74     0.90     0.01     3.70     4.25
 19951019.170000    -6.69    -6.85    63.57     1.17     0.01     4.08     4.61
 19951019.200000    -8.37    -6.94    67.60     1.54     0.01     4.67     5.26
 19951019.230000    -6.63    -6.90    68.45     1.66     0.03     5.01     5.86
 19951020.020000    -4.78    -6.75    65.97     1.49     0.03     4.82     5.98
 19951020.050000    -4.89    -8.05    61.10     1.41     0.03     4.54     5.59
 19951020.080000    -4.99    -9.32    57.55     1.48     0.04     4.58     5.23
 19951020.110000    -4.63    -7.24    59.71     1.46     0.04     4.68     5.59
 19951020.140000    -4.22    -5.09    61.67     1.30     0.04     4.56     5.79
 19951020.170000    -5.11    -5.78    60.95     1.19     0.04     4.35     5.73
 19951020.200000    -5.99    -6.45    60.56     1.22     0.04     4.29     4.92
 19951020.230000    -4.48    -5.33    63.37     1.19     0.03     4.37     5.33
 19951021.020000    -2.96    -4.20    65.16     1.08     0.03     4.39     5.54
 19951021.050000    -4.61    -5.84    62.81     1.03     0.03     4.27     5.67
 19951021.080000    -6.26    -7.45    59.48     1.23     0.03     4.23     4.64
 19951021.110000    -5.13    -6.52    61.93     1.31     0.03     4.49     5.22
 19951021.140000    -4.00    -5.57    62.08     1.21     0.02     4.40     5.50
 19951021.170000    -4.65    -6.13    59.21     1.14     0.02     4.18     5.41
 19951021.200000    -5.30    -6.67    58.48     1.16     0.02     4.14     4.86
 19951021.230000    -4.85    -5.85    61.09     1.17     0.02     4.24     5.18
 19951022.020000    -4.40    -5.03    61.67     1.13     0.02     4.20     5.36
 19951022.050000    -5.61    -6.84    59.72     1.16     0.02     4.15     5.10
 19951022.080000    -6.83    -8.64    59.22     1.46     0.02     4.52     5.12
 19951022.110000    -5.68    -7.06    61.75     1.54     0.02     4.82     5.65
 19951022.140000    -4.53    -5.48    62.11     1.35     0.03     4.66     5.89
 19951022.170000    -6.28    -5.99    61.06     1.28     0.03     4.40     5.79
 19951022.200000    -7.95    -6.43    62.54     1.46     0.03     4.59     5.18
 19951022.230000    -6.42    -5.22    66.05     1.51     0.04     4.92     5.84
 19951023.020000    -4.88    -4.01    66.34     1.36     0.06     4.85     6.08
 19951023.050000    -7.01    -6.40    64.72     1.36     0.05     4.58     5.65
 19951023.080000    -9.13    -8.77    62.62     1.79     0.03     4.84     5.41
 19951023.110000    -6.38    -6.51    65.24     1.75     0.04     4.99     5.96
 19951023.140000    -3.62    -4.24    68.42     1.30     0.03     4.72     5.96
 19951023.170000    -5.18    -5.01    68.02     1.11     0.03     4.36     5.92
 19951023.200000    -6.72    -5.74    66.67     1.15     0.02     4.20     4.77
 19951023.230000    -5.31    -5.38    69.41     1.17     0.02     4.34     5.17
 19951024.020000    -3.84    -4.98    70.08     1.10     0.02     4.31     5.41
 19951024.050000    -4.89    -6.65    65.90     1.09     0.02     4.16     5.37
 19951024.080000    -5.95    -8.32    60.59     1.31     0.02     4.32     5.01
 19951024.110000    -5.67    -8.07    60.31     1.48     0.03     4.62     5.41
 19951024.140000    -5.38    -7.83    58.89     1.45     0.03     4.60     5.48
 19951024.170000    -6.55    -7.26    58.50     1.46     0.03     4.55     5.38
 19951024.200000    -7.61    -6.57    61.69     1.58     0.03     4.78     5.52
 19951024.230000    -7.71    -7.13    63.61     1.73     0.04     5.06     5.89
 19951025.020000    -7.81    -7.68    62.84     1.75     0.05     5.07     5.91
 19951025.050000    -8.12    -9.34    60.81     1.89     0.05     5.11     5.82
 19951025.080000    -8.38   -10.94    59.69     2.28     0.07     5.43     6.12
 19951025.110000    -8.21    -9.96    59.95     2.41     0.16     5.72     6.60
 19951025.140000    -8.01    -8.96    58.75     2.23     0.17     5.50     6.50
 19951025.170000    -7.53    -9.35    57.43     2.08     0.16     5.23     6.04
 19951025.200000    -7.02    -9.72    57.19     2.07     0.16     5.21     6.00
 19951025.230000    -5.95    -7.91    59.01     1.90     0.15     5.13     6.10
 19951026.020000    -4.88    -6.11    62.51     1.56     0.13     4.94     6.16
 19951026.050000    -6.51    -8.48    60.31     1.55     0.11     4.74     5.39
 19951026.080000    -8.13   -10.84    58.29     2.04     0.11     5.13     5.72
 19951026.110000    -7.75    -9.15    59.42     2.20     0.11     5.46     6.28
 19951026.140000    -7.33    -7.42    59.11     1.96     0.09     5.17     6.19
 19951026.170000    -7.50    -7.72    58.38     1.80     0.06     4.84     5.78
 19951026.200000    -7.66    -8.03    58.84     1.80     0.05     4.81     5.63
 19951026.230000    -7.37    -8.01    59.82     1.80     0.04     4.85     5.79
 19951027.020000    -7.08    -8.01    58.99     1.76     0.04     4.75     5.71
 19951027.050000    -7.47    -7.95    57.91     1.73     0.03     4.67     5.53
 19951027.080000    -7.86    -7.87    58.58     1.79     0.03     4.78     5.58
 19951027.110000    -8.09    -7.48    60.33     1.89     0.04     4.98     5.93
 19951027.140000    -8.32    -7.06    60.72     1.93     0.04     5.07     6.05
 19951027.170000    -8.03    -6.53    60.40     1.86     0.04     4.98     6.02
 19951027.200000    -7.73    -6.01    61.31     1.75     0.03     4.82     5.90
 19951027.230000    -7.33    -5.47    63.95     1.60     0.03     4.70     5.81
 19951028.020000    -6.91    -4.94    65.53     1.45     0.02     4.49     5.63
 19951028.050000    -5.85    -6.98    63.26     1.37     0.02     4.29     5.26
 19951028.080000    -4.40    -8.67    59.05     1.37     0.02     4.30     5.15
 19951028.110000    -4.66    -6.86    60.55     1.32     0.02     4.28     5.35
 19951028.140000    -4.82    -4.87    64.31     1.15     0.01     4.17     5.43
 19951028.170000    -4.82    -5.53    64.07     1.03     0.01     3.95     5.29
 19951028.200000    -4.80    -6.17    62.97     0.99     0.01     3.80     4.71
 19951028.230000    -3.95    -5.44    64.60     0.96     0.01     3.76     4.78
 19951029.020000    -3.10    -4.72    65.07     0.89     0.01     3.68     4.87
 19951029.050000    -4.41    -6.22    60.04     0.87     0.01     3.65     4.78
 19951029.080000    -5.72    -7.72    56.90     1.08     0.01     3.87     4.39
 19951029.110000    -5.00    -7.41    60.57     1.24     0.01     4.27     5.00
 19951029.140000    -4.27    -7.09    60.71     1.22     0.01     4.31     5.27
 19951029.170000    -5.19    -6.04    59.63     1.16     0.01     4.17     5.32
 19951029.200000    -5.95    -4.81    60.62     1.10     0.01     4.06     5.22
 19951029.230000    -5.44    -4.42    62.44     1.05     0.01     4.00     5.01
 19951030.020000    -4.93    -4.04    63.13     1.00     0.01     3.92     5.00
 19951030.050000    -5.59    -5.88    62.46     1.02     0.01     3.90     4.89
 19951030.080000    -6.20    -7.66    60.24     1.22     0.01     4.18     4.71
 19951030.110000    -5.15    -6.27    62.60     1.26     0.01     4.41     5.16
 19951030.140000    -4.11    -4.88    63.59     1.11     0.01     4.28     5.40
 19951030.170000    -4.39    -4.97    62.38     1.01     0.01     4.05     5.37
 19951030.200000    -4.66    -5.06    61.49     0.97     0.01     3.88     5.08
 19951030.230000    -4.47    -5.62    61.00     0.95     0.01     3.80     4.83
 19951031.020000    -4.25    -6.16    60.35     0.95     0.01     3.77     4.72
 19951031.050000    -5.04    -6.44    59.77     0.98     0.00     3.78     4.42
 19951031.080000    -5.81    -6.70    61.24     1.08     0.00     3.96     4.57
 19951031.110000    -5.23    -6.65    64.49     1.16     0.00     4.21     4.99
 19951031.140000    -4.63    -6.59    64.85     1.15     0.01     4.25     5.17
 19951031.170000    -6.28    -6.61    63.15     1.17     0.01     4.19     5.01
 19951031.200000    -7.83    -6.52    65.28     1.35     0.01     4.39     5.01
 19951031.230000    -6.25    -6.01    68.60     1.37     0.01     4.58     5.42
 19951101.020000    -4.62    -5.46    67.73     1.26     0.01     4.50     5.60
 19951101.050000    -6.94    -7.53    62.93     1.35     0.02     4.44     5.27
 19951101.080000    -9.24    -9.58    62.72     1.98     0.04     5.05     5.62
