  Time              windx     windy     DIR    HS      HSWEll     TMM10     TPS
 20110701.080000    -1.89     2.92   191.04     0.85     0.01     4.39     5.92
 20110701.090000    -1.65     2.90   190.70     0.83     0.01     4.42     5.90
 20110701.100000    -1.40     2.87   190.74     0.81     0.01     4.45     5.89
 20110701.110000    -1.14     2.84   190.58     0.79     0.01     4.46     5.87
 20110701.120000    -0.87     2.78   190.39     0.77     0.01     4.46     5.85
 20110701.130000    -0.60     2.70   190.17     0.76     0.01     4.44     5.84
 20110701.140000    -0.32     2.61   189.93     0.74     0.01     4.41     5.82
 20110701.150000    -0.34     2.46   189.78     0.73     0.01     4.38     5.80
 20110701.160000    -0.36     2.30   189.74     0.72     0.01     4.37     5.78
 20110701.170000    -0.39     2.15   189.79     0.70     0.01     4.36     5.76
 20110701.180000    -0.41     1.99   189.96     0.69     0.01     4.35     5.71
 20110701.190000    -0.43     1.83   190.03     0.67     0.01     4.35     5.66
 20110701.200000    -0.45     1.67   190.36     0.65     0.00     4.40     5.62
 20110701.210000    -0.30     1.74   190.45     0.63     0.00     4.47     5.57
 20110701.220000    -0.14     1.79   190.30     0.61     0.00     4.51     5.54
 20110701.230000     0.03     1.83   190.08     0.60     0.00     4.54     5.51
 20110702.000000     0.19     1.85   189.85     0.59     0.00     4.57     5.49
 20110702.010000     0.36     1.86   189.57     0.58     0.00     4.59     5.46
 20110702.020000     0.52     1.86   189.26     0.57     0.00     4.60     5.44
 20110702.030000     0.80     1.79   188.93     0.56     0.00     4.61     5.42
 20110702.040000     1.08     1.67   188.61     0.55     0.00     4.62     5.41
 20110702.050000     1.34     1.51   188.31     0.55     0.00     4.62     5.39
 20110702.060000     1.59     1.30   188.04     0.54     0.00     4.62     5.38
 20110702.070000     1.79     1.06   187.82     0.53     0.00     4.61     5.37
 20110702.080000     1.96     0.79   187.65     0.53     0.00     4.60     5.36
 20110702.090000     1.98     1.21   187.63     0.52     0.00     4.58     5.35
 20110702.100000     1.94     1.60   187.83     0.52     0.00     4.54     5.34
 20110702.110000     1.85     1.97   188.01     0.52     0.00     4.50     5.33
 20110702.120000     1.73     2.33   188.36     0.52     0.00     4.45     5.32
 20110702.130000     1.59     2.66   188.82     0.52     0.00     4.37     5.31
 20110702.140000     1.44     2.97   189.32     0.52     0.00     4.29     5.30
 20110702.150000     1.52     2.93   189.89     0.52     0.00     4.21     5.29
 20110702.160000     1.60     2.89   190.47     0.52     0.00     4.16     5.28
 20110702.170000     1.66     2.85   191.09     0.52     0.00     4.11     5.27
 20110702.180000     1.74     2.80   191.71     0.52     0.00     4.07     5.26
 20110702.190000     1.81     2.76   192.31     0.52     0.00     4.02     5.25
 20110702.200000     1.88     2.71   192.88     0.51     0.00     3.99     5.22
 20110702.210000     2.09     2.90   193.67     0.51     0.00     3.94     5.18
 20110702.220000     2.30     3.08   194.86     0.52     0.00     3.86     5.14
 20110702.230000     2.51     3.26   196.36     0.53     0.00     3.74     5.10
 20110703.000000     2.71     3.45   198.27     0.55     0.00     3.57     5.06
 20110703.010000     2.92     3.63   199.82     0.57     0.00     3.47     5.02
 20110703.020000     3.13     3.81   201.06     0.59     0.00     3.42     4.95
 20110703.030000     3.12     3.50   201.89     0.59     0.00     3.41     4.79
 20110703.040000     3.11     3.18   202.26     0.59     0.00     3.40     4.05
 20110703.050000     3.08     2.85   202.52     0.59     0.00     3.39     4.03
 20110703.060000     3.05     2.52   202.60     0.58     0.00     3.39     4.03
 20110703.070000     3.01     2.17   202.64     0.57     0.00     3.38     4.04
 20110703.080000     2.96     1.82   202.46     0.55     0.00     3.38     4.05
 20110703.090000     2.89     1.95   202.46     0.54     0.00     3.39     4.09
 20110703.100000     2.81     2.09   202.40     0.53     0.00     3.38     4.13
 20110703.110000     2.74     2.21   202.49     0.52     0.00     3.36     4.16
 20110703.120000     2.65     2.34   202.65     0.51     0.00     3.33     4.20
 20110703.130000     2.56     2.46   202.82     0.50     0.00     3.31     4.22
 20110703.140000     2.47     2.58   202.98     0.50     0.00     3.29     4.24
 20110703.150000     2.42     2.91   203.23     0.50     0.00     3.26     4.25
 20110703.160000     2.36     3.24   203.54     0.50     0.00     3.23     4.25
 20110703.170000     2.29     3.55   203.85     0.50     0.00     3.20     4.23
 20110703.180000     2.21     3.86   204.06     0.50     0.00     3.17     4.19
 20110703.190000     2.12     4.15   204.13     0.51     0.00     3.15     4.09
 20110703.200000     2.03     4.44   204.02     0.51     0.00     3.12     3.81
 20110703.210000     2.17     4.36   204.07     0.52     0.00     3.11     3.67
 20110703.220000     2.30     4.28   204.30     0.53     0.00     3.12     3.64
 20110703.230000     2.43     4.19   204.60     0.53     0.00     3.12     3.64
 20110704.000000     2.56     4.10   204.87     0.53     0.00     3.12     3.65
 20110704.010000     2.68     3.99   205.10     0.53     0.00     3.12     3.64
 20110704.020000     2.81     3.90   205.27     0.53     0.00     3.12     3.64
 20110704.030000     2.99     3.52   205.43     0.52     0.00     3.12     3.63
 20110704.040000     3.17     3.11   205.57     0.52     0.00     3.11     3.63
 20110704.050000     3.32     2.67   205.69     0.51     0.00     3.11     3.63
 20110704.060000     3.44     2.19   205.97     0.50     0.00     3.11     3.63
 20110704.070000     3.52     1.68   206.46     0.49     0.00     3.12     3.64
 20110704.080000     3.54     1.14   207.19     0.48     0.00     3.12     3.66
 20110704.090000     3.42     1.59   207.84     0.47     0.00     3.11     3.70
 20110704.100000     3.25     2.04   208.37     0.47     0.00     3.09     3.73
 20110704.110000     3.02     2.45   208.76     0.46     0.00     3.08     3.76
 20110704.120000     2.73     2.85   208.90     0.46     0.00     3.06     3.79
 20110704.130000     2.40     3.20   208.88     0.46     0.00     3.04     3.82
 20110704.140000     2.03     3.51   208.67     0.46     0.00     3.02     3.68
 20110704.150000     1.92     3.67   208.52     0.46     0.00     3.01     3.66
 20110704.160000     1.81     3.81   208.35     0.46     0.00     2.99     3.55
 20110704.170000     1.69     3.96   208.08     0.46     0.00     2.98     3.50
 20110704.180000     1.57     4.10   207.66     0.46     0.00     2.97     3.46
 20110704.190000     1.45     4.22   206.99     0.46     0.00     2.95     3.39
 20110704.200000     1.32     4.35   206.28     0.46     0.00     2.94     3.36
 20110704.210000     1.32     4.19   205.76     0.46     0.00     2.94     3.36
 20110704.220000     1.32     4.02   205.22     0.46     0.00     2.94     3.37
 20110704.230000     1.31     3.86   204.63     0.46     0.00     2.94     3.38
 20110705.000000     1.31     3.70   204.01     0.45     0.00     2.93     3.38
 20110705.010000     1.30     3.53   203.12     0.45     0.00     2.93     3.39
 20110705.020000     1.30     3.37   201.24     0.44     0.00     2.95     3.41
 20110705.030000     1.32     3.23   199.54     0.43     0.00     2.96     3.44
 20110705.040000     1.35     3.09   198.13     0.42     0.00     2.97     3.49
 20110705.050000     1.37     2.96   196.90     0.42     0.00     2.97     3.56
 20110705.060000     1.40     2.81   195.56     0.41     0.00     2.97     3.66
 20110705.070000     1.42     2.67   194.09     0.41     0.00     2.97     3.77
 20110705.080000     1.44     2.53   192.53     0.40     0.00     2.99     3.86
 20110705.090000     1.50     2.56   190.90     0.40     0.00     3.01     3.93
 20110705.100000     1.56     2.61   189.50     0.39     0.00     3.01     3.97
 20110705.110000     1.62     2.64   188.33     0.39     0.00     3.01     4.01
 20110705.120000     1.67     2.68   187.38     0.39     0.00     3.01     4.03
 20110705.130000     1.73     2.72   186.68     0.39     0.00     3.00     4.06
 20110705.140000     1.78     2.76   186.20     0.39     0.00     2.99     4.08
 20110705.150000     1.53     3.27   186.11     0.39     0.00     2.97     4.09
 20110705.160000     1.25     3.74   186.30     0.40     0.00     2.95     4.10
 20110705.170000     0.93     4.17   186.32     0.41     0.00     2.91     4.09
 20110705.180000     0.61     4.55   185.72     0.42     0.00     2.86     4.05
 20110705.190000     0.29     4.92   184.62     0.45     0.00     2.81     3.02
 20110705.200000    -0.05     5.25   183.55     0.47     0.00     2.82     3.01
 20110705.210000     0.28     5.09   183.22     0.48     0.00     2.85     3.12
 20110705.220000     0.62     4.91   183.36     0.49     0.00     2.88     3.22
 20110705.230000     0.95     4.70   183.71     0.49     0.00     2.89     3.30
 20110706.000000     1.28     4.46   184.24     0.49     0.00     2.90     3.36
 20110706.010000     1.61     4.18   184.90     0.48     0.00     2.90     3.39
 20110706.020000     1.92     3.88   185.74     0.48     0.00     2.89     3.41
 20110706.030000     2.18     3.60   187.30     0.46     0.00     2.90     3.42
 20110706.040000     2.43     3.28   189.41     0.45     0.00     2.90     3.43
 20110706.050000     2.66     2.92   191.09     0.44     0.00     2.89     3.43
 20110706.060000     2.87     2.53   192.65     0.43     0.00     2.89     3.43
 20110706.070000     3.04     2.10   194.14     0.43     0.00     2.89     3.44
 20110706.080000     3.17     1.64   195.76     0.42     0.00     2.89     3.45
 20110706.090000     3.20     1.90   197.70     0.41     0.00     2.88     3.46
 20110706.100000     3.22     2.17   199.82     0.41     0.00     2.87     3.46
 20110706.110000     3.22     2.43   201.89     0.41     0.00     2.85     3.44
 20110706.120000     3.21     2.69   203.85     0.41     0.00     2.84     3.41
 20110706.130000     3.20     2.94   205.63     0.41     0.00     2.84     3.39
 20110706.140000     3.18     3.18   207.15     0.42     0.00     2.84     3.37
 20110706.150000     3.23     3.49   208.54     0.43     0.00     2.84     3.37
 20110706.160000     3.27     3.80   209.70     0.45     0.00     2.84     3.36
 20110706.170000     3.31     4.10   210.64     0.47     0.00     2.85     3.30
 20110706.180000     3.34     4.40   211.71     0.51     0.00     2.85     3.21
 20110706.190000     3.37     4.70   212.36     0.54     0.00     2.88     3.23
 20110706.200000     3.39     4.99   212.81     0.56     0.00     2.94     3.35
 20110706.210000     3.31     4.67   213.20     0.58     0.00     2.99     3.44
 20110706.220000     3.21     4.36   213.64     0.58     0.00     3.02     3.50
 20110706.230000     3.13     4.04   213.85     0.57     0.00     3.03     3.57
 20110707.000000     3.03     3.72   213.99     0.56     0.00     3.03     3.64
 20110707.010000     2.94     3.39   213.95     0.54     0.00     3.01     3.67
 20110707.020000     2.84     3.06   214.11     0.52     0.00     3.00     3.68
 20110707.030000     3.07     2.78   214.03     0.50     0.00     2.99     3.68
 20110707.040000     3.28     2.48   214.48     0.48     0.00     2.96     3.67
 20110707.050000     3.48     2.15   214.97     0.47     0.00     2.93     3.65
 20110707.060000     3.63     1.79   215.52     0.46     0.00     2.90     3.63
 20110707.070000     3.76     1.43   216.17     0.45     0.00     2.88     3.60
 20110707.080000     3.86     1.03   216.97     0.44     0.00     2.85     3.57
 20110707.090000     4.05     1.25   218.34     0.44     0.00     2.83     3.54
 20110707.100000     4.24     1.47   219.69     0.44     0.00     2.81     3.50
 20110707.110000     4.42     1.69   221.00     0.44     0.00     2.81     3.46
 20110707.120000     4.60     1.91   222.12     0.45     0.00     2.81     3.42
 20110707.130000     4.77     2.13   223.13     0.47     0.00     2.83     3.40
 20110707.140000     4.95     2.34   224.21     0.49     0.00     2.86     3.34
 20110707.150000     4.67     2.86   224.24     0.51     0.00     2.92     3.35
 20110707.160000     4.34     3.35   223.69     0.53     0.00     2.99     3.46
 20110707.170000     3.94     3.82   223.05     0.55     0.00     3.04     3.53
 20110707.180000     3.48     4.24   222.35     0.56     0.00     3.08     3.61
 20110707.190000     2.97     4.62   221.36     0.57     0.00     3.12     3.69
 20110707.200000     2.42     4.93   219.92     0.58     0.00     3.13     3.75
 20110707.210000     2.59     4.85   218.85     0.59     0.00     3.14     3.78
 20110707.220000     2.77     4.76   218.22     0.59     0.00     3.13     3.79
 20110707.230000     2.93     4.67   217.65     0.59     0.00     3.13     3.79
 20110708.000000     3.09     4.56   217.07     0.59     0.00     3.12     3.77
 20110708.010000     3.25     4.46   216.45     0.59     0.00     3.12     3.75
 20110708.020000     3.41     4.34   215.87     0.59     0.00     3.11     3.72
 20110708.030000     3.66     4.00   215.48     0.59     0.00     3.10     3.71
 20110708.040000     3.89     3.64   215.26     0.58     0.00     3.09     3.70
 20110708.050000     4.10     3.24   215.17     0.58     0.00     3.09     3.71
 20110708.060000     4.29     2.82   215.25     0.57     0.00     3.09     3.72
 20110708.070000     4.44     2.38   215.53     0.56     0.00     3.09     3.73
 20110708.080000     4.56     1.91   216.05     0.55     0.00     3.08     3.74
 20110708.090000     4.45     2.47   216.61     0.55     0.00     3.07     3.76
 20110708.100000     4.29     3.01   216.82     0.56     0.00     3.07     3.76
 20110708.110000     4.07     3.53   216.70     0.56     0.00     3.07     3.77
 20110708.120000     3.81     4.03   216.24     0.57     0.00     3.09     3.77
 20110708.130000     3.51     4.48   215.47     0.58     0.00     3.11     3.78
 20110708.140000     3.18     4.90   214.52     0.60     0.00     3.13     3.78
 20110708.150000     3.22     4.75   214.00     0.60     0.00     3.16     3.82
 20110708.160000     3.26     4.60   213.71     0.61     0.00     3.19     3.88
 20110708.170000     3.30     4.45   213.53     0.61     0.00     3.20     3.93
 20110708.180000     3.34     4.29   213.40     0.61     0.00     3.22     3.96
 20110708.190000     3.38     4.13   213.28     0.60     0.00     3.23     3.98
 20110708.200000     3.41     3.97   213.20     0.60     0.00     3.23     4.00
 20110708.210000     3.43     3.87   213.07     0.60     0.00     3.24     4.02
 20110708.220000     3.44     3.77   212.90     0.60     0.00     3.25     4.03
 20110708.230000     3.46     3.66   212.65     0.60     0.00     3.26     4.05
 20110709.000000     3.47     3.56   212.35     0.60     0.00     3.27     4.06
 20110709.010000     3.49     3.45   211.99     0.60     0.00     3.28     4.08
 20110709.020000     3.50     3.35   211.57     0.60     0.00     3.29     4.10
 20110709.030000     3.77     3.22   211.26     0.61     0.00     3.29     4.11
 20110709.040000     4.03     3.07   210.99     0.61     0.00     3.30     4.12
 20110709.050000     4.28     2.92   210.82     0.62     0.00     3.32     4.14
 20110709.060000     4.52     2.75   210.75     0.62     0.00     3.33     4.16
 20110709.070000     4.74     2.59   210.83     0.63     0.00     3.35     4.17
 20110709.080000     4.96     2.41   211.14     0.64     0.00     3.36     4.19
 20110709.090000     4.88     2.63   211.22     0.64     0.00     3.38     4.21
 20110709.100000     4.80     2.85   211.20     0.65     0.00     3.40     4.23
 20110709.110000     4.70     3.07   211.17     0.66     0.00     3.42     4.24
 20110709.120000     4.59     3.29   211.12     0.66     0.00     3.43     4.26
 20110709.130000     4.48     3.50   211.09     0.67     0.00     3.44     4.27
 20110709.140000     4.36     3.69   211.06     0.67     0.00     3.45     4.28
 20110709.150000     4.39     3.72   211.15     0.68     0.00     3.46     4.28
 20110709.160000     4.42     3.75   211.30     0.68     0.00     3.47     4.28
 20110709.170000     4.45     3.78   211.46     0.68     0.00     3.48     4.29
 20110709.180000     4.47     3.81   211.60     0.69     0.00     3.49     4.29
 20110709.190000     4.51     3.83   211.69     0.69     0.01     3.51     4.29
 20110709.200000     4.54     3.86   211.73     0.70     0.01     3.53     4.30
 20110709.210000     4.09     3.34   211.33     0.70     0.01     3.56     4.31
 20110709.220000     3.65     2.81   210.80     0.69     0.01     3.59     4.34
 20110709.230000     3.20     2.28   210.19     0.68     0.01     3.62     4.38
 20110710.000000     2.75     1.75   209.45     0.66     0.01     3.67     4.42
 20110710.010000     2.29     1.21   208.13     0.63     0.01     3.77     4.46
 20110710.020000     1.79     0.65   206.31     0.61     0.01     3.88     4.50
 20110710.030000     1.80     0.42   204.50     0.59     0.01     3.99     4.54
 20110710.040000     1.79     0.11   202.76     0.58     0.01     4.10     4.58
 20110710.050000     1.70    -0.32   200.94     0.57     0.01     4.21     4.64
 20110710.060000     1.41    -0.88   199.08     0.57     0.01     4.32     4.71
 20110710.070000     0.65    -1.48   197.26     0.57     0.01     4.43     4.82
 20110710.080000    -0.63    -1.44   195.57     0.57     0.01     4.54     4.95
 20110710.090000    -0.90    -1.49   194.05     0.58     0.01     4.64     5.10
 20110710.100000    -1.16    -1.51   192.71     0.58     0.01     4.72     5.30
 20110710.110000    -1.42    -1.53   191.49     0.59     0.01     4.78     5.60
 20110710.120000    -1.66    -1.52   190.31     0.60     0.01     4.83     5.80
 20110710.130000    -1.89    -1.52   189.09     0.61     0.01     4.84     5.89
 20110710.140000    -2.12    -1.49   187.82     0.62     0.01     4.84     5.95
 20110710.150000    -2.01    -1.49   186.62     0.63     0.01     4.85     5.97
 20110710.160000    -1.89    -1.48   185.51     0.64     0.01     4.85     5.99
 20110710.170000    -1.77    -1.48   184.42     0.65     0.01     4.85     6.00
 20110710.180000    -1.66    -1.47   183.42     0.65     0.01     4.86     6.01
 20110710.190000    -1.53    -1.46   182.49     0.66     0.01     4.87     6.01
 20110710.200000    -1.41    -1.45   181.71     0.66     0.01     4.89     6.02
 20110710.210000    -1.24    -1.26   181.07     0.66     0.01     4.91     6.02
 20110710.220000    -1.06    -1.06   180.55     0.66     0.01     4.94     6.02
 20110710.230000    -0.89    -0.87   180.14     0.66     0.01     4.96     6.02
 20110711.000000    -0.71    -0.66   179.86     0.66     0.01     4.97     6.02
 20110711.010000    -0.52    -0.45   179.72     0.66     0.01     4.99     6.02
 20110711.020000    -0.32    -0.22   179.70     0.66     0.01     5.00     6.02
 20110711.030000    -0.35    -0.53   179.78     0.65     0.01     5.02     6.02
 20110711.040000    -0.09    -0.96   179.95     0.65     0.01     5.03     6.03
 20110711.050000     0.56    -1.25   180.17     0.64     0.01     5.05     6.03
 20110711.060000     1.40    -1.12   180.45     0.64     0.01     5.06     6.03
 20110711.070000     2.10    -0.62   180.90     0.63     0.01     5.06     6.03
 20110711.080000     2.54     0.03   182.23     0.63     0.01     5.01     6.04
 20110711.090000     2.32     0.24   182.74     0.63     0.01     4.99     6.04
 20110711.100000     2.08     0.45   182.82     0.62     0.01     5.00     6.03
 20110711.110000     1.80     0.69   182.87     0.62     0.01     5.01     6.03
 20110711.120000     1.46     0.92   182.96     0.61     0.01     5.03     6.02
 20110711.130000     1.03     1.12   183.07     0.61     0.01     5.03     6.01
 20110711.140000     0.49     1.23   183.20     0.60     0.01     5.04     6.00
 20110711.150000     0.35     1.61   183.33     0.60     0.01     5.04     5.99
 20110711.160000     0.20     1.96   183.46     0.59     0.01     5.04     5.98
 20110711.170000     0.06     2.30   183.54     0.59     0.01     5.02     5.96
 20110711.180000    -0.10     2.62   183.50     0.59     0.01     4.96     5.95
 20110711.190000    -0.24     2.95   183.32     0.59     0.01     4.88     5.94
 20110711.200000    -0.40     3.26   182.98     0.60     0.01     4.79     5.92
 20110711.210000    -0.68     3.42   182.31     0.61     0.01     4.70     5.91
 20110711.220000    -0.95     3.58   181.26     0.62     0.01     4.60     5.89
 20110711.230000    -1.22     3.71   179.87     0.64     0.01     4.51     5.88
 20110712.000000    -1.49     3.84   178.37     0.65     0.01     4.43     5.86
 20110712.010000    -1.76     3.95   176.87     0.67     0.01     4.36     5.83
 20110712.020000    -2.03     4.06   175.49     0.69     0.01     4.29     5.81
 20110712.030000    -2.12     3.74   174.64     0.70     0.01     4.26     5.77
 20110712.040000    -2.20     3.39   174.26     0.70     0.01     4.25     5.69
 20110712.050000    -2.28     3.04   174.11     0.71     0.01     4.26     5.55
 20110712.060000    -2.35     2.67   174.14     0.70     0.01     4.27     5.43
 20110712.070000    -2.40     2.28   174.30     0.70     0.01     4.29     5.35
 20110712.080000    -2.43     1.86   174.54     0.70     0.01     4.32     5.32
 20110712.090000    -2.48     2.28   174.65     0.70     0.01     4.35     5.32
 20110712.100000    -2.51     2.69   174.62     0.70     0.01     4.37     5.34
 20110712.110000    -2.52     3.10   174.48     0.71     0.01     4.37     5.37
 20110712.120000    -2.53     3.48   174.27     0.71     0.01     4.37     5.40
 20110712.130000    -2.53     3.86   173.99     0.73     0.01     4.36     5.43
 20110712.140000    -2.52     4.23   173.47     0.75     0.01     4.32     5.46
 20110712.150000    -2.48     3.90   173.21     0.77     0.01     4.29     5.48
 20110712.160000    -2.43     3.57   173.54     0.78     0.01     4.31     5.50
 20110712.170000    -2.38     3.24   173.89     0.79     0.01     4.35     5.51
 20110712.180000    -2.33     2.90   174.31     0.79     0.01     4.39     5.53
 20110712.190000    -2.28     2.56   174.82     0.80     0.01     4.43     5.56
 20110712.200000    -2.21     2.20   175.32     0.79     0.01     4.50     5.58
 20110712.210000    -2.32     2.39   175.48     0.79     0.01     4.54     5.61
 20110712.220000    -2.43     2.57   175.49     0.79     0.01     4.56     5.63
 20110712.230000    -2.53     2.76   175.34     0.80     0.01     4.57     5.66
 20110713.000000    -2.63     2.95   175.02     0.80     0.01     4.57     5.68
 20110713.010000    -2.74     3.13   174.51     0.80     0.01     4.56     5.69
 20110713.020000    -2.84     3.31   173.82     0.81     0.01     4.54     5.70
 20110713.030000    -3.05     3.10   173.05     0.81     0.01     4.53     5.70
 20110713.040000    -3.26     2.88   172.24     0.81     0.01     4.52     5.70
 20110713.050000    -3.44     2.64   171.36     0.81     0.01     4.50     5.68
 20110713.060000    -3.62     2.38   170.42     0.81     0.01     4.49     5.66
 20110713.070000    -3.77     2.12   169.41     0.81     0.01     4.47     5.64
 20110713.080000    -3.91     1.83   168.35     0.81     0.01     4.46     5.61
 20110713.090000    -4.14     2.06   167.00     0.81     0.01     4.44     5.59
 20110713.100000    -4.38     2.29   165.30     0.82     0.01     4.41     5.56
 20110713.110000    -4.61     2.52   163.34     0.83     0.01     4.38     5.54
 20110713.120000    -4.85     2.74   161.12     0.84     0.01     4.35     5.52
 20110713.130000    -5.08     2.96   158.38     0.86     0.01     4.28     5.49
 20110713.140000    -5.32     3.19   155.64     0.89     0.01     4.22     5.46
 20110713.150000    -4.95     3.05   154.33     0.90     0.01     4.20     5.42
 20110713.160000    -4.59     2.91   154.00     0.90     0.01     4.22     5.42
 20110713.170000    -4.22     2.77   154.11     0.90     0.01     4.25     5.45
 20110713.180000    -3.86     2.63   154.54     0.90     0.01     4.28     5.49
 20110713.190000    -3.49     2.49   155.12     0.89     0.01     4.31     5.55
 20110713.200000    -3.12     2.35   155.93     0.89     0.01     4.34     5.60
 20110713.210000    -3.25     2.58   156.62     0.89     0.01     4.37     5.67
 20110713.220000    -3.39     2.80   157.07     0.89     0.01     4.39     5.73
 20110713.230000    -3.52     3.03   157.38     0.90     0.01     4.40     5.78
 20110714.000000    -3.64     3.25   157.58     0.90     0.01     4.41     5.81
 20110714.010000    -3.77     3.48   157.69     0.91     0.01     4.42     5.82
 20110714.020000    -3.90     3.70   157.77     0.92     0.01     4.42     5.82
 20110714.030000    -3.86     3.39   158.06     0.93     0.02     4.44     5.81
 20110714.040000    -3.80     3.06   158.46     0.94     0.02     4.47     5.80
 20110714.050000    -3.74     2.73   158.87     0.95     0.02     4.50     5.79
 20110714.060000    -3.67     2.39   159.24     0.95     0.02     4.54     5.80
 20110714.070000    -3.60     2.05   159.53     0.96     0.02     4.59     5.81
 20110714.080000    -3.50     1.69   159.75     0.97     0.02     4.64     5.85
 20110714.090000    -3.53     2.00   159.78     0.98     0.02     4.71     5.90
 20110714.100000    -3.54     2.32   159.67     1.00     0.02     4.80     5.98
 20110714.110000    -3.54     2.61   159.51     1.02     0.03     4.89     6.07
 20110714.120000    -3.53     2.91   159.37     1.05     0.03     4.99     6.18
 20110714.130000    -3.51     3.19   159.29     1.08     0.03     5.09     6.30
 20110714.140000    -3.48     3.47   159.25     1.11     0.04     5.17     6.44
 20110714.150000    -2.98     4.17   159.29     1.14     0.04     5.23     6.54
 20110714.160000    -2.36     4.79   159.52     1.17     0.04     5.27     6.59
 20110714.170000    -1.65     5.30   159.99     1.20     0.04     5.30     6.62
 20110714.180000    -0.86     5.69   160.93     1.23     0.04     5.30     6.63
 20110714.190000    -0.04     5.96   162.58     1.26     0.05     5.27     6.64
 20110714.200000     0.79     6.12   164.41     1.29     0.05     5.25     6.64
 20110714.210000     0.58     6.14   166.03     1.31     0.05     5.25     6.63
 20110714.220000     0.36     6.15   167.46     1.32     0.05     5.25     6.62
 20110714.230000     0.15     6.15   168.69     1.32     0.05     5.25     6.62
 20110715.000000    -0.07     6.14   169.67     1.33     0.05     5.25     6.61
 20110715.010000    -0.28     6.14   170.39     1.33     0.05     5.26     6.60
 20110715.020000    -0.49     6.11   170.84     1.35     0.05     5.28     6.60
 20110715.030000    -0.06     6.51   171.21     1.37     0.05     5.31     6.60
 20110715.040000     0.38     6.89   171.63     1.41     0.06     5.36     6.61
 20110715.050000     0.82     7.23   172.22     1.46     0.07     5.43     6.64
 20110715.060000     1.26     7.56   173.19     1.52     0.08     5.49     6.67
 20110715.070000     1.70     7.86   174.85     1.61     0.09     5.52     6.71
 20110715.080000     2.13     8.15   176.79     1.70     0.11     5.56     6.76
 20110715.090000     1.99     8.66   178.61     1.78     0.13     5.61     6.80
 20110715.100000     1.86     9.16   180.24     1.85     0.14     5.66     6.85
 20110715.110000     1.72     9.66   181.63     1.93     0.15     5.71     6.86
 20110715.120000     1.57    10.16   182.75     2.02     0.15     5.72     6.85
 20110715.130000     1.43    10.64   183.66     2.11     0.16     5.73     6.81
 20110715.140000     1.29    11.13   184.53     2.21     0.17     5.77     6.81
 20110715.150000     1.15    10.72   185.34     2.26     0.17     5.81     6.84
 20110715.160000     1.01    10.30   186.17     2.24     0.18     5.83     6.91
 20110715.170000     0.87     9.88   186.98     2.21     0.18     5.82     6.99
 20110715.180000     0.73     9.46   187.81     2.16     0.18     5.79     7.05
 20110715.190000     0.59     9.04   188.65     2.11     0.18     5.76     7.11
 20110715.200000     0.44     8.62   189.49     2.06     0.19     5.73     7.15
 20110715.210000     0.56     8.78   190.27     2.03     0.19     5.70     7.18
 20110715.220000     0.67     8.93   190.97     2.01     0.19     5.66     7.21
 20110715.230000     0.78     9.07   191.58     2.00     0.19     5.63     7.22
 20110716.000000     0.89     9.23   192.10     2.00     0.19     5.61     7.21
 20110716.010000     1.00     9.37   192.53     2.00     0.18     5.59     7.20
 20110716.020000     1.11     9.52   192.87     2.00     0.18     5.57     7.16
 20110716.030000     1.55     9.38   193.27     2.00     0.17     5.56     7.10
 20110716.040000     1.99     9.22   193.69     1.99     0.16     5.53     7.05
 20110716.050000     2.43     9.03   194.09     1.97     0.15     5.50     6.99
 20110716.060000     2.86     8.82   194.47     1.96     0.14     5.47     6.92
 20110716.070000     3.28     8.59   194.87     1.93     0.13     5.43     6.84
 20110716.080000     3.70     8.33   195.29     1.91     0.12     5.39     6.76
 20110716.090000     4.08     7.93   195.76     1.88     0.11     5.35     6.70
 20110716.100000     4.44     7.49   196.45     1.85     0.10     5.32     6.67
 20110716.110000     4.80     7.03   197.30     1.81     0.09     5.29     6.64
 20110716.120000     5.14     6.54   198.38     1.76     0.09     5.27     6.62
 20110716.130000     5.45     6.01   199.41     1.72     0.08     5.24     6.61
 20110716.140000     5.74     5.44   200.42     1.69     0.08     5.23     6.60
 20110716.150000     5.46     5.51   201.12     1.65     0.07     5.22     6.60
 20110716.160000     5.19     5.56   201.43     1.63     0.07     5.20     6.60
 20110716.170000     4.90     5.62   201.50     1.61     0.07     5.19     6.61
 20110716.180000     4.61     5.66   201.42     1.60     0.07     5.18     6.62
 20110716.190000     4.32     5.70   201.17     1.59     0.07     5.18     6.63
 20110716.200000     4.01     5.73   200.79     1.58     0.07     5.19     6.65
 20110716.210000     3.81     6.00   200.41     1.56     0.07     5.19     6.66
 20110716.220000     3.59     6.25   200.07     1.55     0.07     5.17     6.67
 20110716.230000     3.36     6.48   199.87     1.54     0.07     5.14     6.67
 20110717.000000     3.13     6.71   199.77     1.52     0.06     5.11     6.66
 20110717.010000     2.89     6.93   199.71     1.51     0.06     5.06     6.64
 20110717.020000     2.65     7.13   199.65     1.49     0.05     5.01     6.62
 20110717.030000     2.93     6.72   199.68     1.47     0.05     4.96     6.59
 20110717.040000     3.21     6.27   199.78     1.44     0.05     4.91     6.56
 20110717.050000     3.47     5.79   199.94     1.41     0.04     4.86     6.53
 20110717.060000     3.72     5.29   200.15     1.38     0.04     4.80     6.49
 20110717.070000     3.95     4.75   200.27     1.35     0.03     4.75     6.46
 20110717.080000     4.16     4.18   200.19     1.30     0.03     4.77     6.43
 20110717.090000     4.46     4.22   200.53     1.26     0.03     4.76     6.40
 20110717.100000     4.77     4.26   201.08     1.24     0.03     4.72     6.36
 20110717.110000     5.07     4.30   201.61     1.23     0.02     4.68     6.28
 20110717.120000     5.37     4.33   202.12     1.22     0.02     4.65     6.18
 20110717.130000     5.66     4.36   202.62     1.23     0.02     4.63     6.11
 20110717.140000     5.95     4.39   203.14     1.24     0.02     4.63     6.05
 20110717.150000     5.69     4.49   203.15     1.25     0.02     4.66     6.02
 20110717.160000     5.43     4.60   202.88     1.26     0.02     4.70     6.02
 20110717.170000     5.16     4.70   202.52     1.27     0.02     4.74     6.04
 20110717.180000     4.88     4.80   202.12     1.28     0.03     4.78     6.07
 20110717.190000     4.59     4.88   201.70     1.28     0.03     4.80     6.11
 20110717.200000     4.30     4.96   201.32     1.28     0.03     4.82     6.14
 20110717.210000     4.08     4.88   200.99     1.28     0.03     4.84     6.18
 20110717.220000     3.87     4.79   200.76     1.27     0.03     4.85     6.21
 20110717.230000     3.65     4.72   200.60     1.26     0.03     4.84     6.24
 20110718.000000     3.44     4.63   200.50     1.25     0.03     4.84     6.26
 20110718.010000     3.21     4.54   200.46     1.24     0.03     4.82     6.28
 20110718.020000     2.99     4.45   200.46     1.22     0.03     4.80     6.29
 20110718.030000     2.92     4.22   200.46     1.20     0.03     4.78     6.30
 20110718.040000     2.86     4.00   200.03     1.18     0.03     4.79     6.31
 20110718.050000     2.78     3.77   199.56     1.15     0.03     4.81     6.32
 20110718.060000     2.71     3.54   199.26     1.13     0.03     4.83     6.34
 20110718.070000     2.64     3.31   198.99     1.11     0.03     4.87     6.35
 20110718.080000     2.57     3.07   198.55     1.09     0.03     4.91     6.37
 20110718.090000     2.88     2.85   197.91     1.07     0.03     4.98     6.39
 20110718.100000     3.18     2.60   197.53     1.06     0.03     5.02     6.42
 20110718.110000     3.45     2.33   197.23     1.07     0.03     5.06     6.45
 20110718.120000     3.70     2.02   196.84     1.08     0.03     5.13     6.49
 20110718.130000     3.92     1.70   196.40     1.10     0.04     5.21     6.55
 20110718.140000     4.11     1.36   195.96     1.13     0.05     5.33     6.61
 20110718.150000     4.41     1.79   195.73     1.18     0.06     5.45     6.69
 20110718.160000     4.70     2.20   195.75     1.22     0.08     5.57     6.77
 20110718.170000     4.99     2.61   196.03     1.27     0.10     5.66     6.87
 20110718.180000     5.26     3.02   196.60     1.32     0.11     5.72     7.00
 20110718.190000     5.52     3.42   197.41     1.37     0.13     5.74     7.12
 20110718.200000     5.78     3.83   198.49     1.42     0.14     5.71     7.19
 20110718.210000     5.82     3.83   199.48     1.46     0.14     5.66     7.23
 20110718.220000     5.87     3.83   200.04     1.48     0.14     5.63     7.23
 20110718.230000     5.91     3.83   200.53     1.49     0.14     5.61     7.22
 20110719.000000     5.96     3.83   201.00     1.48     0.13     5.57     7.20
 20110719.010000     6.00     3.83   201.45     1.47     0.13     5.52     7.17
 20110719.020000     6.05     3.83   201.90     1.46     0.12     5.46     7.12
 20110719.030000     5.89     3.62   202.18     1.44     0.11     5.41     7.07
 20110719.040000     5.74     3.41   202.39     1.41     0.10     5.35     7.00
 20110719.050000     5.59     3.21   202.59     1.38     0.10     5.28     6.91
 20110719.060000     5.43     3.01   202.74     1.35     0.09     5.22     6.80
 20110719.070000     5.27     2.80   202.82     1.31     0.08     5.15     6.71
 20110719.080000     5.11     2.59   202.82     1.28     0.08     5.09     6.64
 20110719.090000     5.14     2.95   202.94     1.26     0.07     5.02     6.58
 20110719.100000     5.16     3.31   203.15     1.24     0.07     4.95     6.52
 20110719.110000     5.16     3.66   203.36     1.22     0.07     4.88     6.46
 20110719.120000     5.15     4.00   203.56     1.21     0.06     4.82     6.40
 20110719.130000     5.14     4.34   203.72     1.20     0.06     4.77     6.34
 20110719.140000     5.12     4.67   203.83     1.19     0.06     4.72     6.23
 20110719.150000     5.04     4.53   203.80     1.18     0.05     4.69     6.13
 20110719.160000     4.97     4.39   203.71     1.17     0.05     4.66     6.06
 20110719.170000     4.90     4.26   203.57     1.16     0.05     4.64     6.02
 20110719.180000     4.83     4.12   203.39     1.15     0.05     4.63     5.99
 20110719.190000     4.75     3.99   203.16     1.14     0.05     4.62     5.97
 20110719.200000     4.67     3.85   202.87     1.14     0.05     4.61     5.95
 20110719.210000     4.43     3.91   202.43     1.13     0.05     4.61     5.95
 20110719.220000     4.16     3.98   201.88     1.13     0.04     4.61     5.96
 20110719.230000     3.89     4.03   201.29     1.13     0.04     4.63     5.98
 20110720.000000     3.63     4.07   200.65     1.13     0.04     4.64     6.02
 20110720.010000     3.34     4.12   199.84     1.12     0.04     4.68     6.06
 20110720.020000     3.05     4.15   198.35     1.11     0.04     4.73     6.11
 20110720.030000     3.02     4.39   197.04     1.11     0.04     4.78     6.16
 20110720.040000     2.99     4.63   196.31     1.11     0.04     4.79     6.20
 20110720.050000     2.95     4.85   195.96     1.11     0.04     4.79     6.24
 20110720.060000     2.91     5.08   195.76     1.12     0.04     4.80     6.27
 20110720.070000     2.87     5.31   195.66     1.13     0.04     4.80     6.28
 20110720.080000     2.83     5.53   195.61     1.14     0.04     4.80     6.29
 20110720.090000     3.00     5.60   195.63     1.15     0.04     4.81     6.28
 20110720.100000     3.18     5.67   195.70     1.16     0.04     4.82     6.27
 20110720.110000     3.35     5.75   195.83     1.17     0.04     4.83     6.26
 20110720.120000     3.52     5.81   196.00     1.19     0.04     4.85     6.25
 20110720.130000     3.70     5.87   196.18     1.21     0.04     4.87     6.25
 20110720.140000     3.86     5.94   196.39     1.22     0.04     4.90     6.25
 20110720.150000     3.59     5.72   196.40     1.23     0.04     4.94     6.27
 20110720.160000     3.31     5.50   196.38     1.24     0.04     4.98     6.30
 20110720.170000     3.02     5.28   196.40     1.24     0.04     5.03     6.34
 20110720.180000     2.74     5.05   196.45     1.24     0.04     5.07     6.39
 20110720.190000     2.45     4.83   196.51     1.24     0.05     5.11     6.43
 20110720.200000     2.17     4.59   196.62     1.23     0.05     5.14     6.48
 20110720.210000     2.25     4.58   196.79     1.23     0.05     5.16     6.51
 20110720.220000     2.33     4.55   197.02     1.22     0.05     5.16     6.54
 20110720.230000     2.41     4.53   197.25     1.22     0.05     5.15     6.57
 20110721.000000     2.49     4.51   197.48     1.21     0.05     5.14     6.58
 20110721.010000     2.57     4.48   197.69     1.21     0.05     5.12     6.59
 20110721.020000     2.64     4.46   197.90     1.20     0.04     5.09     6.59
 20110721.030000     2.64     4.21   198.08     1.19     0.04     5.06     6.59
 20110721.040000     2.64     3.96   198.25     1.18     0.04     5.04     6.59
 20110721.050000     2.63     3.71   198.40     1.17     0.04     5.01     6.58
 20110721.060000     2.61     3.45   198.52     1.15     0.04     4.99     6.57
 20110721.070000     2.60     3.19   198.56     1.14     0.04     4.97     6.55
 20110721.080000     2.59     2.92   198.53     1.12     0.03     4.98     6.54
 20110721.090000     2.38     3.13   198.32     1.09     0.03     4.99     6.52
 20110721.100000     2.16     3.31   198.24     1.07     0.03     4.99     6.50
 20110721.110000     1.93     3.48   198.22     1.06     0.03     4.98     6.47
 20110721.120000     1.68     3.63   198.18     1.04     0.03     4.96     6.45
 20110721.130000     1.43     3.76   198.06     1.03     0.03     4.93     6.42
 20110721.140000     1.16     3.88   197.89     1.02     0.03     4.91     6.39
 20110721.150000     1.19     3.81   197.67     1.01     0.02     4.88     6.36
 20110721.160000     1.21     3.74   197.41     1.00     0.02     4.85     6.32
 20110721.170000     1.24     3.67   197.12     0.99     0.02     4.82     6.27
 20110721.180000     1.27     3.60   196.85     0.98     0.02     4.78     6.23
 20110721.190000     1.29     3.52   196.57     0.97     0.02     4.75     6.19
 20110721.200000     1.32     3.45   196.29     0.95     0.02     4.72     6.16
 20110721.210000     1.32     3.39   196.01     0.94     0.02     4.68     6.13
 20110721.220000     1.32     3.34   195.76     0.93     0.02     4.65     6.10
 20110721.230000     1.31     3.28   195.53     0.92     0.02     4.61     6.08
 20110722.000000     1.31     3.23   195.33     0.91     0.01     4.57     6.05
 20110722.010000     1.31     3.17   195.15     0.89     0.01     4.54     6.03
 20110722.020000     1.31     3.11   195.00     0.88     0.01     4.50     6.01
 20110722.030000     1.32     2.79   194.76     0.87     0.01     4.48     5.98
 20110722.040000     1.33     2.47   194.05     0.85     0.01     4.49     5.96
 20110722.050000     1.33     2.13   192.98     0.82     0.01     4.55     5.94
 20110722.060000     1.33     1.78   192.03     0.79     0.01     4.61     5.92
 20110722.070000     1.32     1.42   191.33     0.76     0.01     4.67     5.89
 20110722.080000     1.28     1.03   190.80     0.74     0.01     4.71     5.87
 20110722.090000     1.26     1.37   190.34     0.72     0.01     4.73     5.84
 20110722.100000     1.22     1.68   189.98     0.70     0.01     4.75     5.81
 20110722.110000     1.15     1.98   189.72     0.69     0.01     4.76     5.79
 20110722.120000     1.07     2.26   189.56     0.67     0.01     4.76     5.76
 20110722.130000     0.99     2.52   189.46     0.66     0.01     4.74     5.72
 20110722.140000     0.90     2.78   189.42     0.65     0.01     4.72     5.68
 20110722.150000     0.95     2.75   189.41     0.64     0.01     4.68     5.64
 20110722.160000     1.00     2.72   189.40     0.63     0.00     4.66     5.61
 20110722.170000     1.05     2.68   189.40     0.62     0.00     4.62     5.58
 20110722.180000     1.10     2.65   189.38     0.61     0.00     4.59     5.55
 20110722.190000     1.14     2.61   189.37     0.60     0.00     4.56     5.52
 20110722.200000     1.19     2.57   189.37     0.60     0.00     4.53     5.50
 20110722.210000     1.09     2.42   189.33     0.59     0.00     4.50     5.47
 20110722.220000     0.98     2.28   189.27     0.58     0.00     4.48     5.44
 20110722.230000     0.87     2.13   189.20     0.57     0.00     4.45     5.42
 20110723.000000     0.76     1.99   189.11     0.56     0.00     4.43     5.39
 20110723.010000     0.65     1.84   188.99     0.55     0.00     4.42     5.37
 20110723.020000     0.54     1.69   188.82     0.53     0.00     4.43     5.34
 20110723.030000     0.71     1.52   188.72     0.52     0.00     4.45     5.32
 20110723.040000     0.89     1.31   188.67     0.51     0.00     4.45     5.30
 20110723.050000     1.10     1.00   188.66     0.50     0.00     4.45     5.27
 20110723.060000     1.28     0.57   188.67     0.49     0.00     4.45     5.25
 20110723.070000     1.30    -0.07   188.70     0.48     0.00     4.45     5.22
 20110723.080000     0.94    -0.76   188.74     0.47     0.00     4.44     5.18
 20110723.090000     1.25    -0.52   188.80     0.47     0.00     4.43     5.14
 20110723.100000     1.51    -0.09   188.88     0.46     0.00     4.42     5.11
 20110723.110000     1.59     0.52   188.98     0.45     0.00     4.41     5.09
 20110723.120000     1.38     1.19   189.13     0.44     0.00     4.40     5.06
 20110723.130000     0.92     1.75   189.30     0.44     0.00     4.38     5.04
 20110723.140000     0.30     2.11   189.46     0.43     0.00     4.34     5.02
 20110723.150000     0.59     2.35   189.68     0.43     0.00     4.28     5.00
 20110723.160000     0.87     2.58   190.18     0.43     0.00     4.19     4.98
 20110723.170000     1.16     2.79   190.76     0.43     0.00     4.09     4.96
 20110723.180000     1.44     2.99   191.58     0.43     0.00     3.97     4.94
 20110723.190000     1.72     3.18   192.69     0.44     0.00     3.82     4.93
 20110723.200000     1.99     3.37   193.93     0.46     0.00     3.66     4.92
 20110723.210000     2.20     3.16   195.27     0.48     0.00     3.51     4.91
 20110723.220000     2.41     2.93   196.11     0.49     0.00     3.44     4.89
 20110723.230000     2.59     2.67   196.81     0.49     0.00     3.40     4.88
 20110724.000000     2.76     2.40   197.57     0.49     0.00     3.38     4.86
 20110724.010000     2.91     2.11   198.35     0.49     0.00     3.36     4.84
 20110724.020000     3.05     1.79   199.11     0.49     0.00     3.34     4.83
 20110724.030000     3.09     1.66   199.86     0.49     0.00     3.32     4.81
 20110724.040000     3.14     1.52   200.59     0.48     0.00     3.30     4.79
 20110724.050000     3.18     1.38   201.26     0.48     0.00     3.29     4.78
 20110724.060000     3.21     1.24   201.90     0.48     0.00     3.27     4.76
 20110724.070000     3.24     1.10   202.51     0.47     0.00     3.26     4.74
 20110724.080000     3.27     0.95   203.07     0.47     0.00     3.24     4.71
 20110724.090000     3.29     1.39   203.83     0.47     0.00     3.22     4.69
 20110724.100000     3.27     1.82   204.73     0.47     0.00     3.20     4.67
 20110724.110000     3.21     2.22   205.58     0.47     0.00     3.19     4.65
 20110724.120000     3.12     2.62   206.33     0.47     0.00     3.17     4.62
 20110724.130000     3.01     3.00   206.93     0.47     0.00     3.15     4.59
 20110724.140000     2.86     3.36   207.25     0.48     0.00     3.13     4.54
 20110724.150000     2.72     3.35   207.35     0.48     0.00     3.13     4.37
 20110724.160000     2.56     3.34   207.40     0.48     0.00     3.14     3.41
 20110724.170000     2.41     3.33   207.45     0.48     0.00     3.14     3.45
 20110724.180000     2.26     3.32   207.50     0.48     0.00     3.14     3.47
 20110724.190000     2.10     3.30   207.51     0.48     0.00     3.14     3.49
 20110724.200000     1.94     3.29   207.46     0.47     0.00     3.13     3.50
 20110724.210000     1.73     3.11   207.26     0.47     0.00     3.13     3.51
 20110724.220000     1.51     2.93   206.90     0.46     0.00     3.14     3.53
 20110724.230000     1.29     2.76   206.08     0.45     0.00     3.16     3.54
 20110725.000000     1.07     2.57   204.82     0.44     0.00     3.19     3.56
 20110725.010000     0.85     2.39   203.59     0.43     0.00     3.24     3.92
 20110725.020000     0.62     2.19   202.72     0.41     0.00     3.29     4.00
 20110725.030000     0.81     2.16   201.98     0.40     0.00     3.31     4.05
 20110725.040000     1.01     2.11   201.49     0.40     0.00     3.33     4.08
 20110725.050000     1.19     2.04   201.14     0.39     0.00     3.33     4.11
 20110725.060000     1.37     1.96   200.88     0.39     0.00     3.33     4.12
 20110725.070000     1.54     1.88   200.71     0.38     0.00     3.33     4.13
 20110725.080000     1.70     1.77   200.63     0.38     0.00     3.33     4.12
 20110725.090000     1.62     2.03   200.62     0.38     0.00     3.33     4.11
 20110725.100000     1.52     2.28   200.65     0.37     0.00     3.32     4.09
 20110725.110000     1.42     2.52   200.67     0.37     0.00     3.30     4.07
 20110725.120000     1.30     2.75   200.65     0.38     0.00     3.28     4.04
 20110725.130000     1.18     2.96   200.51     0.38     0.00     3.25     4.01
 20110725.140000     1.05     3.16   200.24     0.38     0.00     3.23     3.96
 20110725.150000     0.69     3.29   199.74     0.38     0.00     3.21     3.89
 20110725.160000     0.30     3.38   198.96     0.38     0.00     3.19     3.82
 20110725.170000    -0.09     3.42   197.92     0.39     0.00     3.17     3.77
 20110725.180000    -0.50     3.42   196.61     0.39     0.00     3.15     3.72
 20110725.190000    -0.90     3.37   195.15     0.39     0.00     3.13     3.69
 20110725.200000    -1.30     3.28   193.48     0.40     0.00     3.11     3.67
 20110725.210000    -1.17     2.96   192.43     0.40     0.00     3.10     3.65
 20110725.220000    -1.05     2.66   191.93     0.39     0.00     3.11     3.65
 20110725.230000    -0.93     2.34   191.76     0.39     0.00     3.13     3.65
 20110726.000000    -0.81     2.04   191.57     0.38     0.00     3.17     3.66
 20110726.010000    -0.69     1.73   191.79     0.37     0.00     3.26     3.67
 20110726.020000    -0.56     1.42   192.35     0.36     0.00     3.37     3.69
 20110726.030000    -0.67     1.44   192.65     0.35     0.00     3.45     3.71
 20110726.040000    -0.76     1.46   192.84     0.34     0.00     3.52     3.73
 20110726.050000    -0.86     1.48   192.93     0.33     0.00     3.57     3.75
 20110726.060000    -0.95     1.49   192.92     0.33     0.00     3.62     3.76
 20110726.070000    -1.04     1.50   192.77     0.32     0.00     3.66     3.77
 20110726.080000    -1.13     1.51   192.39     0.32     0.00     3.69     3.77
 20110726.090000    -1.10     1.54   191.74     0.32     0.00     3.72     3.77
 20110726.100000    -1.07     1.58   190.73     0.32     0.00     3.75     3.76
 20110726.110000    -1.04     1.61   189.19     0.32     0.00     3.77     3.76
 20110726.120000    -1.01     1.65   187.00     0.33     0.00     3.79     3.77
 20110726.130000    -0.98     1.68   184.07     0.34     0.00     3.83     3.81
 20110726.140000    -0.94     1.71   180.42     0.35     0.00     3.87     3.88
 20110726.150000    -0.93     1.76   176.22     0.36     0.00     3.92     4.00
 20110726.160000    -0.91     1.81   171.80     0.38     0.00     3.98     4.14
 20110726.170000    -0.90     1.85   167.51     0.40     0.00     4.05     4.29
 20110726.180000    -0.87     1.90   163.61     0.42     0.00     4.11     4.41
 20110726.190000    -0.86     1.95   160.27     0.44     0.00     4.18     4.50
 20110726.200000    -0.84     1.99   157.50     0.46     0.00     4.23     4.57
 20110726.210000    -0.83     1.87   155.28     0.47     0.00     4.29     4.64
 20110726.220000    -0.82     1.74   153.50     0.49     0.00     4.35     4.71
 20110726.230000    -0.82     1.61   152.09     0.50     0.00     4.40     4.77
 20110727.000000    -0.81     1.48   150.97     0.51     0.00     4.45     4.83
 20110727.010000    -0.80     1.36   150.06     0.52     0.00     4.51     4.88
 20110727.020000    -0.80     1.22   149.31     0.53     0.00     4.56     4.93
 20110727.030000    -0.92     1.07   148.67     0.54     0.00     4.63     4.98
 20110727.040000    -1.07     0.86   148.12     0.56     0.01     4.72     5.04
 20110727.050000    -1.21     0.55   147.65     0.58     0.01     4.82     5.11
 20110727.060000    -1.29     0.06   147.29     0.62     0.01     4.95     5.22
 20110727.070000    -1.10    -0.60   147.02     0.65     0.01     5.10     5.45
 20110727.080000    -0.44    -1.12   146.83     0.69     0.02     5.26     5.72
 20110727.090000    -0.51    -1.19   146.66     0.74     0.02     5.41     5.96
 20110727.100000    -0.57    -1.25   146.46     0.78     0.03     5.56     6.14
 20110727.110000    -0.63    -1.31   146.20     0.82     0.03     5.68     6.27
 20110727.120000    -0.70    -1.37   145.87     0.86     0.04     5.78     6.37
 20110727.130000    -0.77    -1.43   145.47     0.89     0.05     5.87     6.47
 20110727.140000    -0.83    -1.49   145.02     0.91     0.06     5.95     6.55
 20110727.150000    -0.92    -1.29   144.55     0.92     0.07     6.00     6.62
 20110727.160000    -1.03    -1.06   144.08     0.93     0.08     6.06     6.68
 20110727.170000    -1.11    -0.79   143.61     0.94     0.09     6.11     6.74
 20110727.180000    -1.17    -0.45   143.15     0.94     0.10     6.16     6.81
 20110727.190000    -1.15    -0.03   142.71     0.95     0.11     6.20     6.89
 20110727.200000    -0.95     0.40   142.30     0.95     0.12     6.25     6.98
 20110727.210000    -1.38     0.20   141.90     0.95     0.13     6.29     7.08
 20110727.220000    -1.76    -0.03   141.53     0.95     0.14     6.32     7.18
 20110727.230000    -2.09    -0.26   141.13     0.94     0.15     6.34     7.26
 20110728.000000    -2.42    -0.48   140.63     0.94     0.16     6.33     7.32
 20110728.010000    -2.74    -0.71   140.06     0.94     0.16     6.30     7.37
 20110728.020000    -3.04    -0.94   139.45     0.94     0.17     6.25     7.41
 20110728.030000    -3.06    -1.09   138.94     0.94     0.17     6.19     7.44
 20110728.040000    -3.07    -1.25   138.53     0.94     0.17     6.14     7.46
 20110728.050000    -3.07    -1.41   138.23     0.95     0.17     6.10     7.47
 20110728.060000    -3.06    -1.57   138.10     0.96     0.18     6.08     7.48
 20110728.070000    -3.05    -1.73   138.16     0.97     0.19     6.08     7.50
 20110728.080000    -3.04    -1.88   138.42     0.99     0.20     6.11     7.53
 20110728.090000    -3.23    -1.76   138.88     1.03     0.22     6.17     7.57
 20110728.100000    -3.40    -1.63   139.45     1.07     0.24     6.24     7.62
 20110728.110000    -3.56    -1.51   140.03     1.11     0.26     6.31     7.67
 20110728.120000    -3.72    -1.38   140.53     1.16     0.29     6.37     7.72
 20110728.130000    -3.87    -1.24   140.92     1.21     0.31     6.42     7.76
 20110728.140000    -4.01    -1.11   141.16     1.25     0.32     6.45     7.79
 20110728.150000    -4.36    -0.65   141.15     1.29     0.33     6.45     7.81
 20110728.160000    -4.65    -0.17   141.01     1.31     0.33     6.42     7.82
 20110728.170000    -4.89     0.32   140.80     1.33     0.33     6.37     7.82
 20110728.180000    -5.08     0.81   140.58     1.34     0.31     6.30     7.80
 20110728.190000    -5.24     1.30   140.38     1.35     0.30     6.21     7.77
 20110728.200000    -5.35     1.79   140.25     1.35     0.28     6.09     7.72
 20110728.210000    -5.56     1.90   140.18     1.35     0.26     5.97     7.64
 20110728.220000    -5.76     2.01   140.13     1.35     0.24     5.85     7.52
 20110728.230000    -5.96     2.13   140.15     1.34     0.21     5.74     7.40
 20110729.000000    -6.17     2.24   140.29     1.34     0.19     5.63     7.29
 20110729.010000    -6.37     2.36   140.68     1.34     0.17     5.53     7.17
 20110729.020000    -6.57     2.47   141.40     1.35     0.16     5.45     7.06
 20110729.030000    -6.59     2.64   142.54     1.37     0.15     5.41     6.92
 20110729.040000    -6.60     2.81   143.77     1.39     0.14     5.41     6.78
 20110729.050000    -6.61     2.98   144.85     1.42     0.14     5.43     6.71
 20110729.060000    -6.61     3.15   145.64     1.46     0.14     5.44     6.68
 20110729.070000    -6.62     3.31   146.15     1.48     0.15     5.46     6.67
 20110729.080000    -6.61     3.48   146.39     1.49     0.15     5.48     6.67
 20110729.090000    -6.34     3.82   146.49     1.50     0.15     5.48     6.67
 20110729.100000    -6.05     4.15   146.54     1.50     0.15     5.46     6.67
 20110729.110000    -5.73     4.46   146.57     1.49     0.15     5.44     6.67
 20110729.120000    -5.39     4.77   146.70     1.48     0.15     5.41     6.67
 20110729.130000    -5.02     5.05   147.03     1.47     0.15     5.39     6.66
 20110729.140000    -4.63     5.31   147.59     1.45     0.15     5.36     6.65
 20110729.150000    -4.82     4.87   148.31     1.44     0.15     5.34     6.63
 20110729.160000    -4.99     4.40   149.24     1.43     0.16     5.34     6.62
 20110729.170000    -5.14     3.91   150.42     1.42     0.17     5.34     6.60
 20110729.180000    -5.26     3.39   151.87     1.41     0.19     5.35     6.59
 20110729.190000    -5.35     2.84   153.58     1.41     0.21     5.39     6.59
 20110729.200000    -5.40     2.27   155.49     1.41     0.22     5.43     6.59
 20110729.210000    -4.93     2.29   157.67     1.41     0.24     5.49     6.61
 20110729.220000    -4.44     2.30   160.06     1.41     0.26     5.55     6.64
 20110729.230000    -3.95     2.30   162.65     1.40     0.27     5.63     6.70
 20110730.000000    -3.43     2.29   165.43     1.39     0.29     5.72     6.80
 20110730.010000    -2.91     2.28   168.20     1.38     0.30     5.82     7.03
 20110730.020000    -2.36     2.26   170.97     1.37     0.31     5.93     7.72
 20110730.030000    -2.63     2.12   173.67     1.35     0.32     6.05     7.86
 20110730.040000    -2.90     1.98   175.90     1.34     0.33     6.14     7.97
 20110730.050000    -3.14     1.83   177.83     1.33     0.34     6.21     8.08
 20110730.060000    -3.38     1.65   179.54     1.33     0.34     6.26     8.21
 20110730.070000    -3.59     1.48   181.08     1.32     0.35     6.29     8.34
 20110730.080000    -3.79     1.29   182.41     1.32     0.36     6.31     8.45
 20110730.090000    -3.70     1.45   183.59     1.32     0.36     6.32     8.52
 20110730.100000    -3.59     1.60   184.60     1.32     0.36     6.32     8.57
 20110730.110000    -3.48     1.75   185.45     1.31     0.35     6.30     8.61
 20110730.120000    -3.37     1.89   186.12     1.30     0.34     6.28     8.64
 20110730.130000    -3.24     2.04   186.62     1.29     0.33     6.24     8.65
 20110730.140000    -3.10     2.17   186.96     1.28     0.31     6.19     8.65
 20110730.150000    -2.82     2.07   187.19     1.27     0.29     6.14     8.64
 20110730.160000    -2.55     1.97   187.31     1.25     0.28     6.08     8.61
 20110730.170000    -2.26     1.87   187.31     1.23     0.26     6.02     8.58
 20110730.180000    -1.98     1.76   187.23     1.21     0.24     5.96     8.55
 20110730.190000    -1.70     1.65   187.15     1.19     0.23     5.91     8.52
 20110730.200000    -1.41     1.54   187.12     1.17     0.21     5.87     8.49
 20110730.210000    -1.40     1.28   187.21     1.14     0.20     5.85     8.46
 20110730.220000    -1.40     1.00   187.40     1.12     0.19     5.85     8.43
 20110730.230000    -1.38     0.66   187.47     1.09     0.18     5.87     8.29
 20110731.000000    -1.33     0.23   187.43     1.07     0.17     5.86     8.15
 20110731.010000    -1.13    -0.30   187.33     1.05     0.16     5.85     8.05
 20110731.020000    -0.56    -0.80   187.19     1.03     0.15     5.83     7.98
 20110731.030000    -0.66    -0.89   187.01     1.01     0.14     5.82     7.93
 20110731.040000    -0.76    -0.98   186.83     1.00     0.14     5.81     7.89
 20110731.050000    -0.86    -1.07   186.67     0.98     0.14     5.80     7.86
 20110731.060000    -0.96    -1.15   186.52     0.97     0.14     5.79     7.84
 20110731.070000    -1.05    -1.24   186.41     0.96     0.14     5.80     7.82
 20110731.080000    -1.15    -1.33   186.32     0.95     0.14     5.80     7.80
 20110731.090000    -1.25    -1.12   186.27     0.94     0.15     5.81     7.79
 20110731.100000    -1.35    -0.85   186.27     0.93     0.15     5.82     7.77
 20110731.110000    -1.44    -0.48   186.31     0.93     0.16     5.83     7.77
 20110731.120000    -1.43     0.04   186.39     0.93     0.17     5.85     7.76
 20110731.130000    -1.17     0.68   186.51     0.92     0.17     5.87     7.76
 20110731.140000    -0.48     1.18   186.66     0.92     0.18     5.89     7.77
 20110731.150000    -0.44     1.17   186.82     0.92     0.19     5.91     7.78
 20110731.160000    -0.39     1.16   187.00     0.92     0.19     5.93     7.79
 20110731.170000    -0.34     1.14   187.18     0.93     0.20     5.95     7.81
 20110731.180000    -0.30     1.12   187.36     0.93     0.20     5.97     7.84
 20110731.190000    -0.26     1.11   187.54     0.93     0.20     5.98     7.86
 20110731.200000    -0.21     1.08   187.71     0.93     0.20     5.99     7.89
 20110731.210000    -0.11     1.22   187.88     0.93     0.20     5.99     7.91
 20110731.220000    -0.01     1.36   188.04     0.93     0.19     5.99     7.93
 20110731.230000     0.09     1.48   188.19     0.93     0.19     5.98     7.95
 20110801.000000     0.20     1.59   188.33     0.93     0.19     5.97     7.95
 20110801.010000     0.30     1.71   188.46     0.92     0.18     5.96     7.95
 20110801.020000     0.40     1.81   188.57     0.92     0.17     5.94     7.95
 20110801.030000     0.43     1.58   188.68     0.92     0.17     5.92     7.94
 20110801.040000     0.48     1.33   188.78     0.91     0.16     5.89     7.93
 20110801.050000     0.53     1.07   188.87     0.91     0.15     5.86     7.92
 20110801.060000     0.60     0.77   188.94     0.90     0.15     5.83     7.90
 20110801.070000     0.66     0.35   188.99     0.89     0.14     5.80     7.88
 20110801.080000     0.43    -0.31   189.02     0.88     0.13     5.77     7.86
