  Time              windx     windy     DIR    HS      HSWEll     TMM10     TPS
 20111001.080000    -8.56   -11.79    55.79     2.73     0.30     6.01     6.79
 20111001.090000    -8.71   -11.33    54.96     2.78     0.31     6.02     6.85
 20111001.100000    -8.85   -10.86    54.69     2.78     0.32     6.03     6.90
 20111001.110000    -8.99   -10.38    54.63     2.77     0.33     6.03     6.94
 20111001.120000    -9.12    -9.88    54.82     2.75     0.33     6.01     6.96
 20111001.130000    -9.24    -9.38    55.16     2.71     0.33     5.98     6.95
 20111001.140000    -9.35    -8.87    55.68     2.67     0.33     5.95     6.94
 20111001.150000    -9.39    -9.35    55.85     2.67     0.32     5.92     6.90
 20111001.160000    -9.42    -9.83    55.82     2.70     0.32     5.94     6.87
 20111001.170000    -9.45   -10.31    55.71     2.75     0.33     5.99     6.89
 20111001.180000    -9.47   -10.78    55.55     2.81     0.34     6.05     6.94
 20111001.190000    -9.49   -11.25    55.36     2.87     0.37     6.13     7.02
 20111001.200000    -9.51   -11.71    55.13     2.95     0.40     6.21     7.12
 20111001.210000    -9.73   -11.81    55.07     3.02     0.45     6.29     7.20
 20111001.220000    -9.95   -11.92    55.09     3.09     0.50     6.36     7.28
 20111001.230000   -10.17   -12.01    54.97     3.17     0.54     6.40     7.33
 20111002.000000   -10.39   -12.11    54.92     3.25     0.58     6.42     7.38
 20111002.010000   -10.61   -12.22    54.94     3.32     0.61     6.45     7.42
 20111002.020000   -10.83   -12.32    54.98     3.38     0.65     6.49     7.46
 20111002.030000   -10.64   -12.41    54.90     3.41     0.68     6.53     7.49
 20111002.040000   -10.45   -12.50    54.77     3.43     0.70     6.57     7.53
 20111002.050000   -10.26   -12.58    54.68     3.44     0.73     6.60     7.58
 20111002.060000   -10.07   -12.67    54.58     3.46     0.77     6.64     7.64
 20111002.070000    -9.87   -12.75    54.49     3.49     0.80     6.68     7.71
 20111002.080000    -9.67   -12.83    54.41     3.51     0.84     6.71     7.80
 20111002.090000    -9.65   -12.83    54.42     3.53     0.88     6.75     7.89
 20111002.100000    -9.62   -12.82    54.44     3.54     0.91     6.78     7.96
 20111002.110000    -9.60   -12.82    54.47     3.54     0.92     6.78     7.98
 20111002.120000    -9.57   -12.81    54.51     3.53     0.92     6.77     7.94
 20111002.130000    -9.55   -12.81    54.57     3.51     0.91     6.74     7.84
 20111002.140000    -9.52   -12.80    54.61     3.48     0.89     6.70     7.71
 20111002.150000    -9.81   -12.82    54.72     3.47     0.87     6.67     7.63
 20111002.160000   -10.10   -12.84    54.93     3.48     0.85     6.66     7.57
 20111002.170000   -10.38   -12.85    55.22     3.52     0.85     6.68     7.57
 20111002.180000   -10.66   -12.86    55.57     3.56     0.87     6.73     7.63
 20111002.190000   -10.95   -12.87    55.98     3.63     0.91     6.79     7.73
 20111002.200000   -11.22   -12.88    56.43     3.70     0.96     6.87     7.88
 20111002.210000   -11.36   -12.87    56.86     3.76     1.02     6.94     8.00
 20111002.220000   -11.50   -12.85    57.19     3.81     1.08     7.00     8.10
 20111002.230000   -11.63   -12.84    57.41     3.85     1.12     7.05     8.20
 20111003.000000   -11.77   -12.83    57.55     3.88     1.16     7.09     8.25
 20111003.010000   -11.90   -12.81    57.64     3.92     1.20     7.13     8.29
 20111003.020000   -12.04   -12.80    57.72     3.95     1.24     7.17     8.32
 20111003.030000   -12.17   -12.85    57.77     3.99     1.28     7.21     8.36
 20111003.040000   -12.30   -12.90    57.83     4.04     1.34     7.26     8.39
 20111003.050000   -12.42   -12.96    57.90     4.08     1.39     7.30     8.43
 20111003.060000   -12.55   -13.02    57.96     4.13     1.44     7.34     8.47
 20111003.070000   -12.67   -13.07    58.04     4.17     1.48     7.37     8.51
 20111003.080000   -12.80   -13.12    58.14     4.20     1.51     7.40     8.53
 20111003.090000   -12.57   -13.10    58.18     4.20     1.51     7.41     8.59
 20111003.100000   -12.34   -13.09    58.12     4.18     1.48     7.38     8.60
 20111003.110000   -12.10   -13.07    58.01     4.14     1.44     7.33     8.56
 20111003.120000   -11.87   -13.05    57.86     4.09     1.39     7.27     8.50
 20111003.130000   -11.64   -13.03    57.70     4.03     1.33     7.21     8.44
 20111003.140000   -11.40   -13.00    57.51     3.98     1.27     7.15     8.39
 20111003.150000   -11.22   -13.02    57.31     3.94     1.22     7.10     8.33
 20111003.160000   -11.03   -13.04    57.13     3.89     1.17     7.04     8.28
 20111003.170000   -10.85   -13.05    56.97     3.85     1.12     6.99     8.22
 20111003.180000   -10.66   -13.05    56.82     3.80     1.08     6.94     8.16
 20111003.190000   -10.47   -13.06    56.67     3.75     1.03     6.88     8.07
 20111003.200000   -10.29   -13.08    56.53     3.70     0.98     6.82     7.99
 20111003.210000   -10.02   -12.41    56.58     3.61     0.92     6.74     7.90
 20111003.220000    -9.75   -11.74    56.73     3.48     0.85     6.63     7.77
 20111003.230000    -9.48   -11.06    57.04     3.32     0.77     6.50     7.61
 20111004.000000    -9.21   -10.39    57.51     3.14     0.68     6.35     7.44
 20111004.010000    -8.93    -9.71    58.25     2.96     0.61     6.21     7.28
 20111004.020000    -8.65    -9.03    59.19     2.77     0.54     6.08     7.11
 20111004.030000    -8.67    -9.21    59.89     2.65     0.49     5.94     6.88
 20111004.040000    -8.69    -9.40    60.24     2.59     0.45     5.86     6.71
 20111004.050000    -8.71    -9.58    60.42     2.58     0.43     5.82     6.64
 20111004.060000    -8.73    -9.76    60.48     2.59     0.41     5.82     6.62
 20111004.070000    -8.74    -9.94    60.43     2.60     0.40     5.83     6.65
 20111004.080000    -8.76   -10.12    60.26     2.62     0.39     5.85     6.67
 20111004.090000    -8.85    -9.93    60.18     2.63     0.37     5.86     6.70
 20111004.100000    -8.95    -9.72    60.15     2.62     0.36     5.84     6.71
 20111004.110000    -9.04    -9.51    60.12     2.61     0.34     5.81     6.71
 20111004.120000    -9.13    -9.31    60.08     2.58     0.32     5.77     6.69
 20111004.130000    -9.23    -9.09    60.06     2.56     0.29     5.72     6.67
 20111004.140000    -9.31    -8.88    60.05     2.53     0.27     5.68     6.64
 20111004.150000    -9.45    -8.53    60.15     2.49     0.25     5.63     6.61
 20111004.160000    -9.58    -8.18    60.36     2.47     0.24     5.59     6.58
 20111004.170000    -9.70    -7.81    60.69     2.44     0.22     5.55     6.56
 20111004.180000    -9.82    -7.45    61.13     2.42     0.21     5.53     6.54
 20111004.190000    -9.93    -7.07    61.74     2.40     0.20     5.51     6.53
 20111004.200000   -10.02    -6.68    62.69     2.38     0.20     5.51     6.53
 20111004.210000    -9.61    -6.84    63.56     2.34     0.20     5.52     6.54
 20111004.220000    -9.18    -7.00    64.00     2.30     0.19     5.49     6.55
 20111004.230000    -8.73    -7.14    64.15     2.23     0.18     5.43     6.52
 20111005.000000    -8.28    -7.28    63.97     2.15     0.17     5.36     6.45
 20111005.010000    -7.81    -7.41    63.69     2.06     0.16     5.27     6.32
 20111005.020000    -7.34    -7.52    63.34     1.97     0.15     5.16     6.19
 20111005.030000    -7.09    -7.43    62.94     1.89     0.13     5.05     6.08
 20111005.040000    -6.83    -7.34    62.66     1.80     0.12     4.95     5.97
 20111005.050000    -6.58    -7.25    62.42     1.73     0.11     4.86     5.85
 20111005.060000    -6.32    -7.16    62.20     1.66     0.10     4.78     5.73
 20111005.070000    -6.06    -7.07    62.06     1.60     0.09     4.72     5.65
 20111005.080000    -5.81    -6.97    61.90     1.55     0.08     4.66     5.60
 20111005.090000    -5.99    -6.83    61.85     1.51     0.07     4.61     5.55
 20111005.100000    -6.17    -6.70    61.93     1.49     0.06     4.57     5.49
 20111005.110000    -6.34    -6.56    62.12     1.47     0.06     4.53     5.45
 20111005.120000    -6.50    -6.42    62.36     1.46     0.05     4.51     5.41
 20111005.130000    -6.67    -6.27    62.66     1.46     0.05     4.50     5.38
 20111005.140000    -6.83    -6.12    62.95     1.45     0.05     4.48     5.36
 20111005.150000    -6.68    -6.00    63.22     1.44     0.04     4.47     5.36
 20111005.160000    -6.53    -5.89    63.43     1.43     0.04     4.45     5.38
 20111005.170000    -6.38    -5.78    63.71     1.41     0.04     4.42     5.39
 20111005.180000    -6.23    -5.67    64.20     1.38     0.03     4.39     5.39
 20111005.190000    -6.08    -5.55    64.72     1.35     0.03     4.35     5.39
 20111005.200000    -5.93    -5.43    65.34     1.31     0.03     4.32     5.39
 20111005.210000    -5.94    -5.45    66.03     1.28     0.03     4.31     5.37
 20111005.220000    -5.97    -5.45    66.56     1.26     0.03     4.28     5.34
 20111005.230000    -5.99    -5.46    66.91     1.25     0.02     4.25     5.30
 20111006.000000    -6.00    -5.47    67.13     1.23     0.02     4.23     5.25
 20111006.010000    -6.03    -5.47    67.29     1.23     0.02     4.20     5.19
 20111006.020000    -6.05    -5.49    67.35     1.22     0.02     4.18     5.14
 20111006.030000    -6.11    -5.75    67.14     1.22     0.02     4.17     5.08
 20111006.040000    -6.17    -6.00    66.73     1.22     0.02     4.16     5.03
 20111006.050000    -6.22    -6.26    66.20     1.23     0.02     4.17     5.00
 20111006.060000    -6.28    -6.51    65.55     1.25     0.02     4.19     4.99
 20111006.070000    -6.34    -6.76    64.92     1.27     0.02     4.22     4.99
 20111006.080000    -6.39    -7.01    64.24     1.30     0.02     4.26     5.01
 20111006.090000    -6.75    -6.80    64.00     1.33     0.02     4.31     5.04
 20111006.100000    -7.11    -6.57    64.10     1.36     0.02     4.36     5.07
 20111006.110000    -7.44    -6.33    64.37     1.38     0.02     4.41     5.11
 20111006.120000    -7.77    -6.07    64.72     1.42     0.02     4.47     5.17
 20111006.130000    -8.09    -5.81    65.14     1.45     0.02     4.53     5.26
 20111006.140000    -8.39    -5.54    65.55     1.49     0.02     4.59     5.34
 20111006.150000    -8.66    -5.71    65.69     1.54     0.02     4.67     5.40
 20111006.160000    -8.93    -5.88    65.64     1.60     0.02     4.76     5.45
 20111006.170000    -9.21    -6.06    65.62     1.69     0.02     4.85     5.52
 20111006.180000    -9.49    -6.23    65.58     1.79     0.02     4.93     5.61
 20111006.190000    -9.76    -6.41    65.59     1.88     0.02     5.04     5.78
 20111006.200000   -10.03    -6.58    65.58     1.96     0.03     5.14     5.90
 20111006.210000    -9.53    -6.58    65.57     2.00     0.04     5.22     5.98
 20111006.220000    -9.02    -6.57    65.49     1.99     0.04     5.23     6.03
 20111006.230000    -8.51    -6.56    65.36     1.94     0.04     5.19     6.05
 20111007.000000    -7.98    -6.55    65.12     1.87     0.04     5.10     6.04
 20111007.010000    -7.45    -6.52    64.89     1.79     0.04     5.00     6.01
 20111007.020000    -6.91    -6.50    64.72     1.70     0.04     4.89     5.96
 20111007.030000    -6.93    -6.69    64.24     1.64     0.03     4.78     5.88
 20111007.040000    -6.94    -6.89    63.62     1.60     0.03     4.70     5.75
 20111007.050000    -6.95    -7.08    63.09     1.59     0.03     4.65     5.60
 20111007.060000    -6.96    -7.26    62.67     1.59     0.02     4.63     5.53
 20111007.070000    -6.97    -7.45    62.33     1.59     0.02     4.64     5.51
 20111007.080000    -6.98    -7.64    62.01     1.61     0.02     4.66     5.52
 20111007.090000    -7.07    -7.71    61.78     1.63     0.02     4.70     5.55
 20111007.100000    -7.16    -7.78    61.63     1.66     0.02     4.74     5.59
 20111007.110000    -7.25    -7.84    61.46     1.68     0.02     4.79     5.64
 20111007.120000    -7.34    -7.90    61.31     1.71     0.03     4.83     5.70
 20111007.130000    -7.43    -7.97    61.15     1.73     0.03     4.87     5.75
 20111007.140000    -7.52    -8.03    60.98     1.75     0.03     4.91     5.78
 20111007.150000    -7.93    -7.82    61.02     1.78     0.03     4.94     5.81
 20111007.160000    -8.35    -7.61    61.25     1.82     0.04     5.00     5.84
 20111007.170000    -8.74    -7.39    61.63     1.87     0.04     5.07     5.89
 20111007.180000    -9.12    -7.15    62.10     1.93     0.05     5.16     5.95
 20111007.190000    -9.49    -6.90    62.59     2.00     0.06     5.25     6.03
 20111007.200000    -9.85    -6.64    63.07     2.07     0.07     5.36     6.12
 20111007.210000    -9.37    -6.85    63.14     2.11     0.08     5.45     6.25
 20111007.220000    -8.87    -7.03    62.92     2.11     0.09     5.48     6.39
 20111007.230000    -8.36    -7.21    62.59     2.08     0.10     5.47     6.45
 20111008.000000    -7.84    -7.38    62.27     2.02     0.10     5.41     6.46
 20111008.010000    -7.29    -7.53    61.96     1.95     0.09     5.32     6.42
 20111008.020000    -6.73    -7.66    61.67     1.87     0.08     5.21     6.35
 20111008.030000    -6.68    -7.90    61.28     1.82     0.07     5.09     6.18
 20111008.040000    -6.61    -8.15    60.83     1.78     0.06     4.99     6.01
 20111008.050000    -6.55    -8.39    60.39     1.76     0.05     4.93     5.88
 20111008.060000    -6.48    -8.62    59.98     1.75     0.05     4.89     5.79
 20111008.070000    -6.42    -8.86    59.55     1.75     0.04     4.89     5.75
 20111008.080000    -6.35    -9.09    59.13     1.76     0.04     4.90     5.75
 20111008.090000    -6.55    -8.84    59.04     1.78     0.05     4.92     5.78
 20111008.100000    -6.75    -8.59    59.20     1.79     0.05     4.95     5.83
 20111008.110000    -6.95    -8.32    59.43     1.80     0.05     4.97     5.86
 20111008.120000    -7.14    -8.04    59.69     1.81     0.06     5.00     5.89
 20111008.130000    -7.32    -7.76    59.96     1.82     0.06     5.03     5.93
 20111008.140000    -7.50    -7.48    60.22     1.84     0.07     5.07     5.97
 20111008.150000    -7.84    -7.56    60.25     1.87     0.07     5.11     6.01
 20111008.160000    -8.18    -7.64    60.21     1.92     0.08     5.17     6.05
 20111008.170000    -8.52    -7.72    60.20     1.98     0.08     5.25     6.10
 20111008.180000    -8.85    -7.79    60.22     2.04     0.09     5.34     6.18
 20111008.190000    -9.19    -7.87    60.28     2.11     0.10     5.43     6.27
 20111008.200000    -9.52    -7.95    60.36     2.19     0.12     5.52     6.36
 20111008.210000    -9.20    -8.15    60.27     2.23     0.13     5.60     6.44
 20111008.220000    -8.88    -8.35    60.04     2.25     0.15     5.64     6.51
 20111008.230000    -8.54    -8.54    59.75     2.24     0.16     5.65     6.54
 20111009.000000    -8.19    -8.72    59.42     2.22     0.16     5.64     6.55
 20111009.010000    -7.84    -8.90    59.10     2.20     0.16     5.60     6.54
 20111009.020000    -7.48    -9.06    58.78     2.16     0.16     5.55     6.50
 20111009.030000    -7.26    -9.11    58.52     2.13     0.15     5.50     6.44
 20111009.040000    -7.04    -9.16    58.30     2.09     0.14     5.44     6.38
 20111009.050000    -6.82    -9.21    58.07     2.06     0.13     5.38     6.30
 20111009.060000    -6.60    -9.26    57.83     2.02     0.11     5.32     6.23
 20111009.070000    -6.37    -9.30    57.58     1.98     0.10     5.26     6.17
 20111009.080000    -6.14    -9.34    57.31     1.94     0.09     5.20     6.12
 20111009.090000    -6.58    -9.03    57.25     1.91     0.08     5.14     6.06
 20111009.100000    -7.00    -8.70    57.41     1.89     0.08     5.09     6.00
 20111009.110000    -7.41    -8.35    57.74     1.88     0.07     5.06     5.96
 20111009.120000    -7.80    -7.97    58.17     1.88     0.06     5.04     5.92
 20111009.130000    -8.18    -7.57    58.68     1.87     0.06     5.02     5.90
 20111009.140000    -8.54    -7.16    59.26     1.87     0.05     5.01     5.87
 20111009.150000    -8.42    -6.89    59.75     1.85     0.05     4.99     5.86
 20111009.160000    -8.30    -6.62    60.19     1.81     0.04     4.94     5.84
 20111009.170000    -8.17    -6.36    60.64     1.77     0.04     4.88     5.80
 20111009.180000    -8.05    -6.09    61.17     1.72     0.04     4.81     5.73
 20111009.190000    -7.92    -5.82    61.82     1.67     0.04     4.74     5.66
 20111009.200000    -7.79    -5.54    62.74     1.62     0.04     4.67     5.60
 20111009.210000    -7.70    -5.79    63.35     1.59     0.04     4.62     5.54
 20111009.220000    -7.60    -6.02    63.77     1.57     0.04     4.58     5.49
 20111009.230000    -7.50    -6.25    64.12     1.56     0.05     4.56     5.45
 20111010.000000    -7.40    -6.48    64.43     1.56     0.05     4.56     5.42
 20111010.010000    -7.29    -6.70    64.68     1.55     0.05     4.55     5.40
 20111010.020000    -7.18    -6.92    64.86     1.54     0.05     4.54     5.36
 20111010.030000    -7.14    -6.87    65.17     1.53     0.05     4.52     5.32
 20111010.040000    -7.11    -6.82    65.55     1.52     0.05     4.50     5.27
 20111010.050000    -7.07    -6.76    65.95     1.51     0.05     4.47     5.20
 20111010.060000    -7.03    -6.71    66.37     1.49     0.05     4.45     5.15
 20111010.070000    -7.00    -6.67    66.81     1.48     0.05     4.43     5.10
 20111010.080000    -6.97    -6.62    67.29     1.47     0.05     4.41     5.08
 20111010.090000    -7.02    -6.21    68.19     1.46     0.05     4.40     5.07
 20111010.100000    -7.07    -5.80    69.52     1.45     0.05     4.40     5.06
 20111010.110000    -7.10    -5.38    71.26     1.44     0.05     4.40     5.07
 20111010.120000    -7.12    -4.94    73.69     1.42     0.05     4.43     5.08
 20111010.130000    -7.14    -4.50    76.90     1.41     0.05     4.47     5.10
 20111010.140000    -7.14    -4.05    80.84     1.39     0.06     4.54     5.16
 20111010.150000    -7.01    -3.84    84.35     1.37     0.06     4.58     5.29
 20111010.160000    -6.89    -3.61    87.10     1.36     0.06     4.61     5.44
 20111010.170000    -6.76    -3.40    89.21     1.35     0.06     4.61     5.53
 20111010.180000    -6.63    -3.17    90.73     1.33     0.06     4.58     5.57
 20111010.190000    -6.49    -2.96    91.78     1.31     0.05     4.54     5.58
 20111010.200000    -6.36    -2.73    92.46     1.28     0.04     4.49     5.57
 20111010.210000    -6.34    -3.05    92.48     1.25     0.04     4.41     5.53
 20111010.220000    -6.29    -3.37    91.95     1.22     0.03     4.33     5.48
 20111010.230000    -6.24    -3.69    91.08     1.19     0.02     4.25     5.40
 20111011.000000    -6.19    -4.00    89.90     1.17     0.02     4.19     5.33
 20111011.010000    -6.12    -4.31    88.51     1.15     0.01     4.12     5.25
 20111011.020000    -6.04    -4.61    87.00     1.13     0.01     4.05     5.17
 20111011.030000    -6.13    -4.64    85.43     1.11     0.01     4.00     5.08
 20111011.040000    -6.21    -4.67    83.68     1.09     0.01     3.97     5.01
 20111011.050000    -6.30    -4.71    82.17     1.08     0.01     3.94     4.94
 20111011.060000    -6.40    -4.74    80.97     1.07     0.00     3.91     4.87
 20111011.070000    -6.49    -4.78    79.93     1.06     0.00     3.89     4.80
 20111011.080000    -6.58    -4.81    79.01     1.06     0.00     3.87     4.71
 20111011.090000    -6.66    -4.49    78.63     1.06     0.00     3.86     4.67
 20111011.100000    -6.74    -4.15    78.60     1.05     0.00     3.84     4.65
 20111011.110000    -6.80    -3.81    78.74     1.04     0.00     3.83     4.65
 20111011.120000    -6.84    -3.46    79.03     1.03     0.00     3.82     4.64
 20111011.130000    -6.88    -3.10    79.58     1.03     0.00     3.82     4.64
 20111011.140000    -6.91    -2.74    80.15     1.03     0.00     3.82     4.65
 20111011.150000    -6.95    -2.74    80.25     1.03     0.00     3.84     4.65
 20111011.160000    -6.99    -2.75    80.04     1.03     0.00     3.86     4.66
 20111011.170000    -7.03    -2.75    79.60     1.04     0.00     3.89     4.68
 20111011.180000    -7.07    -2.76    78.97     1.05     0.00     3.92     4.72
 20111011.190000    -7.11    -2.77    78.20     1.06     0.00     3.95     4.81
 20111011.200000    -7.15    -2.77    77.39     1.07     0.00     3.97     4.88
 20111011.210000    -6.96    -2.89    76.58     1.07     0.00     3.99     4.93
 20111011.220000    -6.77    -3.01    75.80     1.07     0.00     3.99     4.99
 20111011.230000    -6.58    -3.13    75.04     1.06     0.00     3.98     5.02
 20111012.000000    -6.37    -3.24    74.32     1.06     0.00     3.96     5.03
 20111012.010000    -6.17    -3.36    73.66     1.04     0.00     3.94     5.04
 20111012.020000    -5.96    -3.47    73.06     1.03     0.00     3.91     5.03
 20111012.030000    -6.03    -3.67    72.44     1.02     0.00     3.87     4.99
 20111012.040000    -6.10    -3.87    71.84     1.01     0.00     3.84     4.93
 20111012.050000    -6.16    -4.06    71.32     1.01     0.00     3.82     4.84
 20111012.060000    -6.22    -4.26    70.86     1.01     0.00     3.80     4.70
 20111012.070000    -6.29    -4.45    70.45     1.01     0.00     3.79     4.54
 20111012.080000    -6.34    -4.65    70.08     1.02     0.00     3.79     4.49
 20111012.090000    -6.24    -4.12    70.44     1.01     0.00     3.80     4.54
 20111012.100000    -6.12    -3.57    71.23     1.00     0.00     3.80     4.60
 20111012.110000    -5.98    -3.00    72.13     0.99     0.00     3.78     4.65
 20111012.120000    -5.82    -2.42    73.47     0.96     0.00     3.76     4.67
 20111012.130000    -5.62    -1.83    75.66     0.93     0.00     3.77     4.69
 20111012.140000    -5.38    -1.22    78.56     0.89     0.00     3.78     4.70
 20111012.150000    -5.26    -1.26    81.24     0.85     0.00     3.78     4.70
 20111012.160000    -5.12    -1.31    83.46     0.83     0.00     3.76     4.70
 20111012.170000    -4.99    -1.35    85.46     0.81     0.00     3.72     4.68
 20111012.180000    -4.85    -1.40    87.27     0.80     0.00     3.69     4.64
 20111012.190000    -4.71    -1.44    88.91     0.78     0.00     3.66     4.60
 20111012.200000    -4.58    -1.49    90.40     0.77     0.00     3.62     4.55
 20111012.210000    -4.58    -1.76    91.51     0.75     0.00     3.59     4.50
 20111012.220000    -4.57    -2.02    92.27     0.74     0.00     3.55     4.42
 20111012.230000    -4.56    -2.29    92.67     0.73     0.00     3.52     4.34
 20111013.000000    -4.52    -2.54    92.76     0.73     0.00     3.49     4.25
 20111013.010000    -4.47    -2.80    92.56     0.72     0.00     3.47     4.18
 20111013.020000    -4.43    -3.04    92.08     0.72     0.00     3.45     4.13
 20111013.030000    -4.85    -3.16    90.86     0.72     0.00     3.42     4.08
 20111013.040000    -5.27    -3.27    88.94     0.72     0.00     3.40     4.03
 20111013.050000    -5.69    -3.37    86.59     0.74     0.00     3.40     3.94
 20111013.060000    -6.10    -3.48    84.17     0.76     0.00     3.41     3.80
 20111013.070000    -6.52    -3.59    82.12     0.78     0.00     3.45     3.80
 20111013.080000    -6.93    -3.68    80.30     0.83     0.00     3.50     3.85
 20111013.090000    -6.53    -3.55    80.19     0.86     0.00     3.57     3.98
 20111013.100000    -6.13    -3.40    80.84     0.86     0.00     3.60     4.11
 20111013.110000    -5.73    -3.26    81.48     0.84     0.00     3.61     4.19
 20111013.120000    -5.32    -3.11    81.91     0.82     0.00     3.59     4.24
 20111013.130000    -4.92    -2.97    82.25     0.79     0.00     3.55     4.26
 20111013.140000    -4.51    -2.82    82.73     0.76     0.00     3.53     4.26
 20111013.150000    -4.61    -2.87    83.25     0.74     0.00     3.49     4.25
 20111013.160000    -4.69    -2.92    83.26     0.72     0.00     3.46     4.23
 20111013.170000    -4.78    -2.97    83.42     0.71     0.00     3.42     4.19
 20111013.180000    -4.87    -3.02    83.70     0.71     0.00     3.40     4.15
 20111013.190000    -4.96    -3.06    84.11     0.71     0.00     3.39     4.12
 20111013.200000    -5.05    -3.11    84.66     0.71     0.00     3.40     4.09
 20111013.210000    -4.88    -3.10    85.63     0.71     0.00     3.41     4.08
 20111013.220000    -4.70    -3.09    86.84     0.71     0.00     3.42     4.09
 20111013.230000    -4.52    -3.08    88.10     0.71     0.00     3.44     4.11
 20111014.000000    -4.35    -3.06    89.33     0.71     0.00     3.45     4.12
 20111014.010000    -4.17    -3.06    90.49     0.71     0.01     3.46     4.14
 20111014.020000    -3.99    -3.04    91.62     0.70     0.01     3.48     4.16
 20111014.030000    -3.86    -3.41    92.24     0.71     0.01     3.49     4.17
 20111014.040000    -3.70    -3.76    92.38     0.71     0.01     3.50     4.16
 20111014.050000    -3.53    -4.11    92.23     0.71     0.01     3.51     4.15
 20111014.060000    -3.34    -4.43    91.82     0.72     0.01     3.52     4.13
 20111014.070000    -3.13    -4.74    91.07     0.72     0.01     3.53     4.13
 20111014.080000    -2.90    -5.03    89.99     0.73     0.01     3.55     4.14
 20111014.090000    -3.66    -4.67    89.18     0.74     0.01     3.56     4.16
 20111014.100000    -4.37    -4.18    88.97     0.75     0.01     3.58     4.22
 20111014.110000    -5.02    -3.59    89.43     0.77     0.01     3.61     4.31
 20111014.120000    -5.58    -2.90    90.57     0.78     0.01     3.65     4.40
 20111014.130000    -6.05    -2.15    92.44     0.81     0.01     3.70     4.48
 20111014.140000    -6.39    -1.35    94.82     0.83     0.01     3.77     4.58
 20111014.150000    -6.29    -1.23    97.24     0.85     0.01     3.84     4.72
 20111014.160000    -6.19    -1.12    99.31     0.87     0.01     3.91     4.82
 20111014.170000    -6.09    -1.01   100.96     0.89     0.01     3.96     4.89
 20111014.180000    -5.97    -0.89   102.19     0.89     0.01     4.00     4.95
 20111014.190000    -5.86    -0.78   103.07     0.90     0.01     4.02     5.00
 20111014.200000    -5.76    -0.66   103.64     0.90     0.01     4.03     5.02
 20111014.210000    -5.92    -1.52   103.46     0.90     0.01     4.02     5.02
 20111014.220000    -5.97    -2.40   102.56     0.90     0.01     3.99     5.01
 20111014.230000    -5.92    -3.24   100.79     0.90     0.00     3.97     4.98
 20111015.000000    -5.79    -4.06    98.06     0.91     0.00     3.94     4.93
 20111015.010000    -5.58    -4.85    94.12     0.93     0.00     3.91     4.89
 20111015.020000    -5.33    -5.58    88.69     0.94     0.00     3.87     4.85
 20111015.030000    -5.45    -6.07    83.07     0.97     0.00     3.86     4.77
 20111015.040000    -5.57    -6.54    77.55     1.02     0.00     3.88     4.60
 20111015.050000    -5.68    -7.02    72.82     1.07     0.00     3.93     4.56
 20111015.060000    -5.79    -7.49    69.32     1.14     0.00     4.03     4.61
 20111015.070000    -5.90    -7.96    66.68     1.23     0.00     4.14     4.69
 20111015.080000    -6.01    -8.42    64.48     1.33     0.00     4.27     4.93
 20111015.090000    -6.26    -8.04    63.86     1.42     0.00     4.42     5.06
 20111015.100000    -6.52    -7.65    63.68     1.49     0.01     4.55     5.24
 20111015.110000    -6.75    -7.23    63.44     1.53     0.01     4.65     5.44
 20111015.120000    -6.98    -6.80    63.04     1.55     0.01     4.72     5.51
 20111015.130000    -7.18    -6.35    62.72     1.57     0.02     4.76     5.58
 20111015.140000    -7.38    -5.89    62.60     1.57     0.02     4.78     5.65
 20111015.150000    -7.29    -5.83    62.39     1.57     0.02     4.79     5.71
 20111015.160000    -7.21    -5.78    62.11     1.56     0.02     4.78     5.76
 20111015.170000    -7.12    -5.73    61.90     1.54     0.02     4.76     5.77
 20111015.180000    -7.04    -5.68    61.76     1.53     0.02     4.74     5.77
 20111015.190000    -6.96    -5.63    61.64     1.51     0.02     4.71     5.76
 20111015.200000    -6.86    -5.57    61.59     1.49     0.02     4.67     5.73
 20111015.210000    -6.53    -5.78    61.42     1.47     0.02     4.63     5.70
 20111015.220000    -6.17    -5.98    61.19     1.44     0.02     4.59     5.66
 20111015.230000    -5.80    -6.17    60.91     1.42     0.02     4.55     5.63
 20111016.000000    -5.42    -6.35    60.58     1.39     0.02     4.51     5.60
 20111016.010000    -5.01    -6.50    60.20     1.37     0.02     4.47     5.58
 20111016.020000    -4.61    -6.65    59.75     1.35     0.01     4.43     5.56
 20111016.030000    -4.67    -7.03    59.07     1.33     0.01     4.38     5.51
 20111016.040000    -4.72    -7.41    58.43     1.34     0.01     4.36     5.45
 20111016.050000    -4.78    -7.79    57.93     1.35     0.01     4.37     5.37
 20111016.060000    -4.84    -8.16    57.56     1.37     0.01     4.40     5.34
 20111016.070000    -4.89    -8.52    57.24     1.41     0.01     4.46     5.35
 20111016.080000    -4.94    -8.89    56.95     1.46     0.01     4.54     5.40
 20111016.090000    -5.34    -8.56    57.29     1.51     0.02     4.64     5.48
 20111016.100000    -5.73    -8.21    57.90     1.55     0.02     4.73     5.56
 20111016.110000    -6.12    -7.83    58.54     1.58     0.03     4.81     5.66
 20111016.120000    -6.47    -7.42    59.10     1.60     0.03     4.87     5.74
 20111016.130000    -6.82    -6.99    59.62     1.63     0.04     4.92     5.82
 20111016.140000    -7.14    -6.55    60.12     1.64     0.05     4.96     5.87
 20111016.150000    -7.29    -6.40    60.45     1.66     0.06     5.00     5.91
 20111016.160000    -7.45    -6.26    60.70     1.67     0.06     5.02     5.93
 20111016.170000    -7.60    -6.11    60.91     1.68     0.07     5.03     5.94
 20111016.180000    -7.74    -5.95    61.10     1.68     0.07     5.03     5.94
 20111016.190000    -7.87    -5.80    61.30     1.68     0.07     5.03     5.93
 20111016.200000    -8.01    -5.64    61.49     1.68     0.06     5.02     5.92
 20111016.210000    -7.68    -5.70    61.55     1.66     0.06     4.99     5.91
 20111016.220000    -7.34    -5.76    61.51     1.63     0.06     4.96     5.91
 20111016.230000    -7.00    -5.81    61.41     1.59     0.05     4.90     5.91
 20111017.000000    -6.65    -5.85    61.25     1.55     0.05     4.84     5.90
 20111017.010000    -6.29    -5.89    61.03     1.51     0.04     4.77     5.88
 20111017.020000    -5.93    -5.92    60.72     1.47     0.04     4.70     5.85
 20111017.030000    -5.90    -6.23    60.23     1.44     0.03     4.62     5.79
 20111017.040000    -5.86    -6.52    59.73     1.42     0.03     4.56     5.67
 20111017.050000    -5.82    -6.81    59.33     1.42     0.02     4.52     5.54
 20111017.060000    -5.77    -7.10    59.04     1.42     0.02     4.50     5.46
 20111017.070000    -5.72    -7.38    58.81     1.42     0.02     4.51     5.43
 20111017.080000    -5.68    -7.66    58.63     1.44     0.02     4.54     5.43
 20111017.090000    -5.99    -7.65    58.66     1.47     0.02     4.59     5.46
 20111017.100000    -6.30    -7.62    58.88     1.50     0.02     4.65     5.50
 20111017.110000    -6.61    -7.59    59.15     1.54     0.02     4.71     5.55
 20111017.120000    -6.90    -7.56    59.44     1.58     0.03     4.78     5.61
 20111017.130000    -7.21    -7.53    59.72     1.62     0.03     4.84     5.66
 20111017.140000    -7.50    -7.48    59.97     1.66     0.03     4.90     5.71
 20111017.150000    -7.52    -7.21    60.27     1.68     0.03     4.95     5.77
 20111017.160000    -7.54    -6.93    60.52     1.69     0.04     4.97     5.82
 20111017.170000    -7.56    -6.65    60.68     1.68     0.04     4.97     5.86
 20111017.180000    -7.57    -6.36    60.81     1.66     0.04     4.95     5.87
 20111017.190000    -7.58    -6.07    60.94     1.64     0.04     4.93     5.87
 20111017.200000    -7.58    -5.78    61.07     1.63     0.04     4.91     5.87
 20111017.210000    -7.57    -6.05    61.04     1.62     0.04     4.89     5.86
 20111017.220000    -7.56    -6.31    60.94     1.63     0.04     4.89     5.83
 20111017.230000    -7.55    -6.57    60.85     1.64     0.04     4.91     5.82
 20111018.000000    -7.54    -6.83    60.75     1.66     0.04     4.93     5.82
 20111018.010000    -7.52    -7.09    60.62     1.68     0.04     4.96     5.83
 20111018.020000    -7.49    -7.35    60.45     1.70     0.05     5.00     5.86
 20111018.030000    -7.44    -7.89    60.05     1.74     0.05     5.03     5.88
 20111018.040000    -7.39    -8.43    59.45     1.78     0.05     5.08     5.91
 20111018.050000    -7.32    -8.95    58.72     1.83     0.06     5.14     5.95
 20111018.060000    -7.24    -9.47    57.83     1.90     0.06     5.19     5.99
 20111018.070000    -7.16    -9.97    56.60     1.98     0.07     5.20     6.03
 20111018.080000    -7.07   -10.47    55.48     2.06     0.07     5.22     6.06
 20111018.090000    -7.80   -10.27    55.08     2.12     0.08     5.27     6.09
 20111018.100000    -8.51   -10.04    55.31     2.20     0.08     5.34     6.13
 20111018.110000    -9.21    -9.77    56.00     2.28     0.09     5.42     6.20
 20111018.120000    -9.87    -9.48    56.92     2.38     0.10     5.53     6.30
 20111018.130000   -10.52    -9.17    57.96     2.48     0.12     5.64     6.45
 20111018.140000   -11.14    -8.84    59.02     2.59     0.14     5.76     6.56
 20111018.150000   -10.77    -8.73    59.62     2.66     0.18     5.86     6.65
 20111018.160000   -10.40    -8.63    59.70     2.66     0.21     5.90     6.75
 20111018.170000   -10.02    -8.52    59.56     2.63     0.23     5.89     6.83
 20111018.180000    -9.65    -8.42    59.35     2.58     0.24     5.85     6.89
 20111018.190000    -9.27    -8.31    59.14     2.51     0.23     5.77     6.87
 20111018.200000    -8.89    -8.20    58.96     2.43     0.22     5.69     6.79
 20111018.210000    -8.63    -8.32    58.76     2.36     0.20     5.59     6.68
 20111018.220000    -8.36    -8.45    58.50     2.29     0.18     5.49     6.56
 20111018.230000    -8.09    -8.56    58.24     2.24     0.17     5.41     6.46
 20111019.000000    -7.81    -8.67    57.98     2.18     0.15     5.33     6.35
 20111019.010000    -7.53    -8.78    57.67     2.13     0.14     5.26     6.26
 20111019.020000    -7.25    -8.88    57.35     2.09     0.13     5.20     6.18
 20111019.030000    -7.31    -9.14    56.97     2.07     0.12     5.15     6.12
 20111019.040000    -7.38    -9.40    56.63     2.07     0.11     5.13     6.07
 20111019.050000    -7.43    -9.65    56.36     2.09     0.11     5.15     6.06
 20111019.060000    -7.49    -9.90    56.16     2.13     0.11     5.20     6.09
 20111019.070000    -7.55   -10.15    55.97     2.17     0.11     5.26     6.13
 20111019.080000    -7.61   -10.41    55.80     2.23     0.12     5.35     6.21
 20111019.090000    -7.74   -10.15    55.87     2.27     0.14     5.44     6.33
 20111019.100000    -7.86    -9.90    56.06     2.30     0.16     5.50     6.44
 20111019.110000    -7.99    -9.64    56.27     2.32     0.17     5.54     6.52
 20111019.120000    -8.11    -9.38    56.48     2.33     0.19     5.56     6.56
 20111019.130000    -8.22    -9.11    56.71     2.33     0.19     5.57     6.58
 20111019.140000    -8.33    -8.84    56.98     2.32     0.20     5.57     6.59
 20111019.150000    -8.22    -8.64    57.21     2.31     0.20     5.55     6.59
 20111019.160000    -8.11    -8.44    57.40     2.28     0.19     5.52     6.58
 20111019.170000    -7.99    -8.24    57.56     2.24     0.19     5.46     6.54
 20111019.180000    -7.87    -8.04    57.76     2.19     0.18     5.40     6.48
 20111019.190000    -7.76    -7.84    58.00     2.13     0.17     5.32     6.38
 20111019.200000    -7.64    -7.64    58.28     2.07     0.16     5.24     6.27
 20111019.210000    -7.25    -7.87    58.32     2.01     0.14     5.15     6.17
 20111019.220000    -6.86    -8.08    58.01     1.95     0.13     5.07     6.09
 20111019.230000    -6.44    -8.28    57.59     1.89     0.12     5.01     6.02
 20111020.000000    -6.01    -8.47    57.15     1.81     0.10     4.95     5.96
 20111020.010000    -5.58    -8.64    56.26     1.75     0.09     4.88     5.90
 20111020.020000    -5.12    -8.79    55.35     1.70     0.08     4.79     5.83
 20111020.030000    -5.06    -8.76    54.49     1.66     0.08     4.71     5.73
 20111020.040000    -4.99    -8.74    53.77     1.62     0.07     4.63     5.62
 20111020.050000    -4.93    -8.71    53.19     1.59     0.06     4.57     5.53
 20111020.060000    -4.86    -8.68    52.69     1.56     0.05     4.51     5.46
 20111020.070000    -4.80    -8.65    52.27     1.54     0.05     4.45     5.40
 20111020.080000    -4.73    -8.63    51.88     1.51     0.04     4.41     5.35
 20111020.090000    -4.96    -8.36    51.80     1.49     0.04     4.37     5.31
 20111020.100000    -5.18    -8.08    51.96     1.47     0.04     4.33     5.26
 20111020.110000    -5.39    -7.80    52.42     1.45     0.03     4.31     5.22
 20111020.120000    -5.60    -7.49    53.63     1.43     0.03     4.32     5.20
 20111020.130000    -5.80    -7.18    54.65     1.40     0.03     4.32     5.19
 20111020.140000    -6.00    -6.87    55.55     1.39     0.02     4.34     5.20
 20111020.150000    -6.05    -6.55    56.44     1.38     0.02     4.34     5.23
 20111020.160000    -6.10    -6.23    57.39     1.37     0.02     4.34     5.27
 20111020.170000    -6.15    -5.90    58.48     1.35     0.02     4.33     5.31
 20111020.180000    -6.18    -5.56    59.50     1.33     0.02     4.33     5.34
 20111020.190000    -6.21    -5.22    60.54     1.30     0.02     4.31     5.37
 20111020.200000    -6.23    -4.87    61.97     1.27     0.02     4.31     5.39
 20111020.210000    -6.02    -5.01    62.88     1.24     0.02     4.31     5.38
 20111020.220000    -5.81    -5.16    63.25     1.22     0.02     4.29     5.36
 20111020.230000    -5.59    -5.30    63.44     1.20     0.01     4.26     5.33
 20111021.000000    -5.36    -5.43    63.61     1.19     0.01     4.24     5.30
 20111021.010000    -5.13    -5.56    63.62     1.18     0.01     4.22     5.27
 20111021.020000    -4.89    -5.68    63.56     1.16     0.01     4.19     5.24
 20111021.030000    -4.78    -5.91    63.35     1.16     0.01     4.16     5.21
 20111021.040000    -4.67    -6.13    63.08     1.15     0.01     4.14     5.17
 20111021.050000    -4.56    -6.35    62.77     1.14     0.01     4.11     5.12
 20111021.060000    -4.44    -6.56    62.45     1.14     0.01     4.10     5.08
 20111021.070000    -4.31    -6.77    62.12     1.14     0.01     4.10     5.06
 20111021.080000    -4.18    -6.97    61.76     1.15     0.01     4.10     5.05
 20111021.090000    -4.63    -6.89    61.62     1.16     0.01     4.11     5.04
 20111021.100000    -5.05    -6.78    61.68     1.17     0.01     4.13     5.03
 20111021.110000    -5.47    -6.66    61.88     1.19     0.00     4.17     5.04
 20111021.120000    -5.87    -6.52    62.16     1.22     0.01     4.21     5.05
 20111021.130000    -6.27    -6.37    62.47     1.25     0.01     4.26     5.06
 20111021.140000    -6.65    -6.21    62.80     1.28     0.01     4.31     5.08
 20111021.150000    -6.58    -5.58    63.42     1.29     0.01     4.36     5.15
 20111021.160000    -6.48    -4.93    64.02     1.27     0.01     4.36     5.24
 20111021.170000    -6.37    -4.26    64.46     1.24     0.01     4.33     5.33
 20111021.180000    -6.23    -3.57    64.99     1.20     0.01     4.28     5.36
 20111021.190000    -6.06    -2.86    65.89     1.15     0.01     4.24     5.37
 20111021.200000    -5.84    -2.12    67.55     1.09     0.01     4.22     5.37
 20111021.210000    -5.92    -2.78    68.76     1.05     0.00     4.18     5.36
 20111021.220000    -5.95    -3.41    69.31     1.04     0.00     4.12     5.34
 20111021.230000    -5.94    -4.03    69.47     1.03     0.00     4.07     5.29
 20111022.000000    -5.89    -4.64    69.24     1.03     0.00     4.03     5.18
 20111022.010000    -5.82    -5.23    68.67     1.04     0.00     4.02     4.98
 20111022.020000    -5.73    -5.79    67.82     1.07     0.00     4.02     4.82
 20111022.030000    -5.95    -6.06    67.00     1.10     0.00     4.06     4.77
 20111022.040000    -6.16    -6.33    66.17     1.14     0.00     4.12     4.82
 20111022.050000    -6.39    -6.61    65.30     1.19     0.00     4.19     4.90
 20111022.060000    -6.61    -6.88    64.03     1.26     0.00     4.26     4.96
 20111022.070000    -6.83    -7.15    62.77     1.34     0.00     4.35     5.04
 20111022.080000    -7.05    -7.43    62.08     1.43     0.01     4.46     5.15
 20111022.090000    -7.11    -7.19    61.87     1.49     0.01     4.56     5.32
 20111022.100000    -7.17    -6.94    61.86     1.53     0.01     4.65     5.43
 20111022.110000    -7.22    -6.69    61.86     1.55     0.01     4.70     5.50
 20111022.120000    -7.27    -6.44    61.84     1.56     0.01     4.72     5.56
 20111022.130000    -7.31    -6.18    61.80     1.56     0.02     4.74     5.62
 20111022.140000    -7.36    -5.92    61.85     1.55     0.02     4.74     5.69
 20111022.150000    -7.53    -5.82    61.87     1.55     0.02     4.73     5.71
 20111022.160000    -7.69    -5.73    61.89     1.55     0.02     4.73     5.70
 20111022.170000    -7.86    -5.63    61.97     1.56     0.02     4.74     5.68
 20111022.180000    -8.02    -5.52    62.12     1.57     0.02     4.75     5.66
 20111022.190000    -8.18    -5.42    62.32     1.58     0.02     4.77     5.65
 20111022.200000    -8.33    -5.32    62.57     1.60     0.03     4.79     5.65
 20111022.210000    -8.43    -5.18    62.84     1.61     0.03     4.81     5.66
 20111022.220000    -8.53    -5.05    63.10     1.62     0.03     4.82     5.67
 20111022.230000    -8.62    -4.92    63.35     1.62     0.03     4.83     5.68
 20111023.000000    -8.71    -4.79    63.57     1.63     0.02     4.83     5.68
 20111023.010000    -8.80    -4.65    63.77     1.63     0.02     4.83     5.68
 20111023.020000    -8.88    -4.51    63.96     1.63     0.02     4.82     5.67
 20111023.030000    -8.55    -5.10    63.79     1.62     0.02     4.81     5.67
 20111023.040000    -8.16    -5.68    63.40     1.61     0.02     4.79     5.66
 20111023.050000    -7.74    -6.23    62.91     1.60     0.02     4.77     5.65
 20111023.060000    -7.26    -6.77    62.35     1.59     0.02     4.74     5.63
 20111023.070000    -6.75    -7.26    61.70     1.57     0.02     4.71     5.61
 20111023.080000    -6.21    -7.71    60.94     1.55     0.02     4.67     5.59
 20111023.090000    -6.06    -7.30    60.69     1.51     0.02     4.63     5.57
 20111023.100000    -5.91    -6.87    60.76     1.47     0.02     4.57     5.56
 20111023.110000    -5.76    -6.45    60.94     1.42     0.01     4.50     5.54
 20111023.120000    -5.60    -6.02    61.17     1.37     0.01     4.42     5.53
 20111023.130000    -5.44    -5.59    61.60     1.30     0.01     4.35     5.51
 20111023.140000    -5.28    -5.16    62.61     1.23     0.01     4.30     5.49
 20111023.150000    -5.36    -4.65    63.64     1.16     0.01     4.24     5.46
 20111023.160000    -5.43    -4.13    64.97     1.10     0.01     4.19     5.41
 20111023.170000    -5.47    -3.57    66.21     1.06     0.01     4.12     5.36
 20111023.180000    -5.48    -2.99    67.63     1.01     0.01     4.07     5.31
 20111023.190000    -5.46    -2.40    69.01     0.98     0.01     4.00     5.26
 20111023.200000    -5.40    -1.78    70.75     0.94     0.01     3.96     5.20
 20111023.210000    -5.22    -2.36    72.28     0.90     0.01     3.91     5.12
 20111023.220000    -4.97    -2.93    73.05     0.88     0.01     3.85     5.03
 20111023.230000    -4.65    -3.47    73.45     0.86     0.01     3.79     4.92
 20111024.000000    -4.28    -3.98    73.32     0.84     0.01     3.73     4.81
 20111024.010000    -3.85    -4.45    72.84     0.82     0.01     3.67     4.69
 20111024.020000    -3.38    -4.87    71.95     0.80     0.01     3.61     4.61
 20111024.030000    -3.44    -4.77    71.13     0.79     0.00     3.56     4.54
 20111024.040000    -3.51    -4.68    70.42     0.77     0.00     3.50     4.49
 20111024.050000    -3.58    -4.58    69.80     0.75     0.00     3.45     4.43
 20111024.060000    -3.64    -4.48    69.26     0.74     0.00     3.39     4.37
 20111024.070000    -3.71    -4.37    68.79     0.72     0.00     3.33     4.30
 20111024.080000    -3.77    -4.27    68.40     0.70     0.00     3.28     4.22
 20111024.090000    -3.41    -3.98    68.41     0.68     0.00     3.22     4.15
 20111024.100000    -3.04    -3.70    68.30     0.65     0.00     3.19     4.10
 20111024.110000    -2.66    -3.41    68.49     0.60     0.00     3.22     4.09
 20111024.120000    -2.30    -3.13    69.32     0.57     0.00     3.24     4.09
 20111024.130000    -1.92    -2.83    70.82     0.53     0.00     3.24     4.08
 20111024.140000    -1.54    -2.53    72.63     0.49     0.00     3.25     4.07
 20111024.150000    -1.73    -2.22    74.72     0.47     0.00     3.26     4.06
 20111024.160000    -1.91    -1.87    77.40     0.44     0.00     3.26     4.04
 20111024.170000    -2.07    -1.44    79.99     0.42     0.00     3.26     4.02
 20111024.180000    -2.19    -0.95    82.68     0.41     0.00     3.27     3.99
 20111024.190000    -2.20    -0.40    85.44     0.39     0.00     3.27     3.96
 20111024.200000    -2.09     0.20    88.28     0.37     0.00     3.29     3.92
 20111024.210000    -2.57    -0.41    90.58     0.36     0.00     3.28     3.88
 20111024.220000    -2.93    -1.02    91.51     0.36     0.00     3.20     3.85
 20111024.230000    -3.22    -1.64    90.37     0.36     0.00     3.09     3.81
 20111025.000000    -3.46    -2.23    86.19     0.38     0.00     2.91     3.76
 20111025.010000    -3.67    -2.81    80.44     0.42     0.00     2.77     3.46
 20111025.020000    -3.86    -3.38    75.65     0.46     0.00     2.73     3.01
 20111025.030000    -4.63    -4.18    71.18     0.52     0.00     2.81     3.11
 20111025.040000    -5.40    -4.99    68.26     0.62     0.00     2.98     3.35
 20111025.050000    -6.16    -5.78    67.39     0.78     0.00     3.27     3.68
 20111025.060000    -6.93    -6.58    67.50     0.99     0.00     3.63     4.08
 20111025.070000    -7.70    -7.39    67.29     1.24     0.00     4.01     4.53
 20111025.080000    -8.47    -8.18    66.57     1.52     0.00     4.40     4.97
 20111025.090000    -8.77    -8.36    65.97     1.77     0.01     4.78     5.41
 20111025.100000    -9.06    -8.53    65.16     1.98     0.03     5.08     5.70
 20111025.110000    -9.36    -8.71    64.03     2.15     0.05     5.29     6.02
 20111025.120000    -9.66    -8.89    63.09     2.29     0.07     5.46     6.19
 20111025.130000    -9.95    -9.07    62.27     2.41     0.11     5.62     6.45
 20111025.140000   -10.25    -9.24    61.57     2.52     0.15     5.75     6.57
 20111025.150000   -10.09    -9.29    60.97     2.60     0.19     5.85     6.68
 20111025.160000    -9.93    -9.34    60.42     2.64     0.23     5.92     6.78
 20111025.170000    -9.78    -9.38    59.95     2.65     0.26     5.95     6.87
 20111025.180000    -9.62    -9.43    59.56     2.65     0.28     5.96     6.92
 20111025.190000    -9.45    -9.48    59.27     2.65     0.29     5.97     6.94
 20111025.200000    -9.29    -9.51    59.06     2.64     0.30     5.97     6.94
 20111025.210000    -9.27    -9.73    58.84     2.64     0.31     5.96     6.92
 20111025.220000    -9.25    -9.93    58.65     2.66     0.32     5.97     6.90
 20111025.230000    -9.23   -10.14    58.46     2.68     0.33     5.99     6.90
 20111026.000000    -9.21   -10.35    58.26     2.71     0.34     6.02     6.92
 20111026.010000    -9.18   -10.55    58.05     2.73     0.35     6.05     6.93
 20111026.020000    -9.16   -10.75    57.80     2.76     0.36     6.08     6.96
 20111026.030000    -9.34   -10.34    57.83     2.78     0.38     6.10     7.00
 20111026.040000    -9.52    -9.92    58.03     2.77     0.39     6.12     7.02
 20111026.050000    -9.70    -9.49    58.31     2.76     0.39     6.11     7.03
 20111026.060000    -9.86    -9.04    58.67     2.75     0.39     6.10     7.01
 20111026.070000   -10.01    -8.59    59.07     2.72     0.39     6.08     6.98
 20111026.080000   -10.14    -8.13    59.55     2.70     0.39     6.06     6.94
 20111026.090000    -9.82    -8.12    59.84     2.66     0.38     6.03     6.91
 20111026.100000    -9.49    -8.10    59.96     2.61     0.36     5.98     6.87
 20111026.110000    -9.16    -8.08    60.02     2.56     0.34     5.92     6.83
 20111026.120000    -8.83    -8.06    60.04     2.50     0.33     5.85     6.78
 20111026.130000    -8.49    -8.04    60.04     2.44     0.30     5.77     6.73
 20111026.140000    -8.15    -8.01    60.04     2.37     0.28     5.70     6.68
 20111026.150000    -8.24    -7.82    60.14     2.32     0.26     5.62     6.63
 20111026.160000    -8.33    -7.63    60.38     2.28     0.24     5.56     6.57
 20111026.170000    -8.41    -7.44    60.62     2.24     0.22     5.51     6.52
 20111026.180000    -8.49    -7.23    60.84     2.21     0.21     5.45     6.47
 20111026.190000    -8.57    -7.03    61.07     2.18     0.19     5.41     6.42
 20111026.200000    -8.64    -6.83    61.29     2.15     0.18     5.36     6.37
 20111026.210000    -8.55    -7.17    61.29     2.13     0.16     5.31     6.32
 20111026.220000    -8.45    -7.51    61.11     2.12     0.15     5.28     6.27
 20111026.230000    -8.34    -7.84    60.85     2.12     0.14     5.26     6.23
 20111027.000000    -8.23    -8.17    60.53     2.11     0.13     5.25     6.21
 20111027.010000    -8.12    -8.48    60.19     2.12     0.12     5.24     6.20
 20111027.020000    -7.99    -8.80    59.82     2.12     0.11     5.23     6.18
 20111027.030000    -7.68    -8.78    59.59     2.10     0.11     5.22     6.18
 20111027.040000    -7.36    -8.77    59.39     2.07     0.10     5.19     6.17
 20111027.050000    -7.04    -8.75    59.15     2.04     0.10     5.14     6.14
 20111027.060000    -6.72    -8.73    58.82     1.99     0.09     5.08     6.11
 20111027.070000    -6.39    -8.70    58.39     1.94     0.09     5.03     6.06
 20111027.080000    -6.06    -8.67    57.79     1.88     0.08     4.98     6.01
 20111027.090000    -6.01    -8.41    57.53     1.83     0.08     4.93     5.95
 20111027.100000    -5.97    -8.15    57.38     1.77     0.07     4.87     5.90
 20111027.110000    -5.92    -7.88    57.34     1.72     0.07     4.82     5.85
 20111027.120000    -5.87    -7.61    57.49     1.66     0.06     4.77     5.80
 20111027.130000    -5.82    -7.34    57.85     1.62     0.06     4.72     5.75
 20111027.140000    -5.77    -7.07    58.34     1.57     0.05     4.69     5.70
 20111027.150000    -6.14    -6.78    58.94     1.53     0.05     4.65     5.66
 20111027.160000    -6.50    -6.47    59.57     1.51     0.05     4.62     5.59
 20111027.170000    -6.83    -6.14    60.19     1.51     0.04     4.60     5.54
 20111027.180000    -7.16    -5.79    60.89     1.51     0.04     4.60     5.52
 20111027.190000    -7.47    -5.43    61.69     1.51     0.04     4.62     5.52
 20111027.200000    -7.75    -5.06    62.56     1.53     0.04     4.64     5.55
 20111027.210000    -7.93    -5.46    62.96     1.55     0.04     4.69     5.58
 20111027.220000    -8.10    -5.86    63.09     1.60     0.04     4.75     5.62
 20111027.230000    -8.27    -6.25    63.02     1.65     0.04     4.84     5.67
 20111028.000000    -8.44    -6.64    62.78     1.71     0.04     4.91     5.75
 20111028.010000    -8.60    -7.04    62.44     1.78     0.04     5.00     5.83
 20111028.020000    -8.76    -7.43    62.01     1.85     0.05     5.07     5.90
 20111028.030000    -8.34    -7.47    61.68     1.88     0.05     5.14     5.97
 20111028.040000    -7.90    -7.50    61.39     1.86     0.05     5.15     6.00
 20111028.050000    -7.46    -7.54    61.11     1.83     0.05     5.12     6.02
 20111028.060000    -7.01    -7.56    60.87     1.79     0.05     5.07     6.02
 20111028.070000    -6.56    -7.58    60.68     1.74     0.05     5.00     6.00
 20111028.080000    -6.10    -7.58    60.53     1.69     0.05     4.94     5.97
 20111028.090000    -6.05    -7.44    60.44     1.64     0.04     4.86     5.93
 20111028.100000    -6.00    -7.29    60.42     1.61     0.04     4.80     5.86
 20111028.110000    -5.95    -7.15    60.50     1.58     0.04     4.75     5.78
 20111028.120000    -5.91    -7.00    60.64     1.56     0.04     4.71     5.72
 20111028.130000    -5.86    -6.85    60.83     1.54     0.04     4.69     5.70
 20111028.140000    -5.81    -6.70    61.03     1.53     0.04     4.67     5.69
 20111028.150000    -5.88    -6.29    61.45     1.51     0.04     4.66     5.72
 20111028.160000    -5.94    -5.86    61.99     1.49     0.04     4.65     5.76
 20111028.170000    -5.99    -5.41    62.66     1.47     0.04     4.66     5.82
 20111028.180000    -6.04    -4.97    63.55     1.43     0.04     4.68     5.85
 20111028.190000    -6.06    -4.50    64.51     1.40     0.04     4.70     5.89
 20111028.200000    -6.07    -4.03    65.28     1.37     0.05     4.70     5.91
 20111028.210000    -6.07    -4.44    65.81     1.35     0.05     4.69     5.92
 20111028.220000    -6.04    -4.85    66.05     1.34     0.05     4.66     5.89
 20111028.230000    -6.00    -5.24    66.10     1.34     0.05     4.64     5.82
 20111029.000000    -5.96    -5.63    66.00     1.34     0.04     4.62     5.74
 20111029.010000    -5.90    -6.00    65.75     1.35     0.04     4.60     5.66
 20111029.020000    -5.84    -6.38    65.34     1.35     0.03     4.58     5.59
 20111029.030000    -5.72    -6.70    64.83     1.36     0.03     4.56     5.54
 20111029.040000    -5.59    -7.01    64.20     1.37     0.02     4.56     5.50
 20111029.050000    -5.45    -7.31    63.46     1.37     0.02     4.55     5.47
 20111029.060000    -5.31    -7.61    62.58     1.39     0.02     4.54     5.46
 20111029.070000    -5.17    -7.90    61.63     1.40     0.01     4.55     5.46
 20111029.080000    -5.01    -8.18    60.51     1.42     0.01     4.56     5.47
 20111029.090000    -5.01    -7.75    60.06     1.42     0.01     4.58     5.50
 20111029.100000    -5.00    -7.31    60.13     1.41     0.01     4.58     5.54
 20111029.110000    -4.99    -6.87    60.33     1.39     0.01     4.57     5.57
 20111029.120000    -4.98    -6.42    60.62     1.36     0.01     4.54     5.60
 20111029.130000    -4.96    -5.97    61.06     1.33     0.01     4.50     5.63
 20111029.140000    -4.94    -5.51    61.49     1.29     0.01     4.45     5.63
 20111029.150000    -5.13    -5.39    61.74     1.27     0.01     4.40     5.62
 20111029.160000    -5.32    -5.26    61.96     1.25     0.01     4.35     5.58
 20111029.170000    -5.51    -5.12    62.30     1.23     0.01     4.31     5.52
 20111029.180000    -5.68    -4.99    62.70     1.23     0.02     4.30     5.47
 20111029.190000    -5.86    -4.85    63.20     1.23     0.02     4.29     5.44
 20111029.200000    -6.03    -4.70    63.84     1.24     0.02     4.31     5.43
 20111029.210000    -6.22    -5.10    64.27     1.25     0.02     4.34     5.42
 20111029.220000    -6.39    -5.50    64.49     1.28     0.02     4.38     5.40
 20111029.230000    -6.57    -5.89    64.53     1.32     0.02     4.44     5.40
 20111030.000000    -6.75    -6.29    64.42     1.36     0.02     4.51     5.40
 20111030.010000    -6.91    -6.68    64.16     1.42     0.02     4.58     5.43
 20111030.020000    -7.08    -7.06    63.71     1.47     0.02     4.66     5.47
 20111030.030000    -6.93    -7.31    63.15     1.51     0.02     4.72     5.52
 20111030.040000    -6.77    -7.55    62.60     1.54     0.02     4.77     5.56
 20111030.050000    -6.61    -7.78    62.03     1.57     0.02     4.80     5.60
 20111030.060000    -6.44    -8.00    61.43     1.58     0.03     4.83     5.65
 20111030.070000    -6.27    -8.22    60.79     1.60     0.03     4.85     5.68
 20111030.080000    -6.10    -8.43    60.20     1.61     0.03     4.87     5.70
 20111030.090000    -6.05    -8.28    59.89     1.62     0.03     4.89     5.74
 20111030.100000    -6.01    -8.12    59.78     1.61     0.03     4.89     5.77
 20111030.110000    -5.97    -7.95    59.75     1.61     0.03     4.89     5.80
 20111030.120000    -5.93    -7.79    59.80     1.60     0.04     4.89     5.81
 20111030.130000    -5.88    -7.64    59.94     1.59     0.04     4.88     5.83
 20111030.140000    -5.83    -7.48    60.16     1.58     0.05     4.88     5.85
 20111030.150000    -6.53    -7.44    60.31     1.59     0.05     4.88     5.83
 20111030.160000    -7.20    -7.38    60.61     1.64     0.06     4.92     5.79
 20111030.170000    -7.85    -7.29    61.24     1.70     0.07     5.01     5.79
 20111030.180000    -8.49    -7.19    62.10     1.80     0.08     5.12     5.87
 20111030.190000    -9.12    -7.08    63.05     1.92     0.08     5.23     5.98
 20111030.200000    -9.72    -6.95    63.75     2.05     0.10     5.34     6.09
 20111030.210000    -9.66    -7.19    63.95     2.16     0.11     5.45     6.22
 20111030.220000    -9.59    -7.42    63.70     2.23     0.12     5.53     6.37
 20111030.230000    -9.52    -7.67    63.25     2.27     0.13     5.59     6.48
 20111031.000000    -9.45    -7.90    62.79     2.29     0.14     5.62     6.53
 20111031.010000    -9.37    -8.13    62.34     2.31     0.15     5.63     6.56
 20111031.020000    -9.29    -8.36    61.95     2.32     0.16     5.65     6.57
 20111031.030000    -9.19    -8.61    61.58     2.33     0.16     5.65     6.57
 20111031.040000    -9.09    -8.86    61.23     2.34     0.16     5.66     6.57
 20111031.050000    -8.99    -9.10    60.84     2.36     0.17     5.67     6.58
 20111031.060000    -8.88    -9.35    60.42     2.38     0.17     5.69     6.59
 20111031.070000    -8.77    -9.59    59.93     2.40     0.18     5.70     6.60
 20111031.080000    -8.65    -9.83    59.42     2.42     0.18     5.72     6.61
 20111031.090000    -8.58    -9.41    59.24     2.41     0.18     5.72     6.63
 20111031.100000    -8.49    -9.00    59.25     2.38     0.18     5.69     6.64
 20111031.110000    -8.40    -8.58    59.38     2.33     0.18     5.65     6.62
 20111031.120000    -8.31    -8.15    59.65     2.28     0.18     5.59     6.60
 20111031.130000    -8.22    -7.73    60.07     2.22     0.17     5.52     6.56
 20111031.140000    -8.12    -7.30    60.58     2.15     0.17     5.45     6.50
 20111031.150000    -8.15    -7.18    60.93     2.10     0.16     5.38     6.42
 20111031.160000    -8.18    -7.07    61.21     2.06     0.16     5.32     6.33
 20111031.170000    -8.21    -6.96    61.46     2.04     0.15     5.27     6.25
 20111031.180000    -8.23    -6.84    61.65     2.01     0.14     5.22     6.20
 20111031.190000    -8.26    -6.72    61.80     1.99     0.13     5.19     6.16
 20111031.200000    -8.29    -6.60    61.90     1.97     0.12     5.15     6.13
 20111031.210000    -8.36    -6.92    61.80     1.97     0.12     5.13     6.09
 20111031.220000    -8.43    -7.22    61.59     1.98     0.11     5.13     6.07
 20111031.230000    -8.49    -7.53    61.33     2.00     0.11     5.15     6.06
 20111101.000000    -8.56    -7.83    61.05     2.02     0.10     5.17     6.07
 20111101.010000    -8.62    -8.13    60.75     2.05     0.10     5.21     6.08
 20111101.020000    -8.68    -8.43    60.44     2.08     0.10     5.24     6.10
 20111101.030000    -8.18    -8.49    60.18     2.08     0.09     5.26     6.12
 20111101.040000    -7.67    -8.55    59.97     2.05     0.09     5.23     6.14
 20111101.050000    -7.15    -8.60    59.72     2.00     0.09     5.17     6.12
 20111101.060000    -6.62    -8.63    59.37     1.95     0.08     5.10     6.08
 20111101.070000    -6.07    -8.65    58.88     1.88     0.08     5.03     6.04
 20111101.080000    -5.52    -8.65    58.18     1.81     0.07     4.95     5.99
