  Time              windx     windy     DIR    HS      HSWEll     TMM10     TPS
 20140101.080000    -4.97    -4.38    67.25     0.87     0.00     3.96     4.92
 20140101.090000    -5.00    -3.99    68.91     0.91     0.00     3.99     4.97
 20140101.100000    -5.01    -3.59    70.04     0.92     0.00     4.04     5.03
 20140101.110000    -5.01    -3.17    70.68     0.92     0.00     4.07     5.08
 20140101.120000    -4.99    -2.74    70.85     0.92     0.00     4.09     5.11
 20140101.130000    -4.95    -2.29    70.76     0.91     0.00     4.08     5.13
 20140101.140000    -4.88    -1.84    70.56     0.89     0.00     4.05     5.13
 20140101.150000    -5.18    -2.33    70.16     0.88     0.00     4.01     5.14
 20140101.160000    -5.46    -2.81    69.70     0.87     0.00     3.94     5.11
 20140101.170000    -5.73    -3.28    69.25     0.87     0.00     3.90     5.04
 20140101.180000    -5.99    -3.75    68.74     0.89     0.00     3.87     4.94
 20140101.190000    -6.24    -4.22    68.11     0.91     0.00     3.86     4.79
 20140101.200000    -6.48    -4.67    67.33     0.95     0.00     3.87     4.35
 20140101.210000    -6.21    -5.11    66.28     1.00     0.00     3.90     4.46
 20140101.220000    -5.92    -5.53    65.40     1.03     0.00     3.93     4.55
 20140101.230000    -5.59    -5.93    64.59     1.05     0.00     3.95     4.60
 20140102.000000    -5.24    -6.31    63.85     1.06     0.01     3.97     4.63
 20140102.010000    -4.87    -6.66    63.09     1.07     0.01     3.97     4.66
 20140102.020000    -4.49    -6.99    62.22     1.07     0.01     3.97     4.68
 20140102.030000    -4.25    -6.40    62.23     1.05     0.01     3.95     4.72
 20140102.040000    -4.01    -5.81    62.65     1.01     0.01     3.91     4.78
 20140102.050000    -3.78    -5.23    63.20     0.97     0.01     3.85     4.80
 20140102.060000    -3.54    -4.64    64.00     0.92     0.01     3.80     4.79
 20140102.070000    -3.30    -4.04    65.83     0.85     0.00     3.77     4.78
 20140102.080000    -3.05    -3.44    68.10     0.79     0.00     3.75     4.77
 20140102.090000    -3.05    -3.49    70.07     0.74     0.00     3.71     4.76
 20140102.100000    -3.06    -3.53    71.43     0.71     0.00     3.65     4.74
 20140102.110000    -3.06    -3.58    72.61     0.69     0.00     3.58     4.70
 20140102.120000    -3.07    -3.63    73.80     0.67     0.00     3.53     4.64
 20140102.130000    -3.06    -3.67    75.02     0.66     0.00     3.50     4.58
 20140102.140000    -3.07    -3.72    76.22     0.66     0.00     3.47     4.52
 20140102.150000    -2.77    -3.95    77.27     0.65     0.00     3.45     4.46
 20140102.160000    -2.45    -4.16    78.10     0.65     0.00     3.45     4.42
 20140102.170000    -2.11    -4.34    78.69     0.65     0.00     3.44     4.40
 20140102.180000    -1.75    -4.50    79.05     0.65     0.00     3.44     4.40
 20140102.190000    -1.39    -4.63    79.17     0.64     0.00     3.44     4.41
 20140102.200000    -1.00    -4.73    79.11     0.64     0.00     3.43     4.42
 20140102.210000    -1.00    -4.61    79.17     0.64     0.00     3.43     4.43
 20140102.220000    -0.99    -4.49    79.32     0.64     0.00     3.43     4.48
 20140102.230000    -0.98    -4.37    79.47     0.63     0.00     3.42     4.54
 20140103.000000    -0.97    -4.25    79.53     0.63     0.00     3.41     4.64
 20140103.010000    -0.96    -4.12    79.48     0.62     0.00     3.39     4.78
 20140103.020000    -0.96    -4.00    79.30     0.61     0.00     3.37     4.94
 20140103.030000    -1.04    -3.55    79.93     0.59     0.00     3.35     5.10
 20140103.040000    -1.15    -3.07    81.32     0.58     0.00     3.38     5.17
 20140103.050000    -1.32    -2.54    84.20     0.55     0.00     3.45     5.15
 20140103.060000    -1.59    -1.87    87.51     0.52     0.00     3.51     5.10
 20140103.070000    -1.92    -0.69    90.74     0.50     0.00     3.56     5.05
 20140103.080000    -0.75     1.45    93.57     0.48     0.00     3.63     4.99
 20140103.090000    -0.58     1.35    95.83     0.45     0.00     3.67     4.95
 20140103.100000    -0.39     1.24    97.63     0.43     0.00     3.71     4.92
 20140103.110000    -0.20     1.12    99.07     0.42     0.00     3.73     4.88
 20140103.120000     0.03     0.97   100.26     0.40     0.00     3.74     4.85
 20140103.130000     0.26     0.75   101.31     0.39     0.00     3.75     4.82
 20140103.140000     0.48     0.40   102.27     0.38     0.00     3.76     4.79
 20140103.150000     1.23    -0.16   103.18     0.37     0.00     3.76     4.75
 20140103.160000     1.32    -1.19   103.99     0.36     0.00     3.75     4.71
 20140103.170000     1.05    -2.21   102.51     0.36     0.00     3.58     4.66
 20140103.180000     0.51    -3.32    96.53     0.38     0.00     3.33     4.62
 20140103.190000    -0.49    -4.40    81.35     0.41     0.00     3.07     4.59
 20140103.200000    -1.82    -5.00    61.24     0.46     0.00     2.81     4.58
 20140103.210000    -1.91    -5.14    52.93     0.50     0.00     2.73     2.62
 20140103.220000    -2.00    -5.28    48.60     0.51     0.00     2.74     2.83
 20140103.230000    -2.09    -5.43    45.69     0.53     0.00     2.78     2.92
 20140104.000000    -2.18    -5.57    44.96     0.55     0.00     2.83     3.08
 20140104.010000    -2.26    -5.71    46.45     0.58     0.00     2.93     3.23
 20140104.020000    -2.35    -5.85    50.26     0.62     0.00     3.09     3.58
 20140104.030000    -2.78    -5.67    56.43     0.68     0.00     3.32     4.04
 20140104.040000    -3.20    -5.45    62.94     0.76     0.00     3.61     4.47
 20140104.050000    -3.60    -5.20    67.86     0.84     0.00     3.90     4.84
 20140104.060000    -3.99    -4.91    70.77     0.93     0.01     4.19     5.16
 20140104.070000    -4.35    -4.60    72.15     1.01     0.01     4.43     5.39
 20140104.080000    -4.70    -4.25    72.52     1.08     0.02     4.65     5.59
 20140104.090000    -5.16    -4.21    72.31     1.15     0.02     4.80     5.76
 20140104.100000    -5.62    -4.16    72.10     1.21     0.04     4.91     5.90
 20140104.110000    -6.07    -4.09    71.99     1.28     0.05     4.98     6.01
 20140104.120000    -6.50    -4.02    71.81     1.34     0.06     5.02     6.08
 20140104.130000    -6.94    -3.94    71.55     1.40     0.07     5.06     6.11
 20140104.140000    -7.35    -3.86    71.21     1.46     0.08     5.09     6.09
 20140104.150000    -7.22    -4.49    70.47     1.51     0.08     5.10     6.05
 20140104.160000    -7.05    -5.10    69.53     1.56     0.08     5.10     6.03
 20140104.170000    -6.84    -5.68    68.67     1.59     0.08     5.10     6.03
 20140104.180000    -6.60    -6.24    67.84     1.61     0.08     5.09     6.03
 20140104.190000    -6.33    -6.78    67.05     1.62     0.08     5.09     6.04
 20140104.200000    -6.04    -7.30    66.21     1.63     0.07     5.08     6.04
 20140104.210000    -6.27    -7.36    65.53     1.65     0.07     5.08     6.03
 20140104.220000    -6.50    -7.43    65.09     1.67     0.07     5.08     6.01
 20140104.230000    -6.73    -7.49    64.75     1.70     0.07     5.10     6.00
 20140105.000000    -6.95    -7.55    64.49     1.73     0.07     5.13     6.01
 20140105.010000    -7.18    -7.61    64.22     1.77     0.07     5.17     6.03
 20140105.020000    -7.41    -7.67    63.89     1.81     0.08     5.21     6.06
 20140105.030000    -7.43    -7.43    63.88     1.85     0.08     5.27     6.10
 20140105.040000    -7.44    -7.19    63.98     1.86     0.09     5.30     6.16
 20140105.050000    -7.46    -6.95    64.06     1.86     0.09     5.31     6.20
 20140105.060000    -7.47    -6.71    64.14     1.85     0.10     5.31     6.22
 20140105.070000    -7.47    -6.46    64.24     1.83     0.11     5.29     6.23
 20140105.080000    -7.48    -6.21    64.39     1.81     0.11     5.27     6.20
 20140105.090000    -7.99    -6.35    64.38     1.81     0.11     5.25     6.15
 20140105.100000    -8.50    -6.48    64.37     1.85     0.12     5.26     6.08
 20140105.110000    -9.01    -6.61    64.46     1.91     0.12     5.30     6.06
 20140105.120000    -9.51    -6.74    64.68     2.00     0.12     5.35     6.08
 20140105.130000   -10.01    -6.87    64.75     2.11     0.12     5.40     6.12
 20140105.140000   -10.51    -7.00    64.71     2.22     0.12     5.46     6.18
 20140105.150000   -10.48    -7.42    64.38     2.30     0.13     5.54     6.27
 20140105.160000   -10.45    -7.84    63.92     2.36     0.14     5.60     6.39
 20140105.170000   -10.40    -8.25    63.38     2.40     0.14     5.64     6.46
 20140105.180000   -10.35    -8.65    62.82     2.43     0.15     5.67     6.49
 20140105.190000   -10.29    -9.06    62.21     2.45     0.15     5.68     6.51
 20140105.200000   -10.22    -9.45    61.47     2.48     0.15     5.68     6.52
 20140105.210000   -10.09    -9.51    60.75     2.50     0.16     5.67     6.52
 20140105.220000    -9.96    -9.57    60.43     2.50     0.16     5.67     6.53
 20140105.230000    -9.82    -9.63    60.20     2.50     0.16     5.67     6.53
 20140106.000000    -9.69    -9.70    60.02     2.51     0.17     5.67     6.54
 20140106.010000    -9.55    -9.75    59.90     2.51     0.17     5.68     6.56
 20140106.020000    -9.42    -9.81    59.82     2.52     0.18     5.70     6.59
 20140106.030000    -9.24    -9.34    59.98     2.50     0.19     5.70     6.61
 20140106.040000    -9.07    -8.87    60.27     2.46     0.19     5.67     6.62
 20140106.050000    -8.88    -8.38    60.66     2.40     0.19     5.62     6.61
 20140106.060000    -8.69    -7.90    61.16     2.33     0.18     5.55     6.58
 20140106.070000    -8.50    -7.42    61.81     2.25     0.17     5.48     6.53
 20140106.080000    -8.31    -6.93    62.77     2.15     0.16     5.41     6.46
 20140106.090000    -8.42    -6.83    63.55     2.08     0.15     5.35     6.37
 20140106.100000    -8.52    -6.73    64.11     2.05     0.14     5.28     6.27
 20140106.110000    -8.62    -6.63    64.50     2.02     0.13     5.23     6.18
 20140106.120000    -8.72    -6.52    64.86     2.00     0.13     5.19     6.12
 20140106.130000    -8.82    -6.41    65.18     1.97     0.13     5.15     6.06
 20140106.140000    -8.92    -6.30    65.51     1.95     0.12     5.11     6.01
 20140106.150000    -8.90    -6.32    65.76     1.93     0.12     5.07     5.96
 20140106.160000    -8.87    -6.33    65.95     1.91     0.12     5.03     5.91
 20140106.170000    -8.85    -6.35    66.14     1.90     0.12     5.00     5.87
 20140106.180000    -8.82    -6.36    66.35     1.88     0.12     4.97     5.82
 20140106.190000    -8.80    -6.38    66.61     1.87     0.12     4.95     5.78
 20140106.200000    -8.77    -6.38    66.91     1.86     0.11     4.93     5.74
 20140106.210000    -8.34    -6.34    67.32     1.83     0.11     4.90     5.71
 20140106.220000    -7.90    -6.29    67.79     1.79     0.11     4.84     5.67
 20140106.230000    -7.45    -6.25    68.35     1.73     0.11     4.79     5.63
 20140107.000000    -7.00    -6.19    69.12     1.67     0.11     4.74     5.59
 20140107.010000    -6.55    -6.13    70.19     1.60     0.11     4.71     5.58
 20140107.020000    -6.09    -6.07    71.46     1.52     0.10     4.70     5.59
 20140107.030000    -5.81    -5.34    73.44     1.46     0.10     4.68     5.64
 20140107.040000    -5.51    -4.60    76.41     1.39     0.10     4.68     5.70
 20140107.050000    -5.21    -3.84    79.71     1.32     0.10     4.69     5.80
 20140107.060000    -4.88    -3.06    83.86     1.25     0.09     4.72     5.91
 20140107.070000    -4.52    -2.26    88.65     1.20     0.09     4.76     5.99
 20140107.080000    -4.11    -1.42    94.04     1.14     0.09     4.82     6.05
 20140107.090000    -4.09    -1.38    99.06     1.10     0.08     4.86     6.08
 20140107.100000    -4.08    -1.34   103.40     1.07     0.08     4.87     6.10
 20140107.110000    -4.07    -1.30   107.17     1.05     0.08     4.87     6.12
 20140107.120000    -4.05    -1.26   110.43     1.04     0.08     4.86     6.13
 20140107.130000    -4.03    -1.22   113.23     1.03     0.07     4.84     6.14
 20140107.140000    -4.02    -1.18   115.68     1.02     0.07     4.82     6.14
 20140107.150000    -3.65    -1.38   117.94     1.00     0.07     4.80     6.14
 20140107.160000    -3.25    -1.59   120.21     0.99     0.07     4.79     6.14
 20140107.170000    -2.82    -1.79   122.83     0.98     0.07     4.80     6.14
 20140107.180000    -2.33    -1.97   125.75     0.95     0.06     4.84     6.13
 20140107.190000    -1.78    -2.11   128.52     0.93     0.06     4.90     6.12
 20140107.200000    -1.17    -2.19   130.93     0.91     0.06     4.95     6.11
 20140107.210000    -1.10    -2.44   132.94     0.89     0.05     4.97     6.09
 20140107.220000    -1.03    -2.69   134.65     0.88     0.05     4.99     6.06
 20140107.230000    -0.96    -2.92   135.98     0.86     0.05     4.98     6.04
 20140108.000000    -0.89    -3.15   137.05     0.85     0.04     4.96     6.01
 20140108.010000    -0.81    -3.38   137.85     0.84     0.04     4.92     5.99
 20140108.020000    -0.73    -3.60   138.39     0.83     0.03     4.87     5.96
 20140108.030000    -0.30    -3.41   139.04     0.82     0.03     4.83     5.93
 20140108.040000     0.19    -3.17   139.89     0.81     0.03     4.79     5.90
 20140108.050000     0.73    -2.83   140.86     0.80     0.03     4.75     5.87
 20140108.060000     1.33    -2.32   141.95     0.78     0.02     4.71     5.84
 20140108.070000     1.88    -1.54   143.25     0.77     0.02     4.67     5.78
 20140108.080000     2.13    -0.42   144.83     0.75     0.02     4.66     5.73
 20140108.090000     2.45    -1.77   146.41     0.73     0.02     4.62     5.64
 20140108.100000     2.38    -3.06   148.27     0.72     0.01     4.51     5.57
 20140108.110000     2.13    -4.22   151.10     0.73     0.01     4.28     5.50
 20140108.120000     1.80    -5.27   156.14     0.76     0.01     3.99     5.45
 20140108.130000     1.43    -6.25   166.52     0.80     0.01     3.77     5.40
 20140108.140000     1.05    -7.18   276.87     0.84     0.01     3.64     5.18
 20140108.150000    -0.24    -7.88   275.25     0.88     0.00     3.58     3.46
 20140108.160000    -1.59    -8.36   290.24     0.92     0.00     3.57     3.57
 20140108.170000    -2.94    -8.66    20.74     0.98     0.00     3.62     3.77
 20140108.180000    -4.28    -8.79    39.77     1.08     0.00     3.77     4.02
 20140108.190000    -5.57    -8.80    54.35     1.25     0.00     4.08     4.71
 20140108.200000    -6.80    -8.70    63.29     1.49     0.01     4.49     5.19
 20140108.210000    -7.07    -8.73    66.87     1.74     0.03     4.93     5.68
 20140108.220000    -7.33    -8.76    67.27     1.96     0.06     5.28     6.08
 20140108.230000    -7.60    -8.79    66.50     2.13     0.12     5.54     6.40
 20140109.000000    -7.85    -8.81    65.45     2.26     0.19     5.74     6.62
 20140109.010000    -8.11    -8.84    64.41     2.36     0.25     5.88     6.77
 20140109.020000    -8.37    -8.86    63.58     2.44     0.31     6.00     6.91
 20140109.030000    -8.05    -8.93    62.93     2.49     0.36     6.09     7.02
 20140109.040000    -7.71    -9.00    62.39     2.49     0.38     6.13     7.10
 20140109.050000    -7.37    -9.06    61.97     2.47     0.40     6.12     7.13
 20140109.060000    -7.03    -9.12    61.65     2.43     0.40     6.09     7.11
 20140109.070000    -6.68    -9.17    61.42     2.39     0.39     6.04     7.05
 20140109.080000    -6.33    -9.21    61.26     2.35     0.38     5.99     6.97
 20140109.090000    -6.93    -9.20    61.11     2.33     0.37     5.93     6.87
 20140109.100000    -7.52    -9.18    61.11     2.35     0.37     5.91     6.78
 20140109.110000    -8.10    -9.14    61.25     2.40     0.37     5.94     6.75
 20140109.120000    -8.67    -9.09    61.47     2.47     0.38     6.00     6.76
 20140109.130000    -9.23    -9.02    61.71     2.55     0.39     6.08     6.81
 20140109.140000    -9.78    -8.94    61.93     2.64     0.41     6.15     6.87
 20140109.150000    -9.80    -8.82    62.10     2.72     0.43     6.18     6.97
 20140109.160000    -9.82    -8.69    62.06     2.75     0.45     6.20     7.06
 20140109.170000    -9.84    -8.56    62.03     2.75     0.46     6.19     7.09
 20140109.180000    -9.86    -8.44    61.98     2.73     0.45     6.16     7.06
 20140109.190000    -9.88    -8.31    61.97     2.70     0.44     6.12     7.01
 20140109.200000    -9.90    -8.18    62.01     2.67     0.43     6.08     6.92
 20140109.210000    -9.94    -8.65    61.85     2.66     0.41     6.04     6.85
 20140109.220000    -9.97    -9.12    61.62     2.67     0.40     6.03     6.81
 20140109.230000    -9.99    -9.57    61.34     2.71     0.39     6.05     6.80
 20140110.000000   -10.01   -10.04    60.97     2.76     0.40     6.09     6.83
 20140110.010000   -10.03   -10.48    60.52     2.82     0.40     6.13     6.88
 20140110.020000   -10.04   -10.93    60.01     2.90     0.42     6.16     6.95
 20140110.030000    -9.58   -10.38    59.92     2.90     0.43     6.19     7.04
 20140110.040000    -9.12    -9.82    59.96     2.84     0.44     6.15     7.09
 20140110.050000    -8.67    -9.27    60.09     2.74     0.43     6.08     7.07
 20140110.060000    -8.21    -8.71    60.33     2.63     0.42     5.99     7.01
 20140110.070000    -7.76    -8.16    60.70     2.51     0.40     5.90     6.93
 20140110.080000    -7.30    -7.60    61.35     2.38     0.37     5.83     6.87
 20140110.090000    -7.73    -7.58    61.78     2.30     0.35     5.74     6.78
 20140110.100000    -8.15    -7.55    62.05     2.28     0.33     5.68     6.68
 20140110.110000    -8.56    -7.51    62.28     2.28     0.30     5.64     6.61
 20140110.120000    -8.98    -7.46    62.48     2.28     0.28     5.61     6.55
 20140110.130000    -9.38    -7.42    62.66     2.29     0.26     5.59     6.50
 20140110.140000    -9.78    -7.37    62.85     2.30     0.24     5.58     6.46
 20140110.150000    -9.51    -7.53    62.89     2.30     0.23     5.56     6.44
 20140110.160000    -9.23    -7.68    62.84     2.27     0.21     5.52     6.40
 20140110.170000    -8.95    -7.84    62.74     2.23     0.20     5.47     6.35
 20140110.180000    -8.66    -7.98    62.60     2.19     0.19     5.41     6.29
 20140110.190000    -8.37    -8.12    62.44     2.16     0.18     5.35     6.23
 20140110.200000    -8.07    -8.26    62.22     2.12     0.17     5.29     6.16
 20140110.210000    -7.78    -8.10    62.12     2.07     0.16     5.22     6.12
 20140110.220000    -7.49    -7.94    62.07     2.01     0.15     5.14     6.07
 20140110.230000    -7.20    -7.79    61.99     1.95     0.14     5.06     6.02
 20140111.000000    -6.92    -7.63    61.91     1.88     0.13     4.97     5.96
 20140111.010000    -6.63    -7.48    61.75     1.81     0.12     4.90     5.90
 20140111.020000    -6.33    -7.32    62.02     1.73     0.11     4.86     5.83
 20140111.030000    -6.37    -6.82    62.60     1.65     0.11     4.82     5.77
 20140111.040000    -6.40    -6.29    63.40     1.59     0.10     4.76     5.70
 20140111.050000    -6.42    -5.77    64.71     1.52     0.11     4.71     5.66
 20140111.060000    -6.42    -5.21    66.30     1.46     0.11     4.66     5.63
 20140111.070000    -6.41    -4.65    68.39     1.40     0.12     4.63     5.61
 20140111.080000    -6.38    -4.07    70.87     1.35     0.13     4.63     5.60
 20140111.090000    -6.38    -3.97    73.08     1.32     0.14     4.61     5.59
 20140111.100000    -6.39    -3.87    75.14     1.30     0.15     4.60     5.55
 20140111.110000    -6.39    -3.77    77.22     1.29     0.16     4.60     5.50
 20140111.120000    -6.39    -3.66    79.27     1.29     0.17     4.61     5.46
 20140111.130000    -6.39    -3.56    81.14     1.29     0.17     4.62     5.45
 20140111.140000    -6.39    -3.46    82.81     1.29     0.17     4.62     5.45
 20140111.150000    -6.22    -3.71    84.12     1.29     0.17     4.63     5.45
 20140111.160000    -6.04    -3.95    85.12     1.29     0.17     4.63     5.46
 20140111.170000    -5.84    -4.19    85.82     1.29     0.17     4.63     5.47
 20140111.180000    -5.64    -4.42    86.16     1.28     0.16     4.62     5.48
 20140111.190000    -5.42    -4.65    86.20     1.28     0.15     4.60     5.49
 20140111.200000    -5.19    -4.87    85.98     1.27     0.14     4.58     5.50
 20140111.210000    -4.96    -4.82    85.79     1.26     0.14     4.55     5.51
 20140111.220000    -4.72    -4.77    85.60     1.24     0.13     4.52     5.52
 20140111.230000    -4.48    -4.72    85.43     1.22     0.12     4.48     5.52
 20140112.000000    -4.24    -4.66    85.30     1.20     0.11     4.43     5.51
 20140112.010000    -4.00    -4.60    85.60     1.17     0.10     4.41     5.48
 20140112.020000    -3.75    -4.54    86.28     1.13     0.09     4.41     5.46
 20140112.030000    -3.79    -4.28    86.71     1.09     0.09     4.39     5.44
 20140112.040000    -3.82    -4.02    86.90     1.06     0.08     4.36     5.42
 20140112.050000    -3.86    -3.75    87.34     1.03     0.07     4.31     5.38
 20140112.060000    -3.88    -3.48    87.92     1.00     0.07     4.28     5.34
 20140112.070000    -3.90    -3.19    88.23     0.97     0.06     4.23     5.31
 20140112.080000    -3.91    -2.90    88.53     0.95     0.06     4.19     5.26
 20140112.090000    -4.37    -3.33    87.98     0.94     0.05     4.14     5.21
 20140112.100000    -4.83    -3.76    86.52     0.94     0.05     4.09     5.12
 20140112.110000    -5.30    -4.19    84.40     0.96     0.05     4.06     5.02
 20140112.120000    -5.76    -4.61    81.93     1.00     0.04     4.09     4.93
 20140112.130000    -6.22    -5.05    79.56     1.09     0.04     4.21     4.97
 20140112.140000    -6.68    -5.47    77.41     1.23     0.03     4.40     5.09
 20140112.150000    -6.73    -5.99    75.78     1.39     0.03     4.62     5.38
 20140112.160000    -6.77    -6.50    74.17     1.54     0.03     4.85     5.59
 20140112.170000    -6.80    -6.99    72.25     1.68     0.04     5.06     5.88
 20140112.180000    -6.81    -7.49    70.36     1.80     0.05     5.25     6.06
 20140112.190000    -6.83    -7.98    68.51     1.90     0.08     5.40     6.21
 20140112.200000    -6.83    -8.46    66.76     2.00     0.11     5.50     6.40
 20140112.210000    -6.75    -8.64    65.27     2.08     0.14     5.57     6.52
 20140112.220000    -6.66    -8.81    64.19     2.13     0.17     5.62     6.60
 20140112.230000    -6.57    -9.00    63.32     2.16     0.19     5.66     6.65
 20140113.000000    -6.48    -9.17    62.60     2.18     0.21     5.69     6.69
 20140113.010000    -6.39    -9.34    61.99     2.20     0.23     5.71     6.71
 20140113.020000    -6.30    -9.51    61.50     2.21     0.26     5.73     6.72
 20140113.030000    -5.71    -9.50    61.23     2.21     0.28     5.76     6.75
 20140113.040000    -5.11    -9.48    61.03     2.18     0.30     5.77     6.79
 20140113.050000    -4.49    -9.43    60.80     2.15     0.31     5.77     6.82
 20140113.060000    -3.86    -9.36    60.58     2.11     0.33     5.76     6.86
 20140113.070000    -3.21    -9.25    60.31     2.07     0.35     5.76     6.89
 20140113.080000    -2.56    -9.12    60.07     2.04     0.36     5.75     6.93
 20140113.090000    -2.92    -8.94    59.77     2.02     0.37     5.74     7.00
 20140113.100000    -3.27    -8.74    59.78     2.01     0.38     5.74     7.04
 20140113.110000    -3.61    -8.52    60.08     2.01     0.39     5.75     7.03
 20140113.120000    -3.96    -8.28    60.45     2.01     0.40     5.76     6.95
 20140113.130000    -4.29    -8.03    60.84     2.01     0.40     5.76     6.92
 20140113.140000    -4.62    -7.77    61.21     2.01     0.40     5.76     6.88
 20140113.150000    -4.83    -8.12    61.26     2.02     0.40     5.74     6.83
 20140113.160000    -5.03    -8.47    61.13     2.03     0.39     5.73     6.75
 20140113.170000    -5.23    -8.81    60.89     2.06     0.38     5.73     6.70
 20140113.180000    -5.44    -9.16    60.58     2.10     0.38     5.74     6.67
 20140113.190000    -5.65    -9.51    60.21     2.15     0.37     5.77     6.66
 20140113.200000    -5.86    -9.86    59.79     2.20     0.37     5.81     6.67
 20140113.210000    -5.51    -9.49    59.77     2.21     0.37     5.85     6.72
 20140113.220000    -5.17    -9.12    59.87     2.18     0.37     5.85     6.77
 20140113.230000    -4.82    -8.75    60.00     2.13     0.37     5.81     6.80
 20140114.000000    -4.48    -8.39    60.20     2.07     0.36     5.76     6.80
 20140114.010000    -4.13    -8.02    60.49     2.01     0.35     5.69     6.78
 20140114.020000    -3.78    -7.64    60.83     1.95     0.34     5.62     6.73
 20140114.030000    -4.44    -7.90    60.81     1.92     0.33     5.54     6.66
 20140114.040000    -5.10    -8.13    60.80     1.92     0.33     5.50     6.53
 20140114.050000    -5.74    -8.35    61.00     1.96     0.33     5.52     6.42
 20140114.060000    -6.37    -8.56    61.34     2.04     0.35     5.60     6.40
 20140114.070000    -7.00    -8.75    61.70     2.15     0.37     5.74     6.50
 20140114.080000    -7.61    -8.93    62.04     2.29     0.40     5.89     6.63
 20140114.090000    -7.81    -9.01    62.31     2.41     0.45     6.07     6.78
 20140114.100000    -8.00    -9.08    62.42     2.51     0.50     6.22     6.95
 20140114.110000    -8.20    -9.15    62.37     2.60     0.54     6.31     7.12
 20140114.120000    -8.39    -9.23    62.25     2.67     0.57     6.37     7.22
 20140114.130000    -8.58    -9.30    62.10     2.74     0.59     6.40     7.26
 20140114.140000    -8.78    -9.37    61.88     2.80     0.60     6.41     7.30
 20140114.150000    -8.58    -9.79    61.61     2.85     0.61     6.43     7.33
 20140114.160000    -8.38   -10.19    61.23     2.88     0.62     6.44     7.36
 20140114.170000    -8.17   -10.59    60.82     2.91     0.64     6.47     7.38
 20140114.180000    -7.94   -10.98    60.38     2.93     0.65     6.50     7.41
 20140114.190000    -7.71   -11.35    59.90     2.97     0.68     6.53     7.45
 20140114.200000    -7.48   -11.72    59.38     3.00     0.72     6.56     7.49
 20140114.210000    -7.72   -11.62    59.07     3.03     0.75     6.60     7.53
 20140114.220000    -7.97   -11.52    58.98     3.07     0.79     6.65     7.57
 20140114.230000    -8.21   -11.41    58.98     3.11     0.83     6.70     7.62
 20140115.000000    -8.44   -11.30    59.03     3.14     0.86     6.74     7.65
 20140115.010000    -8.68   -11.19    59.12     3.18     0.88     6.78     7.68
 20140115.020000    -8.92   -11.08    59.24     3.21     0.91     6.81     7.70
 20140115.030000    -8.91   -10.71    59.42     3.21     0.92     6.83     7.73
 20140115.040000    -8.91   -10.34    59.58     3.18     0.92     6.82     7.75
 20140115.050000    -8.90    -9.96    59.72     3.13     0.90     6.78     7.71
 20140115.060000    -8.89    -9.58    59.87     3.08     0.87     6.72     7.63
 20140115.070000    -8.87    -9.20    60.04     3.02     0.84     6.65     7.54
 20140115.080000    -8.86    -8.82    60.23     2.95     0.79     6.57     7.46
 20140115.090000    -9.09    -8.98    60.26     2.91     0.76     6.50     7.37
 20140115.100000    -9.32    -9.15    60.22     2.91     0.73     6.46     7.30
 20140115.110000    -9.55    -9.32    60.17     2.93     0.71     6.44     7.26
 20140115.120000    -9.77    -9.47    60.08     2.95     0.70     6.45     7.25
 20140115.130000   -10.01    -9.64    59.99     2.99     0.69     6.46     7.27
 20140115.140000   -10.24    -9.81    59.90     3.02     0.69     6.48     7.28
 20140115.150000   -10.06    -9.75    59.80     3.03     0.69     6.50     7.31
 20140115.160000    -9.88    -9.70    59.70     3.01     0.68     6.48     7.31
 20140115.170000    -9.71    -9.64    59.62     2.97     0.65     6.43     7.29
 20140115.180000    -9.53    -9.59    59.58     2.92     0.62     6.36     7.23
 20140115.190000    -9.35    -9.53    59.55     2.86     0.58     6.28     7.15
 20140115.200000    -9.18    -9.47    59.54     2.80     0.54     6.19     7.05
 20140115.210000    -9.22    -9.48    59.53     2.74     0.49     6.09     6.92
 20140115.220000    -9.26    -9.48    59.53     2.69     0.45     6.01     6.83
 20140115.230000    -9.29    -9.48    59.54     2.66     0.42     5.94     6.75
 20140116.000000    -9.33    -9.49    59.54     2.63     0.38     5.88     6.69
 20140116.010000    -9.37    -9.49    59.53     2.60     0.35     5.81     6.64
 20140116.020000    -9.41    -9.49    59.51     2.57     0.32     5.75     6.59
 20140116.030000    -9.38    -9.04    59.68     2.52     0.30     5.69     6.55
 20140116.040000    -9.33    -8.58    59.94     2.45     0.27     5.61     6.50
 20140116.050000    -9.28    -8.12    60.31     2.38     0.25     5.52     6.43
 20140116.060000    -9.23    -7.65    60.81     2.31     0.23     5.43     6.33
 20140116.070000    -9.17    -7.18    61.79     2.22     0.21     5.37     6.22
 20140116.080000    -9.10    -6.70    62.98     2.14     0.20     5.30     6.15
 20140116.090000    -8.98    -6.42    63.83     2.07     0.19     5.24     6.08
 20140116.100000    -8.87    -6.15    64.62     2.01     0.18     5.17     6.01
 20140116.110000    -8.75    -5.87    65.33     1.96     0.17     5.11     5.96
 20140116.120000    -8.63    -5.58    65.87     1.91     0.16     5.05     5.92
 20140116.130000    -8.51    -5.30    66.36     1.86     0.15     4.99     5.87
 20140116.140000    -8.39    -5.02    66.76     1.81     0.14     4.93     5.82
 20140116.150000    -8.23    -5.25    66.99     1.77     0.13     4.88     5.74
 20140116.160000    -8.06    -5.48    66.94     1.73     0.12     4.85     5.66
 20140116.170000    -7.88    -5.70    66.77     1.70     0.11     4.81     5.61
 20140116.180000    -7.70    -5.92    66.60     1.67     0.10     4.77     5.57
 20140116.190000    -7.51    -6.13    66.41     1.64     0.09     4.73     5.54
 20140116.200000    -7.32    -6.34    66.12     1.62     0.09     4.69     5.52
 20140116.210000    -7.26    -6.42    65.90     1.60     0.08     4.65     5.49
 20140116.220000    -7.21    -6.50    65.76     1.58     0.07     4.61     5.46
 20140116.230000    -7.14    -6.57    65.61     1.57     0.07     4.58     5.44
 20140117.000000    -7.08    -6.64    65.48     1.56     0.06     4.56     5.43
 20140117.010000    -7.02    -6.72    65.34     1.55     0.06     4.54     5.42
 20140117.020000    -6.96    -6.79    65.21     1.54     0.05     4.52     5.42
 20140117.030000    -6.91    -6.35    65.40     1.52     0.05     4.50     5.43
 20140117.040000    -6.85    -5.90    65.80     1.50     0.05     4.47     5.43
 20140117.050000    -6.80    -5.43    66.35     1.46     0.04     4.43     5.43
 20140117.060000    -6.72    -4.97    67.32     1.40     0.04     4.41     5.43
 20140117.070000    -6.64    -4.49    68.16     1.34     0.04     4.39     5.44
 20140117.080000    -6.55    -4.01    69.05     1.29     0.04     4.38     5.45
 20140117.090000    -6.65    -3.99    69.75     1.25     0.03     4.36     5.45
 20140117.100000    -6.75    -3.97    70.04     1.24     0.03     4.33     5.42
 20140117.110000    -6.85    -3.95    70.22     1.23     0.03     4.33     5.38
 20140117.120000    -6.94    -3.93    70.38     1.23     0.03     4.33     5.33
 20140117.130000    -7.04    -3.90    70.52     1.24     0.03     4.34     5.29
 20140117.140000    -7.14    -3.88    70.63     1.24     0.03     4.35     5.26
 20140117.150000    -6.76    -4.46    70.51     1.25     0.02     4.37     5.25
 20140117.160000    -6.31    -5.03    70.27     1.25     0.02     4.38     5.28
 20140117.170000    -5.81    -5.56    69.93     1.26     0.02     4.40     5.33
 20140117.180000    -5.25    -6.06    69.51     1.26     0.02     4.43     5.40
 20140117.190000    -4.64    -6.50    69.03     1.28     0.02     4.48     5.49
 20140117.200000    -3.98    -6.88    68.46     1.30     0.02     4.54     5.59
 20140117.210000    -4.21    -7.10    67.85     1.33     0.03     4.61     5.68
 20140117.220000    -4.43    -7.32    67.37     1.38     0.03     4.71     5.79
 20140117.230000    -4.65    -7.54    66.99     1.44     0.04     4.82     5.90
 20140118.000000    -4.88    -7.76    66.62     1.50     0.05     4.93     5.99
 20140118.010000    -5.10    -7.98    66.19     1.57     0.07     5.04     6.06
 20140118.020000    -5.32    -8.19    65.65     1.64     0.08     5.14     6.13
 20140118.030000    -5.73    -8.15    65.23     1.71     0.10     5.22     6.19
 20140118.040000    -6.14    -8.09    64.94     1.78     0.12     5.30     6.25
 20140118.050000    -6.53    -8.03    64.56     1.85     0.13     5.36     6.31
 20140118.060000    -6.92    -7.96    64.34     1.92     0.15     5.44     6.38
 20140118.070000    -7.31    -7.88    64.40     1.98     0.17     5.51     6.44
 20140118.080000    -7.68    -7.79    64.48     2.05     0.19     5.60     6.51
 20140118.090000    -8.46    -7.64    64.66     2.13     0.21     5.68     6.56
 20140118.100000    -9.21    -7.46    65.01     2.24     0.24     5.76     6.61
 20140118.110000    -9.94    -7.26    65.45     2.36     0.26     5.84     6.66
 20140118.120000   -10.65    -7.04    65.92     2.50     0.29     5.91     6.72
 20140118.130000   -11.34    -6.81    66.19     2.62     0.32     6.00     6.79
 20140118.140000   -12.01    -6.57    66.45     2.74     0.35     6.10     6.87
 20140118.150000   -11.86    -7.32    66.16     2.83     0.38     6.18     6.98
 20140118.160000   -11.67    -8.06    65.46     2.90     0.41     6.25     7.11
 20140118.170000   -11.45    -8.78    64.64     2.96     0.44     6.30     7.18
 20140118.180000   -11.20    -9.48    63.69     3.01     0.46     6.33     7.24
 20140118.190000   -10.92   -10.16    62.77     3.06     0.48     6.36     7.27
 20140118.200000   -10.62   -10.82    61.79     3.10     0.51     6.37     7.30
 20140118.210000   -10.16   -10.53    61.14     3.08     0.52     6.37     7.32
 20140118.220000    -9.69   -10.25    60.82     3.02     0.52     6.32     7.33
 20140118.230000    -9.23    -9.96    60.59     2.94     0.51     6.25     7.29
 20140119.000000    -8.76    -9.67    60.44     2.83     0.49     6.16     7.22
 20140119.010000    -8.30    -9.38    60.49     2.72     0.46     6.06     7.11
 20140119.020000    -7.83    -9.09    60.60     2.61     0.44     5.96     6.97
 20140119.030000    -7.59    -8.76    60.74     2.49     0.41     5.86     6.85
 20140119.040000    -7.35    -8.42    61.05     2.39     0.39     5.77     6.76
 20140119.050000    -7.11    -8.09    61.41     2.28     0.37     5.69     6.67
 20140119.060000    -6.86    -7.75    61.80     2.18     0.35     5.61     6.61
 20140119.070000    -6.62    -7.42    62.59     2.09     0.32     5.53     6.54
 20140119.080000    -6.38    -7.08    63.38     1.99     0.30     5.45     6.48
 20140119.090000    -6.46    -6.62    64.26     1.91     0.29     5.38     6.40
 20140119.100000    -6.54    -6.15    65.18     1.84     0.28     5.31     6.31
 20140119.110000    -6.60    -5.67    66.09     1.77     0.26     5.24     6.22
 20140119.120000    -6.65    -5.16    67.16     1.71     0.26     5.18     6.14
 20140119.130000    -6.68    -4.65    68.44     1.65     0.25     5.13     6.07
 20140119.140000    -6.69    -4.12    70.15     1.60     0.25     5.09     6.02
 20140119.150000    -6.60    -4.43    71.57     1.56     0.24     5.05     5.96
 20140119.160000    -6.50    -4.73    72.63     1.53     0.23     4.98     5.87
 20140119.170000    -6.39    -5.03    73.43     1.51     0.22     4.92     5.76
 20140119.180000    -6.28    -5.31    73.94     1.49     0.21     4.85     5.65
 20140119.190000    -6.15    -5.60    74.16     1.47     0.19     4.78     5.54
 20140119.200000    -6.01    -5.86    74.07     1.45     0.17     4.71     5.47
 20140119.210000    -5.65    -5.70    74.21     1.41     0.16     4.64     5.45
 20140119.220000    -5.28    -5.54    74.36     1.37     0.14     4.56     5.45
 20140119.230000    -4.91    -5.37    74.40     1.31     0.13     4.50     5.43
 20140120.000000    -4.53    -5.19    74.61     1.25     0.12     4.44     5.40
 20140120.010000    -4.16    -5.02    75.44     1.18     0.11     4.39     5.37
 20140120.020000    -3.78    -4.85    76.40     1.13     0.10     4.35     5.33
 20140120.030000    -3.76    -4.36    77.90     1.08     0.09     4.32     5.28
 20140120.040000    -3.72    -3.86    79.95     1.03     0.09     4.29     5.23
 20140120.050000    -3.68    -3.34    83.19     0.98     0.08     4.29     5.16
 20140120.060000    -3.63    -2.80    86.70     0.94     0.08     4.29     5.11
 20140120.070000    -3.55    -2.24    90.41     0.91     0.07     4.27     5.06
 20140120.080000    -3.42    -1.66    94.81     0.87     0.07     4.29     5.02
 20140120.090000    -3.23    -1.54    98.95     0.83     0.06     4.32     4.99
 20140120.100000    -3.03    -1.42   102.29     0.80     0.06     4.33     4.96
 20140120.110000    -2.84    -1.31   105.17     0.77     0.05     4.32     4.93
 20140120.120000    -2.65    -1.19   107.56     0.75     0.05     4.31     4.90
 20140120.130000    -2.44    -1.07   109.39     0.72     0.05     4.29     4.87
 20140120.140000    -2.25    -0.96   110.75     0.70     0.04     4.26     4.84
 20140120.150000    -2.61    -2.11   111.15     0.69     0.04     4.22     4.82
 20140120.160000    -2.83    -3.20   108.50     0.69     0.03     4.13     4.79
 20140120.170000    -2.99    -4.25   100.53     0.70     0.03     3.96     4.76
 20140120.180000    -3.12    -5.25    88.04     0.74     0.03     3.78     4.66
 20140120.190000    -3.23    -6.23    77.19     0.82     0.03     3.69     4.43
 20140120.200000    -3.33    -7.20    70.67     0.91     0.02     3.76     4.42
 20140120.210000    -3.85    -7.62    68.20     1.04     0.02     3.96     4.66
 20140120.220000    -4.37    -8.03    67.86     1.19     0.02     4.25     5.01
 20140120.230000    -4.87    -8.44    67.58     1.36     0.02     4.53     5.35
 20140121.000000    -5.38    -8.83    66.71     1.54     0.03     4.77     5.61
 20140121.010000    -5.89    -9.23    65.79     1.71     0.05     5.01     5.87
 20140121.020000    -6.38    -9.61    64.76     1.88     0.07     5.23     6.07
 20140121.030000    -6.77    -9.45    64.14     2.03     0.11     5.44     6.27
 20140121.040000    -7.14    -9.26    63.64     2.14     0.17     5.62     6.51
 20140121.050000    -7.51    -9.07    63.19     2.24     0.23     5.76     6.66
 20140121.060000    -7.87    -8.86    62.85     2.31     0.28     5.89     6.78
 20140121.070000    -8.21    -8.64    62.67     2.38     0.33     5.99     6.88
 20140121.080000    -8.55    -8.42    62.64     2.44     0.37     6.08     6.97
 20140121.090000    -8.67    -8.27    62.69     2.49     0.40     6.15     7.07
 20140121.100000    -8.79    -8.12    62.76     2.53     0.43     6.21     7.15
 20140121.110000    -8.91    -7.98    62.82     2.56     0.45     6.25     7.20
 20140121.120000    -9.02    -7.82    62.86     2.58     0.46     6.28     7.23
 20140121.130000    -9.12    -7.67    62.93     2.59     0.48     6.30     7.23
 20140121.140000    -9.23    -7.52    63.00     2.61     0.48     6.32     7.24
 20140121.150000    -9.02    -8.06    62.84     2.62     0.49     6.33     7.24
 20140121.160000    -8.79    -8.58    62.47     2.63     0.49     6.34     7.24
 20140121.170000    -8.55    -9.08    62.02     2.64     0.49     6.33     7.23
 20140121.180000    -8.29    -9.58    61.47     2.64     0.49     6.31     7.20
 20140121.190000    -8.01   -10.06    60.76     2.64     0.48     6.27     7.16
 20140121.200000    -7.71   -10.52    59.93     2.65     0.47     6.19     7.10
 20140121.210000    -7.35   -10.44    59.38     2.61     0.46     6.14     7.04
 20140121.220000    -6.98   -10.34    59.01     2.56     0.44     6.07     6.98
 20140121.230000    -6.61   -10.26    58.76     2.50     0.43     6.01     6.91
 20140122.000000    -6.24   -10.16    58.60     2.45     0.41     5.94     6.85
 20140122.010000    -5.86   -10.06    58.49     2.39     0.40     5.87     6.80
 20140122.020000    -5.47    -9.95    58.43     2.34     0.39     5.81     6.76
 20140122.030000    -5.66    -9.45    58.60     2.29     0.38     5.76     6.73
 20140122.040000    -5.84    -8.92    59.03     2.24     0.36     5.71     6.69
 20140122.050000    -6.01    -8.38    59.59     2.19     0.35     5.65     6.66
 20140122.060000    -6.17    -7.83    60.50     2.13     0.34     5.61     6.64
 20140122.070000    -6.32    -7.26    61.57     2.06     0.33     5.59     6.62
 20140122.080000    -6.45    -6.66    62.98     2.00     0.31     5.56     6.60
 20140122.090000    -6.80    -6.68    63.94     1.96     0.30     5.52     6.56
 20140122.100000    -7.16    -6.70    64.50     1.95     0.29     5.49     6.46
 20140122.110000    -7.50    -6.71    64.93     1.97     0.28     5.48     6.37
 20140122.120000    -7.85    -6.72    65.19     2.00     0.27     5.50     6.34
 20140122.130000    -8.19    -6.73    65.31     2.05     0.27     5.54     6.37
 20140122.140000    -8.53    -6.73    65.32     2.10     0.27     5.60     6.43
 20140122.150000    -8.56    -7.04    65.12     2.16     0.27     5.67     6.51
 20140122.160000    -8.60    -7.35    64.74     2.21     0.28     5.72     6.58
 20140122.170000    -8.63    -7.66    64.30     2.24     0.28     5.76     6.63
 20140122.180000    -8.66    -7.96    63.84     2.27     0.28     5.79     6.64
 20140122.190000    -8.69    -8.26    63.38     2.30     0.28     5.80     6.64
 20140122.200000    -8.72    -8.55    62.91     2.32     0.27     5.80     6.63
 20140122.210000    -8.45    -8.32    62.71     2.30     0.26     5.78     6.62
 20140122.220000    -8.17    -8.09    62.70     2.24     0.24     5.72     6.60
 20140122.230000    -7.90    -7.85    62.77     2.17     0.22     5.63     6.55
 20140123.000000    -7.62    -7.62    62.94     2.09     0.20     5.51     6.47
 20140123.010000    -7.35    -7.39    63.19     2.00     0.18     5.38     6.34
 20140123.020000    -7.07    -7.16    63.47     1.92     0.16     5.25     6.20
 20140123.030000    -7.15    -6.85    63.73     1.84     0.14     5.13     6.07
 20140123.040000    -7.23    -6.54    63.99     1.78     0.13     5.01     5.95
 20140123.050000    -7.31    -6.22    64.30     1.72     0.12     4.91     5.83
 20140123.060000    -7.38    -5.89    64.71     1.67     0.10     4.81     5.69
 20140123.070000    -7.44    -5.56    65.25     1.63     0.10     4.73     5.59
 20140123.080000    -7.49    -5.22    65.89     1.58     0.09     4.67     5.52
 20140123.090000    -7.39    -4.86    66.85     1.53     0.08     4.62     5.47
 20140123.100000    -7.29    -4.49    68.26     1.46     0.08     4.59     5.47
 20140123.110000    -7.19    -4.11    69.49     1.40     0.07     4.57     5.46
 20140123.120000    -7.08    -3.73    70.48     1.36     0.07     4.51     5.46
 20140123.130000    -6.95    -3.35    71.38     1.32     0.06     4.46     5.46
 20140123.140000    -6.82    -2.96    72.17     1.28     0.06     4.41     5.45
 20140123.150000    -6.91    -3.11    72.81     1.25     0.05     4.35     5.42
 20140123.160000    -6.99    -3.26    73.29     1.23     0.05     4.30     5.37
 20140123.170000    -7.07    -3.41    73.67     1.22     0.05     4.26     5.31
 20140123.180000    -7.15    -3.56    73.95     1.21     0.04     4.21     5.18
 20140123.190000    -7.23    -3.70    74.18     1.20     0.04     4.18     4.94
 20140123.200000    -7.30    -3.85    74.34     1.20     0.04     4.15     4.78
 20140123.210000    -6.84    -4.15    74.54     1.18     0.04     4.11     4.75
 20140123.220000    -6.35    -4.44    74.76     1.16     0.04     4.07     4.77
 20140123.230000    -5.82    -4.72    74.84     1.13     0.03     4.03     4.83
 20140124.000000    -5.26    -4.97    74.54     1.09     0.03     3.99     4.86
 20140124.010000    -4.66    -5.19    73.74     1.05     0.03     3.97     4.87
 20140124.020000    -4.03    -5.38    72.91     1.02     0.03     3.95     4.88
 20140124.030000    -4.28    -5.02    72.45     0.99     0.03     3.91     4.86
 20140124.040000    -4.51    -4.64    72.65     0.97     0.03     3.87     4.85
 20140124.050000    -4.73    -4.23    73.21     0.95     0.02     3.84     4.84
 20140124.060000    -4.92    -3.79    74.65     0.93     0.02     3.83     4.83
 20140124.070000    -5.10    -3.34    77.11     0.91     0.02     3.84     4.83
 20140124.080000    -5.23    -2.86    79.59     0.89     0.02     3.84     4.83
 20140124.090000    -5.12    -2.71    81.81     0.88     0.02     3.85     4.83
 20140124.100000    -5.01    -2.56    84.21     0.87     0.02     3.87     4.83
 20140124.110000    -4.89    -2.40    87.15     0.87     0.02     3.91     4.84
 20140124.120000    -4.77    -2.25    90.74     0.87     0.03     3.96     4.87
 20140124.130000    -4.65    -2.09    94.56     0.88     0.03     4.03     4.94
 20140124.140000    -4.53    -1.94    98.48     0.89     0.03     4.11     5.11
 20140124.150000    -4.40    -2.37   102.36     0.90     0.03     4.18     5.70
 20140124.160000    -4.22    -2.80   106.06     0.91     0.04     4.26     5.97
 20140124.170000    -4.00    -3.20   109.50     0.92     0.04     4.33     6.12
 20140124.180000    -3.75    -3.59   112.74     0.94     0.05     4.42     6.23
 20140124.190000    -3.47    -3.95   115.73     0.96     0.05     4.51     6.32
 20140124.200000    -3.16    -4.29   118.38     0.98     0.06     4.60     6.39
 20140124.210000    -3.75    -4.09   120.39     1.01     0.07     4.68     6.45
 20140124.220000    -4.31    -3.84   121.74     1.03     0.07     4.75     6.50
 20140124.230000    -4.84    -3.54   122.46     1.05     0.07     4.79     6.53
 20140125.000000    -5.32    -3.21   122.58     1.08     0.08     4.81     6.55
 20140125.010000    -5.77    -2.86   122.12     1.09     0.08     4.81     6.55
 20140125.020000    -6.18    -2.48   121.22     1.11     0.08     4.79     6.54
 20140125.030000    -5.75    -2.26   121.10     1.11     0.07     4.78     6.51
 20140125.040000    -5.32    -2.03   121.41     1.10     0.07     4.77     6.48
 20140125.050000    -4.89    -1.81   121.75     1.08     0.06     4.74     6.44
 20140125.060000    -4.45    -1.59   122.23     1.06     0.06     4.70     6.40
 20140125.070000    -4.02    -1.37   123.16     1.03     0.05     4.68     6.34
 20140125.080000    -3.58    -1.14   124.82     0.99     0.05     4.67     6.25
 20140125.090000    -3.24    -1.20   126.31     0.95     0.04     4.66     6.15
 20140125.100000    -2.88    -1.26   128.21     0.91     0.04     4.65     6.06
 20140125.110000    -2.52    -1.30   130.23     0.87     0.03     4.66     5.99
 20140125.120000    -2.14    -1.36   132.10     0.83     0.03     4.66     5.92
 20140125.130000    -1.73    -1.39   133.81     0.80     0.02     4.65     5.85
 20140125.140000    -1.30    -1.40   135.37     0.77     0.02     4.64     5.77
 20140125.150000    -1.12    -2.05   136.66     0.74     0.02     4.61     5.66
 20140125.160000    -0.86    -2.62   137.50     0.71     0.02     4.56     5.55
 20140125.170000    -0.56    -3.14   137.93     0.69     0.01     4.48     5.46
 20140125.180000    -0.25    -3.60   137.81     0.67     0.01     4.38     5.41
 20140125.190000     0.06    -4.03   136.90     0.65     0.01     4.23     5.36
 20140125.200000     0.37    -4.44   134.31     0.64     0.01     4.03     5.31
 20140125.210000    -1.73    -5.86   117.83     0.67     0.01     3.67     5.27
 20140125.220000    -3.86    -6.72    82.88     0.75     0.01     3.38     2.92
 20140125.230000    -5.93    -7.30    65.88     0.86     0.01     3.35     3.35
 20140126.000000    -7.89    -7.73    63.50     1.03     0.01     3.52     3.76
 20140126.010000    -9.79    -8.07    66.37     1.28     0.01     3.83     4.19
 20140126.020000   -11.63    -8.38    69.80     1.60     0.01     4.22     4.63
 20140126.030000   -11.47    -8.37    71.23     1.89     0.01     4.60     5.06
 20140126.040000   -11.31    -8.37    70.77     2.07     0.01     4.88     5.47
 20140126.050000   -11.15    -8.36    69.65     2.20     0.02     5.10     5.69
 20140126.060000   -10.99    -8.36    68.44     2.31     0.04     5.29     5.99
 20140126.070000   -10.83    -8.35    67.14     2.39     0.06     5.44     6.12
 20140126.080000   -10.66    -8.34    65.98     2.46     0.10     5.59     6.37
 20140126.090000   -11.18    -8.51    65.02     2.58     0.15     5.72     6.56
 20140126.100000   -11.71    -8.69    64.38     2.71     0.22     5.88     6.67
 20140126.110000   -12.23    -8.86    64.00     2.86     0.29     6.05     6.80
 20140126.120000   -12.75    -9.03    63.74     3.02     0.35     6.19     6.99
 20140126.130000   -13.26    -9.21    63.52     3.18     0.43     6.32     7.16
 20140126.140000   -13.78    -9.38    63.29     3.34     0.51     6.44     7.29
 20140126.150000   -13.30    -9.52    62.95     3.42     0.59     6.54     7.40
 20140126.160000   -12.81    -9.65    62.49     3.44     0.65     6.58     7.50
 20140126.170000   -12.32    -9.78    62.03     3.41     0.67     6.58     7.55
 20140126.180000   -11.82    -9.91    61.60     3.36     0.67     6.55     7.54
 20140126.190000   -11.30   -10.04    61.19     3.29     0.65     6.49     7.47
 20140126.200000   -10.78   -10.15    60.83     3.21     0.60     6.40     7.39
 20140126.210000   -10.43    -9.87    60.61     3.11     0.55     6.30     7.31
 20140126.220000   -10.09    -9.59    60.57     3.01     0.50     6.19     7.21
 20140126.230000    -9.74    -9.33    60.61     2.90     0.45     6.06     7.09
 20140127.000000    -9.40    -9.05    60.72     2.78     0.40     5.94     6.94
 20140127.010000    -9.05    -8.78    60.80     2.65     0.36     5.83     6.81
 20140127.020000    -8.70    -8.50    60.95     2.51     0.31     5.73     6.70
 20140127.030000    -8.62    -7.94    61.23     2.39     0.27     5.62     6.61
 20140127.040000    -8.53    -7.36    61.87     2.28     0.24     5.49     6.51
 20140127.050000    -8.43    -6.77    62.76     2.17     0.21     5.39     6.40
 20140127.060000    -8.32    -6.16    64.07     2.06     0.18     5.29     6.27
 20140127.070000    -8.20    -5.55    65.48     1.95     0.16     5.22     6.16
 20140127.080000    -8.06    -4.93    66.49     1.85     0.15     5.13     6.10
 20140127.090000    -7.94    -4.64    67.32     1.77     0.13     5.05     6.03
 20140127.100000    -7.82    -4.34    68.17     1.71     0.12     4.97     5.97
 20140127.110000    -7.69    -4.04    68.87     1.66     0.11     4.90     5.92
 20140127.120000    -7.57    -3.74    69.62     1.60     0.10     4.84     5.89
 20140127.130000    -7.44    -3.43    70.53     1.55     0.09     4.80     5.86
 20140127.140000    -7.29    -3.13    71.30     1.50     0.08     4.77     5.83
 20140127.150000    -7.09    -3.44    71.64     1.46     0.07     4.73     5.80
 20140127.160000    -6.86    -3.75    71.65     1.43     0.06     4.68     5.76
 20140127.170000    -6.62    -4.05    71.63     1.40     0.06     4.63     5.71
 20140127.180000    -6.36    -4.34    71.60     1.37     0.05     4.58     5.67
 20140127.190000    -6.09    -4.63    71.53     1.35     0.04     4.52     5.63
 20140127.200000    -5.80    -4.89    71.34     1.32     0.04     4.48     5.61
 20140127.210000    -5.96    -4.93    70.93     1.29     0.03     4.46     5.57
 20140127.220000    -6.11    -4.95    70.75     1.28     0.03     4.42     5.54
 20140127.230000    -6.26    -4.99    70.67     1.27     0.03     4.39     5.49
 20140128.000000    -6.41    -5.02    70.61     1.27     0.02     4.37     5.44
 20140128.010000    -6.56    -5.04    70.59     1.26     0.02     4.35     5.36
 20140128.020000    -6.71    -5.07    70.59     1.26     0.02     4.33     5.29
 20140128.030000    -6.47    -4.57    70.98     1.25     0.02     4.31     5.29
 20140128.040000    -6.23    -4.06    71.50     1.22     0.02     4.27     5.33
 20140128.050000    -5.97    -3.55    72.01     1.19     0.01     4.21     5.34
 20140128.060000    -5.71    -3.02    72.64     1.13     0.01     4.17     5.33
 20140128.070000    -5.43    -2.49    73.51     1.07     0.01     4.16     5.32
 20140128.080000    -5.13    -1.95    74.29     1.01     0.01     4.14     5.32
 20140128.090000    -5.06    -1.91    75.33     0.96     0.01     4.11     5.31
 20140128.100000    -4.99    -1.89    76.17     0.93     0.01     4.06     5.29
 20140128.110000    -4.93    -1.85    76.89     0.90     0.01     4.00     5.26
 20140128.120000    -4.86    -1.83    77.63     0.88     0.01     3.95     5.22
 20140128.130000    -4.79    -1.80    78.36     0.86     0.01     3.89     5.17
 20140128.140000    -4.73    -1.77    79.13     0.84     0.01     3.85     5.12
 20140128.150000    -4.98    -2.25    79.69     0.83     0.01     3.79     5.07
 20140128.160000    -5.21    -2.73    80.00     0.83     0.01     3.75     4.95
 20140128.170000    -5.42    -3.21    79.93     0.83     0.01     3.72     4.70
 20140128.180000    -5.62    -3.66    79.49     0.84     0.01     3.71     4.55
 20140128.190000    -5.81    -4.12    78.63     0.86     0.01     3.71     4.42
 20140128.200000    -5.99    -4.58    77.39     0.89     0.01     3.74     4.28
 20140128.210000    -6.12    -4.74    76.19     0.92     0.01     3.79     4.29
 20140128.220000    -6.25    -4.91    75.49     0.97     0.01     3.86     4.38
 20140128.230000    -6.37    -5.07    75.22     1.01     0.01     3.94     4.54
 20140129.000000    -6.50    -5.23    75.01     1.05     0.01     4.03     4.63
 20140129.010000    -6.63    -5.40    74.67     1.10     0.01     4.11     4.69
 20140129.020000    -6.76    -5.56    74.15     1.15     0.01     4.18     4.81
 20140129.030000    -6.55    -5.20    74.29     1.18     0.01     4.26     4.97
 20140129.040000    -6.34    -4.84    74.50     1.18     0.01     4.31     5.07
 20140129.050000    -6.13    -4.48    74.48     1.17     0.01     4.32     5.14
 20140129.060000    -5.91    -4.11    74.36     1.15     0.01     4.31     5.22
 20140129.070000    -5.69    -3.74    74.13     1.13     0.01     4.29     5.30
 20140129.080000    -5.47    -3.36    74.09     1.10     0.01     4.28     5.34
 20140129.090000    -5.47    -2.77    74.54     1.07     0.01     4.27     5.37
 20140129.100000    -5.45    -2.14    75.26     1.04     0.01     4.26     5.40
 20140129.110000    -5.37    -1.48    76.29     1.01     0.01     4.25     5.43
 20140129.120000    -5.23    -0.78    77.98     0.98     0.02     4.26     5.46
 20140129.130000    -5.00    -0.06    79.91     0.95     0.02     4.27     5.49
 20140129.140000    -4.67     0.66    82.09     0.93     0.02     4.27     5.51
 20140129.150000    -4.61    -0.09    84.26     0.91     0.01     4.26     5.53
 20140129.160000    -4.39    -0.98    86.05     0.88     0.01     4.25     5.55
 20140129.170000    -3.90    -2.01    87.43     0.86     0.01     4.23     5.55
 20140129.180000    -2.98    -3.08    88.22     0.84     0.01     4.22     5.55
 20140129.190000    -1.53    -3.89    88.89     0.82     0.01     4.20     5.54
 20140129.200000     0.31    -4.04    89.37     0.79     0.01     4.19     5.52
 20140129.210000    -0.06    -3.94    89.86     0.77     0.01     4.15     5.49
 20140129.220000    -0.45    -3.79    90.69     0.75     0.01     4.11     5.46
 20140129.230000    -0.84    -3.61    91.91     0.73     0.01     4.06     5.43
 20140130.000000    -1.23    -3.36    93.45     0.71     0.01     4.01     5.39
 20140130.010000    -1.61    -3.07    95.21     0.69     0.01     3.97     5.35
 20140130.020000    -1.96    -2.71    97.42     0.67     0.01     3.93     5.32
 20140130.030000    -2.17    -2.41   100.56     0.65     0.01     3.92     5.27
 20140130.040000    -2.37    -2.07   103.67     0.63     0.01     3.93     5.23
 20140130.050000    -2.54    -1.68   106.37     0.62     0.01     3.92     5.20
 20140130.060000    -2.67    -1.23   108.95     0.60     0.01     3.92     5.18
 20140130.070000    -2.73    -0.75   111.39     0.59     0.01     3.91     5.21
 20140130.080000    -2.72    -0.25   113.70     0.58     0.01     3.90     5.26
 20140130.090000    -2.81     0.12   116.09     0.57     0.01     3.91     5.37
 20140130.100000    -2.87     0.51   118.05     0.56     0.01     3.91     5.48
 20140130.110000    -2.86     0.89   119.76     0.55     0.01     3.90     5.55
 20140130.120000    -2.80     1.28   121.32     0.54     0.01     3.88     5.59
 20140130.130000    -2.71     1.65   122.75     0.54     0.01     3.85     5.60
 20140130.140000    -2.57     2.00   124.08     0.53     0.01     3.82     5.58
 20140130.150000    -2.35     1.63   125.30     0.52     0.01     3.79     5.55
 20140130.160000    -2.12     1.26   126.42     0.51     0.01     3.76     5.52
 20140130.170000    -1.88     0.86   128.03     0.50     0.01     3.77     5.48
 20140130.180000    -1.62     0.42   129.81     0.49     0.01     3.82     5.45
 20140130.190000    -1.27    -0.10   131.27     0.47     0.01     3.88     5.41
 20140130.200000    -0.59    -0.63   132.57     0.46     0.01     3.92     5.38
 20140130.210000    -0.78    -1.32   133.72     0.44     0.01     3.95     5.35
 20140130.220000    -0.94    -1.99   134.52     0.44     0.00     3.96     5.32
 20140130.230000    -1.09    -2.65   132.97     0.44     0.00     3.86     5.28
 20140131.000000    -1.24    -3.30   129.52     0.44     0.01     3.74     5.25
 20140131.010000    -1.39    -3.95   122.50     0.46     0.01     3.56     5.19
 20140131.020000    -1.54    -4.60   108.93     0.50     0.01     3.31     5.14
 20140131.030000    -2.18    -4.29    97.28     0.54     0.01     3.17     5.09
 20140131.040000    -2.82    -3.86    92.20     0.55     0.01     3.15     3.30
 20140131.050000    -3.42    -3.30    90.60     0.56     0.01     3.17     3.39
 20140131.060000    -3.95    -2.60    90.74     0.56     0.01     3.19     3.50
 20140131.070000    -4.34    -1.78    92.85     0.57     0.01     3.24     3.63
 20140131.080000    -4.57    -0.88    96.31     0.58     0.01     3.30     3.73
 20140131.090000    -4.48    -0.75    99.77     0.58     0.01     3.38     3.85
 20140131.100000    -4.39    -0.62   102.88     0.60     0.01     3.48     4.06
 20140131.110000    -4.30    -0.49   105.97     0.62     0.01     3.59     4.25
 20140131.120000    -4.20    -0.35   109.10     0.64     0.01     3.73     5.01
 20140131.130000    -4.09    -0.21   112.27     0.67     0.01     3.90     5.35
 20140131.140000    -3.99    -0.08   115.43     0.70     0.01     4.08     5.59
 20140131.150000    -3.97    -0.57   118.33     0.74     0.02     4.27     5.86
 20140131.160000    -3.90    -1.06   120.87     0.78     0.02     4.47     6.09
 20140131.170000    -3.75    -1.56   122.97     0.82     0.03     4.66     6.27
 20140131.180000    -3.54    -2.04   124.57     0.86     0.03     4.84     6.42
 20140131.190000    -3.28    -2.49   125.68     0.90     0.04     4.99     6.53
 20140131.200000    -2.95    -2.91   126.39     0.94     0.05     5.11     6.62
 20140131.210000    -2.95    -2.82   126.81     0.96     0.05     5.20     6.69
 20140131.220000    -2.96    -2.73   127.05     0.98     0.06     5.27     6.74
 20140131.230000    -2.97    -2.64   127.15     0.99     0.06     5.31     6.78
 20140201.000000    -2.97    -2.54   127.20     1.00     0.06     5.33     6.81
 20140201.010000    -2.98    -2.45   127.21     1.00     0.06     5.33     6.82
 20140201.020000    -2.98    -2.35   127.21     1.00     0.06     5.32     6.83
 20140201.030000    -2.98    -2.35   127.19     0.99     0.06     5.30     6.82
 20140201.040000    -2.98    -2.35   127.14     0.99     0.06     5.27     6.80
 20140201.050000    -2.98    -2.35   127.04     0.97     0.06     5.22     6.77
 20140201.060000    -2.98    -2.35   126.90     0.96     0.06     5.17     6.73
 20140201.070000    -2.98    -2.35   126.71     0.94     0.05     5.11     6.68
 20140201.080000    -2.98    -2.35   126.49     0.93     0.05     5.04     6.63
