  Time              windx     windy     DIR    HS      HSWEll     TMM10     TPS
 20140701.080000     0.93     2.81   184.81     0.92     0.04     4.86     6.05
 20140701.090000     1.17     3.22   185.02     0.91     0.04     4.89     6.06
 20140701.100000     1.41     3.62   185.26     0.91     0.04     4.90     6.08
 20140701.110000     1.65     4.03   185.59     0.91     0.04     4.89     6.09
 20140701.120000     1.88     4.43   186.03     0.92     0.04     4.86     6.10
 20140701.130000     2.12     4.84   186.73     0.93     0.04     4.80     6.11
 20140701.140000     2.36     5.24   187.85     0.96     0.04     4.69     6.11
 20140701.150000     2.21     5.02   188.62     0.98     0.03     4.64     6.09
 20140701.160000     2.07     4.80   189.19     0.99     0.03     4.63     6.06
 20140701.170000     1.92     4.58   189.77     0.99     0.03     4.64     6.03
 20140701.180000     1.78     4.36   190.32     0.99     0.03     4.64     6.02
 20140701.190000     1.64     4.14   190.76     0.99     0.03     4.64     6.01
 20140701.200000     1.49     3.92   191.05     0.98     0.03     4.64     6.01
 20140701.210000     1.80     4.00   191.30     0.97     0.03     4.63     6.01
 20140701.220000     2.10     4.08   191.55     0.97     0.03     4.61     6.01
 20140701.230000     2.40     4.14   191.80     0.96     0.03     4.59     6.01
 20140702.000000     2.69     4.19   192.04     0.96     0.03     4.56     6.00
 20140702.010000     2.98     4.23   192.31     0.95     0.03     4.53     5.98
 20140702.020000     3.26     4.27   192.63     0.95     0.03     4.50     5.96
 20140702.030000     3.23     4.12   192.83     0.95     0.03     4.47     5.93
 20140702.040000     3.20     3.99   192.97     0.94     0.03     4.45     5.90
 20140702.050000     3.17     3.85   193.08     0.93     0.03     4.43     5.87
 20140702.060000     3.14     3.71   193.18     0.92     0.03     4.41     5.84
 20140702.070000     3.12     3.58   193.26     0.92     0.03     4.39     5.80
 20140702.080000     3.08     3.44   193.31     0.91     0.03     4.37     5.76
 20140702.090000     3.03     3.70   193.41     0.90     0.03     4.34     5.64
 20140702.100000     2.98     3.96   193.54     0.90     0.03     4.32     5.49
 20140702.110000     2.93     4.21   193.70     0.90     0.03     4.30     5.36
 20140702.120000     2.86     4.46   193.88     0.89     0.03     4.27     5.25
 20140702.130000     2.80     4.70   194.07     0.89     0.03     4.25     5.16
 20140702.140000     2.72     4.94   194.29     0.89     0.03     4.24     5.09
 20140702.150000     2.91     4.71   194.54     0.89     0.03     4.23     5.04
 20140702.160000     3.08     4.47   194.84     0.88     0.03     4.22     5.00
 20140702.170000     3.25     4.21   195.17     0.88     0.03     4.22     4.98
 20140702.180000     3.41     3.94   195.51     0.87     0.03     4.22     4.97
 20140702.190000     3.57     3.65   195.85     0.87     0.03     4.21     4.96
 20140702.200000     3.70     3.35   196.16     0.86     0.02     4.21     4.95
 20140702.210000     4.03     3.62   196.72     0.86     0.02     4.19     4.95
 20140702.220000     4.36     3.87   197.52     0.87     0.02     4.16     4.90
 20140702.230000     4.68     4.13   198.48     0.88     0.02     4.13     4.81
 20140703.000000     5.01     4.38   199.60     0.89     0.02     4.11     4.74
 20140703.010000     5.33     4.64   200.88     0.92     0.02     4.09     4.69
 20140703.020000     5.65     4.90   202.53     0.95     0.02     4.08     4.61
 20140703.030000     5.60     4.30   204.23     0.97     0.02     4.07     4.61
 20140703.040000     5.53     3.69   205.23     0.97     0.01     4.07     4.68
 20140703.050000     5.43     3.05   206.17     0.96     0.01     4.07     4.73
 20140703.060000     5.30     2.39   207.06     0.94     0.01     4.06     4.77
 20140703.070000     5.13     1.70   207.83     0.92     0.01     4.04     4.80
 20140703.080000     4.89     0.99   208.40     0.89     0.01     4.03     4.83
 20140703.090000     4.79     1.72   209.20     0.86     0.01     4.01     4.86
 20140703.100000     4.57     2.45   209.83     0.84     0.01     3.97     4.88
 20140703.110000     4.23     3.17   210.28     0.82     0.01     3.92     4.88
 20140703.120000     3.79     3.83   210.41     0.81     0.01     3.87     4.86
 20140703.130000     3.26     4.42   210.13     0.80     0.01     3.83     4.83
 20140703.140000     2.66     4.92   209.61     0.79     0.01     3.78     4.79
 20140703.150000     2.74     4.95   209.27     0.78     0.01     3.74     4.74
 20140703.160000     2.83     4.98   209.11     0.77     0.00     3.70     4.69
 20140703.170000     2.91     5.01   209.04     0.76     0.00     3.66     4.62
 20140703.180000     3.00     5.04   209.07     0.75     0.00     3.62     4.56
 20140703.190000     3.08     5.07   209.18     0.74     0.00     3.59     4.50
 20140703.200000     3.16     5.09   209.33     0.74     0.00     3.55     4.44
 20140703.210000     3.60     5.04   209.71     0.74     0.00     3.52     4.39
 20140703.220000     4.03     4.97   210.24     0.74     0.00     3.50     4.32
 20140703.230000     4.44     4.88   210.88     0.74     0.00     3.48     4.07
 20140704.000000     4.85     4.77   211.61     0.75     0.00     3.48     3.91
 20140704.010000     5.24     4.64   212.43     0.77     0.00     3.49     3.91
 20140704.020000     5.62     4.51   213.30     0.79     0.00     3.52     3.97
 20140704.030000     5.29     4.10   213.40     0.80     0.00     3.55     4.09
 20140704.040000     4.97     3.70   213.23     0.78     0.00     3.56     4.18
 20140704.050000     4.64     3.28   213.20     0.76     0.00     3.55     4.23
 20140704.060000     4.31     2.87   213.44     0.74     0.00     3.52     4.25
 20140704.070000     3.98     2.45   213.68     0.71     0.00     3.47     4.25
 20140704.080000     3.64     2.04   213.78     0.68     0.00     3.42     4.24
 20140704.090000     3.37     2.56   213.48     0.64     0.00     3.39     4.23
 20140704.100000     3.01     3.05   212.90     0.61     0.00     3.37     4.22
 20140704.110000     2.57     3.50   211.83     0.59     0.00     3.35     4.19
 20140704.120000     2.06     3.88   210.82     0.57     0.00     3.31     4.17
 20140704.130000     1.51     4.20   209.84     0.56     0.00     3.26     4.13
 20140704.140000     0.91     4.42   208.66     0.55     0.00     3.22     4.09
 20140704.150000     0.80     4.39   207.63     0.55     0.00     3.19     4.05
 20140704.160000     0.71     4.35   206.81     0.54     0.00     3.17     4.01
 20140704.170000     0.60     4.31   206.14     0.53     0.00     3.15     3.98
 20140704.180000     0.50     4.27   205.54     0.53     0.00     3.13     3.94
 20140704.190000     0.39     4.22   205.01     0.52     0.00     3.11     3.91
 20140704.200000     0.29     4.17   204.48     0.52     0.00     3.09     3.87
 20140704.210000     0.15     4.17   203.91     0.51     0.00     3.07     3.83
 20140704.220000     0.01     4.16   203.18     0.51     0.00     3.06     3.78
 20140704.230000    -0.13     4.14   201.53     0.50     0.00     3.06     3.69
 20140705.000000    -0.27     4.12   199.31     0.49     0.00     3.06     3.56
 20140705.010000    -0.41     4.10   197.47     0.49     0.00     3.06     3.48
 20140705.020000    -0.55     4.07   195.39     0.48     0.00     3.05     3.43
 20140705.030000    -0.43     3.75   193.52     0.48     0.00     3.05     3.40
 20140705.040000    -0.31     3.43   191.99     0.47     0.00     3.05     3.40
 20140705.050000    -0.19     3.11   190.70     0.46     0.00     3.06     3.40
 20140705.060000    -0.07     2.79   189.16     0.45     0.00     3.12     3.42
 20140705.070000     0.05     2.46   187.40     0.43     0.00     3.18     3.44
 20140705.080000     0.17     2.13   186.05     0.42     0.00     3.24     3.46
 20140705.090000     0.05     2.40   184.67     0.41     0.00     3.27     3.47
 20140705.100000    -0.08     2.65   183.10     0.41     0.00     3.27     3.49
 20140705.110000    -0.20     2.91   181.41     0.41     0.00     3.26     3.50
 20140705.120000    -0.32     3.16   179.53     0.41     0.00     3.24     3.52
 20140705.130000    -0.45     3.41   177.35     0.42     0.00     3.23     3.54
 20140705.140000    -0.58     3.65   174.79     0.43     0.00     3.22     3.55
 20140705.150000    -0.71     3.65   171.82     0.44     0.00     3.24     3.58
 20140705.160000    -0.84     3.64   168.38     0.45     0.00     3.32     3.63
 20140705.170000    -0.97     3.62   164.54     0.47     0.00     3.40     3.73
 20140705.180000    -1.10     3.60   160.67     0.49     0.00     3.50     3.87
 20140705.190000    -1.23     3.58   157.12     0.51     0.00     3.61     4.52
 20140705.200000    -1.36     3.56   154.16     0.53     0.00     3.69     4.85
 20140705.210000    -0.82     3.75   152.10     0.55     0.00     3.75     4.93
 20140705.220000    -0.23     3.87   151.07     0.56     0.00     3.79     4.97
 20140705.230000     0.41     3.88   150.92     0.57     0.00     3.80     4.99
 20140706.000000     1.05     3.80   151.42     0.58     0.00     3.79     5.00
 20140706.010000     1.69     3.59   152.76     0.57     0.00     3.76     5.00
 20140706.020000     2.28     3.29   154.62     0.58     0.00     3.72     4.99
 20140706.030000     3.02     2.88   157.26     0.57     0.00     3.66     4.97
 20140706.040000     3.80     2.09   161.07     0.57     0.00     3.59     4.95
 20140706.050000     4.45     0.77   166.44     0.58     0.00     3.50     4.93
 20140706.060000     4.55    -1.11   174.14     0.58     0.00     3.40     4.91
 20140706.070000     3.67    -3.17   184.06     0.59     0.00     3.29     4.89
 20140706.080000     1.81    -4.68   196.45     0.59     0.00     3.21     4.87
 20140706.090000     1.63    -4.07   207.04     0.59     0.00     3.18     4.85
 20140706.100000     1.46    -3.47   204.27     0.56     0.00     3.21     4.82
 20140706.110000     1.27    -2.87   187.44     0.53     0.00     3.30     4.80
 20140706.120000     1.09    -2.26   172.72     0.51     0.00     3.40     4.77
 20140706.130000     0.90    -1.64   164.52     0.48     0.00     3.55     4.75
 20140706.140000     0.72    -1.02   160.00     0.47     0.00     3.72     4.74
 20140706.150000     0.70    -1.00   157.48     0.46     0.00     3.88     4.77
 20140706.160000     0.70    -0.97   156.07     0.45     0.00     4.02     4.82
 20140706.170000     0.69    -0.93   155.36     0.45     0.00     4.15     4.91
 20140706.180000     0.70    -0.86   155.13     0.45     0.00     4.26     5.01
 20140706.190000     0.76    -0.63   155.25     0.46     0.00     4.35     5.07
 20140706.200000    -0.61     0.93   155.67     0.46     0.00     4.41     5.11
 20140706.210000    -0.71     1.01   156.35     0.46     0.00     4.46     5.13
 20140706.220000    -0.85     1.06   157.27     0.46     0.00     4.49     5.12
 20140706.230000    -1.00     1.06   158.42     0.46     0.00     4.50     5.10
 20140707.000000    -1.23     0.93   159.78     0.46     0.00     4.51     5.08
 20140707.010000    -1.55     0.30   161.31     0.46     0.00     4.52     5.06
 20140707.020000     0.87    -1.68   163.01     0.46     0.00     4.52     5.04
 20140707.030000     0.91    -1.72   164.88     0.46     0.00     4.51     5.01
 20140707.040000     0.96    -1.77   166.89     0.46     0.00     4.49     4.99
 20140707.050000     1.00    -1.81   169.30     0.47     0.00     4.34     4.97
 20140707.060000     1.03    -1.86   171.13     0.48     0.00     4.25     4.96
 20140707.070000     1.08    -1.90   172.83     0.48     0.00     4.31     4.94
 20140707.080000     1.12    -1.95   174.74     0.48     0.00     4.33     4.92
 20140707.090000     0.84    -2.06   176.54     0.47     0.00     4.35     4.91
 20140707.100000     0.44    -2.17   178.14     0.47     0.00     4.37     4.89
 20140707.110000    -0.16    -2.20   179.55     0.47     0.00     4.38     4.88
 20140707.120000    -1.02    -1.95   180.72     0.47     0.00     4.39     4.87
 20140707.130000    -1.93    -1.03   181.61     0.47     0.00     4.40     4.87
 20140707.140000    -2.09     0.59   182.24     0.47     0.00     4.39     4.86
 20140707.150000    -2.08     0.45   182.80     0.47     0.01     4.39     4.87
 20140707.160000    -2.05     0.30   183.15     0.47     0.01     4.40     4.88
 20140707.170000    -2.02     0.15   183.10     0.47     0.01     4.39     4.89
 20140707.180000    -1.98     0.00   182.54     0.47     0.01     4.39     4.90
 20140707.190000    -1.92    -0.15   181.35     0.47     0.01     4.38     4.92
 20140707.200000    -1.86    -0.31   179.26     0.48     0.01     4.38     4.92
 20140707.210000    -1.84    -0.39   175.76     0.49     0.01     4.38     4.93
 20140707.220000    -1.81    -0.51   169.94     0.51     0.01     4.40     4.93
 20140707.230000    -1.73    -0.71   160.57     0.53     0.01     4.46     4.95
 20140708.000000    -1.52    -1.06   147.07     0.56     0.01     4.54     5.00
 20140708.010000    -0.68    -1.69   131.30     0.60     0.01     4.67     5.09
 20140708.020000     1.88    -0.14   117.13     0.64     0.02     4.81     5.22
 20140708.030000     1.95    -0.06   106.72     0.68     0.02     4.94     5.35
 20140708.040000     2.02     0.01    99.87     0.71     0.02     5.05     5.47
 20140708.050000     2.08     0.08    95.56     0.74     0.02     5.14     5.56
 20140708.060000     2.14     0.16    92.97     0.77     0.03     5.21     5.64
 20140708.070000     2.20     0.24    91.50     0.78     0.03     5.27     5.73
 20140708.080000     2.26     0.31    90.80     0.79     0.03     5.32     5.81
 20140708.090000     2.62     0.96    90.91     0.80     0.04     5.33     5.86
 20140708.100000     2.89     1.62    92.12     0.81     0.04     5.31     5.91
 20140708.110000     3.10     2.24    95.07     0.82     0.04     5.25     5.94
 20140708.120000     3.28     2.85   101.59     0.84     0.05     5.08     5.97
 20140708.130000     3.44     3.45   113.32     0.86     0.05     4.86     5.99
 20140708.140000     3.58     4.03   130.44     0.90     0.05     4.65     6.01
 20140708.150000     4.04     3.84   146.29     0.92     0.05     4.54     6.01
 20140708.160000     4.48     3.64   159.95     0.93     0.05     4.47     6.01
 20140708.170000     4.89     3.40   171.41     0.93     0.05     4.41     6.00
 20140708.180000     5.29     3.14   180.62     0.94     0.05     4.36     5.97
 20140708.190000     5.66     2.86   188.25     0.95     0.05     4.32     5.92
 20140708.200000     5.99     2.58   194.52     0.96     0.05     4.28     5.83
 20140708.210000     5.70     2.36   198.30     0.96     0.05     4.27     5.19
 20140708.220000     5.41     2.14   200.45     0.96     0.04     4.27     5.01
 20140708.230000     5.13     1.92   201.66     0.95     0.04     4.28     5.05
 20140709.000000     4.83     1.69   202.24     0.95     0.04     4.30     5.11
 20140709.010000     4.53     1.46   202.30     0.94     0.04     4.32     5.16
 20140709.020000     4.23     1.24   201.84     0.94     0.04     4.35     5.20
 20140709.030000     4.25     1.44   201.28     0.94     0.04     4.38     5.23
 20140709.040000     4.25     1.63   200.64     0.93     0.04     4.41     5.26
 20140709.050000     4.25     1.82   200.17     0.94     0.04     4.43     5.28
 20140709.060000     4.25     2.01   199.77     0.94     0.04     4.46     5.30
 20140709.070000     4.24     2.20   199.39     0.95     0.05     4.48     5.33
 20140709.080000     4.23     2.38   198.98     0.95     0.05     4.50     5.36
 20140709.090000     4.23     3.06   198.67     0.96     0.05     4.52     5.40
 20140709.100000     4.17     3.71   198.36     0.98     0.06     4.54     5.44
 20140709.110000     4.07     4.33   198.03     1.00     0.06     4.55     5.47
 20140709.120000     3.95     4.93   197.67     1.02     0.06     4.56     5.50
 20140709.130000     3.80     5.50   197.23     1.05     0.07     4.55     5.51
 20140709.140000     3.62     6.04   196.88     1.07     0.07     4.52     5.51
 20140709.150000     3.46     6.10   196.58     1.09     0.08     4.54     5.51
 20140709.160000     3.29     6.15   196.43     1.10     0.08     4.55     5.51
 20140709.170000     3.13     6.20   196.39     1.11     0.08     4.57     5.51
 20140709.180000     2.96     6.24   196.40     1.11     0.08     4.58     5.51
 20140709.190000     2.79     6.29   196.40     1.11     0.08     4.58     5.52
 20140709.200000     2.61     6.32   196.38     1.11     0.09     4.58     5.52
 20140709.210000     2.66     6.24   196.38     1.12     0.09     4.58     5.51
 20140709.220000     2.70     6.16   196.36     1.12     0.09     4.59     5.51
 20140709.230000     2.74     6.08   196.31     1.12     0.09     4.59     5.51
 20140710.000000     2.78     6.00   196.22     1.12     0.08     4.59     5.50
 20140710.010000     2.82     5.91   196.08     1.12     0.08     4.59     5.49
 20140710.020000     2.86     5.83   195.91     1.12     0.08     4.60     5.49
 20140710.030000     2.78     5.05   195.61     1.12     0.08     4.62     5.50
 20140710.040000     2.71     4.26   195.24     1.10     0.08     4.65     5.52
 20140710.050000     2.62     3.45   194.72     1.09     0.08     4.69     5.54
 20140710.060000     2.52     2.58   193.72     1.06     0.08     4.76     5.57
 20140710.070000     2.37     1.64   192.48     1.03     0.08     4.85     5.61
 20140710.080000     2.07     0.57   191.26     1.00     0.08     4.97     5.64
 20140710.090000     2.10     1.60   190.23     0.98     0.08     5.07     5.68
 20140710.100000     1.73     2.60   189.44     0.97     0.08     5.13     5.72
 20140710.110000     1.11     3.45   188.78     0.96     0.08     5.16     5.77
 20140710.120000     0.33     4.09   188.10     0.96     0.08     5.17     5.82
 20140710.130000    -0.48     4.57   187.22     0.97     0.09     5.14     5.86
 20140710.140000    -1.28     4.91   185.84     0.98     0.09     5.07     5.90
 20140710.150000    -1.06     5.04   184.82     1.00     0.09     5.02     5.93
 20140710.160000    -0.84     5.16   184.27     1.01     0.09     4.99     5.94
 20140710.170000    -0.62     5.27   183.95     1.02     0.10     4.98     5.95
 20140710.180000    -0.39     5.37   183.80     1.03     0.10     4.98     5.95
 20140710.190000    -0.17     5.46   183.78     1.03     0.10     4.97     5.95
 20140710.200000     0.06     5.54   183.86     1.04     0.11     4.97     5.95
 20140710.210000     0.27     5.47   184.03     1.04     0.11     4.97     5.94
 20140710.220000     0.49     5.41   184.25     1.05     0.11     4.98     5.94
 20140710.230000     0.71     5.33   184.50     1.05     0.12     4.99     5.93
 20140711.000000     0.93     5.24   184.78     1.05     0.12     5.01     5.93
 20140711.010000     1.14     5.14   185.11     1.06     0.12     5.03     5.93
 20140711.020000     1.36     5.03   185.43     1.06     0.13     5.04     5.93
 20140711.030000     1.40     4.97   185.68     1.06     0.13     5.07     5.94
 20140711.040000     1.45     4.90   185.89     1.07     0.13     5.09     5.94
 20140711.050000     1.49     4.84   186.05     1.07     0.13     5.11     5.94
 20140711.060000     1.54     4.78   186.20     1.08     0.13     5.13     5.94
 20140711.070000     1.58     4.71   186.30     1.08     0.13     5.15     5.94
 20140711.080000     1.62     4.65   186.37     1.09     0.13     5.16     5.94
 20140711.090000     1.46     5.20   186.45     1.10     0.13     5.16     5.93
 20140711.100000     1.29     5.75   186.50     1.11     0.13     5.14     5.92
 20140711.110000     1.12     6.27   186.57     1.13     0.13     5.11     5.88
 20140711.120000     0.95     6.79   186.64     1.17     0.13     5.07     5.83
 20140711.130000     0.76     7.30   186.65     1.21     0.12     4.98     5.74
 20140711.140000     0.59     7.80   186.64     1.26     0.12     4.89     5.65
 20140711.150000     0.82     7.50   186.72     1.30     0.12     4.88     5.60
 20140711.160000     1.04     7.20   186.97     1.30     0.11     4.90     5.62
 20140711.170000     1.27     6.89   187.22     1.30     0.11     4.90     5.65
 20140711.180000     1.49     6.56   187.43     1.29     0.11     4.90     5.68
 20140711.190000     1.72     6.23   187.63     1.28     0.11     4.90     5.70
 20140711.200000     1.93     5.88   187.78     1.27     0.11     4.89     5.72
 20140711.210000     2.07     5.39   187.90     1.25     0.11     4.88     5.74
 20140711.220000     2.19     4.88   188.03     1.23     0.11     4.89     5.76
 20140711.230000     2.32     4.36   188.13     1.21     0.11     4.90     5.78
 20140712.000000     2.43     3.80   188.25     1.18     0.11     4.92     5.80
 20140712.010000     2.53     3.22   188.31     1.15     0.11     4.95     5.82
 20140712.020000     2.61     2.59   188.28     1.13     0.11     4.99     5.83
 20140712.030000     2.45     3.02   188.18     1.11     0.11     5.01     5.83
 20140712.040000     2.27     3.43   188.20     1.10     0.11     5.01     5.83
 20140712.050000     2.07     3.80   188.23     1.09     0.11     5.00     5.82
 20140712.060000     1.85     4.16   188.22     1.09     0.11     4.98     5.80
 20140712.070000     1.61     4.48   188.19     1.08     0.11     4.95     5.78
 20140712.080000     1.37     4.79   188.13     1.09     0.11     4.93     5.75
 20140712.090000     1.54     4.75   188.09     1.09     0.10     4.91     5.71
 20140712.100000     1.72     4.69   188.11     1.09     0.10     4.90     5.68
 20140712.110000     1.89     4.64   188.18     1.09     0.09     4.89     5.66
 20140712.120000     2.05     4.57   188.27     1.09     0.09     4.88     5.65
 20140712.130000     2.22     4.50   188.37     1.09     0.08     4.86     5.64
 20140712.140000     2.38     4.43   188.46     1.08     0.08     4.85     5.63
 20140712.150000     2.55     4.33   188.54     1.08     0.07     4.83     5.62
 20140712.160000     2.71     4.23   188.60     1.08     0.07     4.81     5.61
 20140712.170000     2.87     4.12   188.66     1.07     0.06     4.79     5.61
 20140712.180000     3.03     4.00   188.72     1.07     0.06     4.77     5.60
 20140712.190000     3.18     3.88   188.79     1.06     0.06     4.74     5.59
 20140712.200000     3.33     3.76   188.90     1.05     0.05     4.72     5.58
 20140712.210000     3.37     3.86   189.05     1.04     0.05     4.69     5.57
 20140712.220000     3.41     3.96   189.24     1.03     0.05     4.65     5.56
 20140712.230000     3.45     4.06   189.44     1.03     0.05     4.62     5.54
 20140713.000000     3.50     4.16   189.67     1.02     0.05     4.58     5.52
 20140713.010000     3.53     4.26   189.93     1.01     0.04     4.55     5.49
 20140713.020000     3.57     4.36   190.22     1.01     0.04     4.51     5.47
 20140713.030000     3.79     3.98   190.50     1.00     0.04     4.49     5.44
 20140713.040000     3.98     3.57   190.81     0.99     0.04     4.46     5.42
 20140713.050000     4.15     3.14   191.13     0.98     0.04     4.44     5.40
 20140713.060000     4.29     2.68   191.48     0.97     0.04     4.41     5.38
 20140713.070000     4.41     2.19   191.85     0.95     0.03     4.38     5.36
 20140713.080000     4.47     1.68   192.26     0.94     0.03     4.34     5.34
 20140713.090000     4.31     1.97   192.72     0.92     0.03     4.31     5.32
 20140713.100000     4.12     2.27   193.24     0.90     0.03     4.28     5.30
 20140713.110000     3.92     2.55   193.77     0.89     0.03     4.24     5.28
 20140713.120000     3.68     2.82   194.21     0.87     0.02     4.20     5.25
 20140713.130000     3.43     3.08   194.56     0.86     0.02     4.16     5.23
 20140713.140000     3.15     3.32   194.81     0.84     0.02     4.12     5.19
 20140713.150000     3.27     3.55   195.16     0.83     0.02     4.07     5.16
 20140713.160000     3.38     3.77   195.60     0.82     0.02     4.03     5.13
 20140713.170000     3.50     4.00   196.06     0.82     0.02     3.98     5.09
 20140713.180000     3.61     4.23   196.55     0.81     0.02     3.94     5.05
 20140713.190000     3.72     4.45   197.05     0.81     0.01     3.91     4.99
 20140713.200000     3.83     4.67   197.55     0.82     0.01     3.87     4.92
 20140713.210000     4.15     4.68   198.21     0.82     0.01     3.85     4.86
 20140713.220000     4.47     4.68   199.02     0.83     0.01     3.83     4.80
 20140713.230000     4.77     4.68   199.95     0.84     0.01     3.82     4.76
 20140714.000000     5.08     4.67   201.13     0.85     0.01     3.82     4.69
 20140714.010000     5.37     4.65   202.46     0.87     0.01     3.81     4.63
 20140714.020000     5.67     4.63   203.85     0.88     0.01     3.82     4.56
 20140714.030000     5.54     4.21   204.54     0.89     0.01     3.84     4.57
 20140714.040000     5.41     3.79   204.92     0.88     0.01     3.85     4.62
 20140714.050000     5.27     3.36   205.32     0.87     0.00     3.85     4.65
 20140714.060000     5.12     2.92   205.80     0.85     0.00     3.82     4.66
 20140714.070000     4.95     2.46   206.24     0.83     0.00     3.79     4.66
 20140714.080000     4.77     2.01   206.63     0.81     0.00     3.76     4.66
 20140714.090000     4.61     2.42   207.16     0.79     0.00     3.71     4.65
 20140714.100000     4.41     2.82   207.72     0.77     0.00     3.66     4.63
 20140714.110000     4.17     3.21   208.13     0.75     0.00     3.61     4.59
 20140714.120000     3.91     3.58   208.40     0.74     0.00     3.57     4.56
 20140714.130000     3.61     3.92   208.55     0.72     0.00     3.53     4.52
 20140714.140000     3.29     4.24   208.50     0.71     0.00     3.49     4.47
 20140714.150000     3.07     4.44   208.40     0.70     0.00     3.46     4.44
 20140714.160000     2.84     4.64   208.29     0.70     0.00     3.43     4.39
 20140714.170000     2.59     4.82   208.10     0.69     0.00     3.40     4.34
 20140714.180000     2.34     4.99   207.82     0.68     0.00     3.37     4.28
 20140714.190000     2.08     5.14   207.33     0.68     0.00     3.35     4.22
 20140714.200000     1.82     5.28   206.65     0.67     0.00     3.34     4.18
 20140714.210000     2.15     5.09   206.15     0.67     0.00     3.33     4.14
 20140714.220000     2.48     4.86   205.92     0.66     0.00     3.31     4.11
 20140714.230000     2.80     4.61   205.91     0.66     0.00     3.29     4.08
 20140715.000000     3.11     4.33   206.05     0.65     0.00     3.28     4.05
 20140715.010000     3.40     4.02   206.29     0.65     0.00     3.27     4.02
 20140715.020000     3.67     3.70   206.60     0.64     0.00     3.26     4.00
 20140715.030000     3.64     3.30   206.79     0.64     0.00     3.25     3.99
 20140715.040000     3.61     2.89   206.96     0.63     0.00     3.24     3.99
 20140715.050000     3.56     2.47   207.18     0.62     0.00     3.25     4.00
 20140715.060000     3.50     2.03   207.87     0.60     0.00     3.26     4.02
 20140715.070000     3.41     1.58   208.52     0.58     0.00     3.32     4.06
 20140715.080000     3.28     1.10   208.48     0.56     0.00     3.39     4.11
 20140715.090000     3.21     1.64   208.53     0.54     0.00     3.40     4.17
 20140715.100000     3.06     2.17   208.64     0.54     0.00     3.40     4.23
 20140715.110000     2.84     2.67   208.67     0.53     0.00     3.39     4.30
 20140715.120000     2.56     3.14   208.58     0.53     0.00     3.38     4.35
 20140715.130000     2.23     3.55   208.29     0.53     0.00     3.37     4.38
 20140715.140000     1.86     3.92   207.81     0.53     0.00     3.36     4.39
 20140715.150000     1.59     4.05   207.28     0.53     0.00     3.36     4.39
 20140715.160000     1.32     4.16   206.74     0.53     0.00     3.35     4.39
 20140715.170000     1.03     4.26   206.16     0.54     0.00     3.34     4.40
 20140715.180000     0.74     4.34   205.35     0.53     0.00     3.34     4.41
 20140715.190000     0.44     4.39   204.39     0.53     0.00     3.33     4.42
 20140715.200000     0.14     4.43   203.19     0.53     0.00     3.32     4.43
 20140715.210000     0.48     4.03   202.30     0.53     0.00     3.32     4.44
 20140715.220000     0.83     3.61   201.61     0.52     0.00     3.34     4.46
 20140715.230000     1.20     3.12   201.18     0.51     0.00     3.36     4.49
 20140716.000000     1.57     2.54   201.04     0.51     0.00     3.37     4.53
 20140716.010000     1.90     1.82   201.39     0.49     0.00     3.41     4.56
 20140716.020000     2.07     0.92   200.96     0.47     0.00     3.50     4.60
 20140716.030000     1.88     1.36   200.05     0.45     0.00     3.60     4.62
 20140716.040000     1.52     1.83   199.13     0.44     0.00     3.65     4.64
 20140716.050000     0.92     2.27   197.98     0.43     0.00     3.68     4.66
 20140716.060000     0.06     2.51   196.42     0.43     0.00     3.69     4.66
 20140716.070000    -0.95     2.40   194.01     0.42     0.00     3.70     4.65
 20140716.080000    -1.87     1.87   190.57     0.42     0.00     3.69     4.62
 20140716.090000    -1.64     1.89   186.81     0.42     0.00     3.68     4.60
 20140716.100000    -1.38     1.90   182.73     0.43     0.00     3.69     4.56
 20140716.110000    -1.12     1.89   178.18     0.44     0.00     3.71     4.51
 20140716.120000    -0.83     1.87   173.23     0.46     0.00     3.78     4.48
 20140716.130000    -0.54     1.82   167.98     0.48     0.00     3.90     4.50
 20140716.140000    -0.23     1.73   162.62     0.52     0.01     4.09     4.59
 20140716.150000    -0.21     1.56   157.58     0.56     0.01     4.35     4.78
 20140716.160000    -0.19     1.38   153.40     0.62     0.01     4.65     5.09
 20140716.170000    -0.18     1.22   150.37     0.69     0.02     4.96     5.47
 20140716.180000    -0.16     1.04   148.43     0.76     0.03     5.26     5.84
 20140716.190000    -0.14     0.87   147.40     0.84     0.04     5.53     6.10
 20140716.200000    -0.13     0.69   147.03     0.92     0.06     5.78     6.37
 20140716.210000    -0.94     0.78   147.08     0.99     0.09     6.01     6.59
 20140716.220000    -1.68     0.46   147.38     1.06     0.12     6.20     6.77
 20140716.230000    -2.24     0.00   147.75     1.13     0.15     6.36     6.95
 20140717.000000    -2.70    -0.48   148.04     1.18     0.18     6.48     7.15
 20140717.010000    -3.10    -0.96   148.24     1.23     0.21     6.56     7.29
 20140717.020000    -3.46    -1.42   148.26     1.28     0.25     6.61     7.39
 20140717.030000    -3.98    -1.31   148.06     1.33     0.28     6.63     7.48
 20140717.040000    -4.48    -1.18   147.74     1.39     0.31     6.60     7.58
 20140717.050000    -4.98    -1.05   147.35     1.44     0.35     6.57     7.68
 20140717.060000    -5.46    -0.91   146.95     1.52     0.38     6.51     7.78
 20140717.070000    -5.93    -0.78   146.66     1.60     0.42     6.49     7.83
 20140717.080000    -6.40    -0.64   146.55     1.69     0.46     6.49     7.87
 20140717.090000    -6.68    -0.48   146.59     1.79     0.50     6.54     7.89
 20140717.100000    -6.96    -0.31   146.58     1.88     0.55     6.62     7.91
 20140717.110000    -7.23    -0.15   146.31     1.95     0.59     6.70     7.93
 20140717.120000    -7.50     0.02   145.86     2.00     0.62     6.76     7.95
 20140717.130000    -7.76     0.19   145.38     2.03     0.64     6.79     7.97
 20140717.140000    -8.03     0.35   144.99     2.05     0.67     6.81     7.99
 20140717.150000    -7.97     0.71   145.04     2.06     0.69     6.84     7.99
 20140717.160000    -7.91     1.06   145.51     2.08     0.73     6.90     7.98
 20140717.170000    -7.83     1.41   146.33     2.11     0.77     6.98     7.97
 20140717.180000    -7.73     1.76   147.53     2.15     0.83     7.08     7.95
 20140717.190000    -7.61     2.11   149.04     2.19     0.90     7.22     7.94
 20140717.200000    -7.48     2.45   150.81     2.26     0.98     7.40     7.94
 20140717.210000    -7.85     2.90   152.59     2.33     1.07     7.59     7.96
 20140717.220000    -8.20     3.34   154.31     2.44     1.18     7.77     7.97
 20140717.230000    -8.55     3.78   155.90     2.57     1.28     7.91     7.94
 20140718.000000    -8.90     4.23   157.18     2.73     1.40     8.02     7.91
 20140718.010000    -9.24     4.66   158.02     2.88     1.50     8.11     7.91
 20140718.020000    -9.57     5.10   158.48     3.04     1.59     8.16     7.93
 20140718.030000    -9.51     5.41   158.93     3.17     1.66     8.20     7.99
 20140718.040000    -9.44     5.71   159.60     3.24     1.70     8.24     8.07
 20140718.050000    -9.37     6.01   160.30     3.27     1.73     8.25     8.14
 20140718.060000    -9.29     6.31   160.96     3.27     1.73     8.24     8.16
 20140718.070000    -9.21     6.61   161.58     3.26     1.72     8.21     9.48
 20140718.080000    -9.11     6.90   162.19     3.24     1.70     8.16     9.43
 20140718.090000    -8.48     6.61   163.33     3.19     1.68     8.15    12.75
 20140718.100000    -7.85     6.31   164.96     3.13     1.66     8.16    12.71
 20140718.110000    -7.22     6.03   166.88     3.07     1.66     8.20    12.69
 20140718.120000    -6.58     5.73   169.11     3.02     1.66     8.27    12.69
 20140718.130000    -5.94     5.43   171.66     2.98     1.68     8.37    12.73
 20140718.140000    -5.30     5.12   174.43     2.96     1.72     8.50    12.80
 20140718.150000    -5.21     5.15   177.19     2.95     1.76     8.64    12.90
 20140718.160000    -5.12     5.18   179.77     2.95     1.80     8.77    12.99
 20140718.170000    -5.04     5.21   182.06     2.94     1.82     8.85    13.03
 20140718.180000    -4.95     5.24   183.71     2.93     1.83     8.87    13.01
 20140718.190000    -4.86     5.26   184.82     2.92     1.82     8.83    12.95
 20140718.200000    -4.78     5.29   185.51     2.89     1.79     8.73    12.86
 20140718.210000    -4.82     5.16   185.88     2.84     1.74     8.60    12.77
 20140718.220000    -4.86     5.04   186.00     2.79     1.68     8.45    12.68
 20140718.230000    -4.91     4.91   185.92     2.74     1.61     8.29    12.59
 20140719.000000    -4.94     4.77   185.63     2.68     1.54     8.12    12.50
 20140719.010000    -4.99     4.64   185.16     2.61     1.46     7.94    12.38
 20140719.020000    -5.02     4.51   184.50     2.55     1.38     7.76    12.18
 20140719.030000    -4.73     4.24   183.78     2.48     1.30     7.58    11.93
 20140719.040000    -4.45     3.98   183.13     2.42     1.22     7.42    11.76
 20140719.050000    -4.16     3.72   182.96     2.34     1.14     7.31    11.64
 20140719.060000    -3.88     3.45   182.96     2.27     1.07     7.24    11.54
 20140719.070000    -3.59     3.19   183.25     2.18     1.01     7.19    11.46
 20140719.080000    -3.31     2.92   183.65     2.10     0.96     7.16    11.39
 20140719.090000    -3.34     2.78   184.08     2.04     0.92     7.14    11.31
 20140719.100000    -3.37     2.65   184.37     1.97     0.87     7.10    11.23
 20140719.110000    -3.40     2.52   184.50     1.92     0.83     7.04    10.96
 20140719.120000    -3.43     2.38   184.53     1.87     0.79     6.97    10.63
 20140719.130000    -3.45     2.24   184.52     1.83     0.75     6.89    10.40
 20140719.140000    -3.48     2.10   184.47     1.78     0.71     6.82    10.24
 20140719.150000    -3.21     2.03   184.38     1.74     0.67     6.74     9.88
 20140719.160000    -2.94     1.96   184.33     1.70     0.63     6.67     9.63
 20140719.170000    -2.68     1.89   184.40     1.65     0.59     6.62     9.46
 20140719.180000    -2.41     1.82   184.64     1.60     0.56     6.58     9.37
 20140719.190000    -2.13     1.74   184.99     1.56     0.52     6.57     9.30
 20140719.200000    -1.86     1.66   185.22     1.51     0.49     6.56     9.24
 20140719.210000    -1.82     1.45   185.30     1.47     0.46     6.54     9.16
 20140719.220000    -1.78     1.22   185.27     1.43     0.43     6.49     9.08
 20140719.230000    -1.73     0.99   185.20     1.40     0.40     6.44     8.97
 20140720.000000    -1.67     0.75   185.10     1.37     0.37     6.39     8.88
 20140720.010000    -1.59     0.50   185.00     1.34     0.34     6.33     8.80
 20140720.020000    -1.48     0.23   184.91     1.31     0.31     6.27     8.74
 20140720.030000    -1.70    -0.28   184.82     1.28     0.29     6.23     8.68
 20140720.040000    -1.74    -0.87   184.73     1.25     0.27     6.19     8.61
 20140720.050000    -1.62    -1.46   184.61     1.23     0.25     6.15     8.56
 20140720.060000    -1.37    -1.98   184.48     1.20     0.23     6.10     8.50
 20140720.070000    -1.04    -2.43   184.34     1.17     0.21     6.05     8.44
 20140720.080000    -0.67    -2.80   184.19     1.15     0.20     6.00     8.34
 20140720.090000    -1.16    -2.64   184.03     1.13     0.18     5.96     8.22
 20140720.100000    -1.73    -2.31   183.89     1.11     0.17     5.91     8.13
 20140720.110000    -2.33    -1.73   183.78     1.09     0.16     5.86     8.07
 20140720.120000    -2.79    -0.83   183.70     1.07     0.16     5.82     8.01
 20140720.130000    -2.89     0.36   183.68     1.06     0.15     5.78     7.97
 20140720.140000    -2.47     1.56   183.71     1.04     0.14     5.74     7.93
 20140720.150000    -2.17     1.29   183.81     1.02     0.14     5.71     7.89
 20140720.160000    -1.86     1.01   183.96     1.01     0.14     5.68     7.85
 20140720.170000    -1.55     0.72   184.13     0.99     0.13     5.65     7.82
 20140720.180000    -1.25     0.40   184.30     0.98     0.13     5.62     7.79
 20140720.190000    -0.91    -0.01   184.44     0.97     0.13     5.59     7.75
 20140720.200000     0.10    -0.50   184.55     0.95     0.12     5.56     7.71
 20140720.210000     0.15    -1.03   184.61     0.94     0.12     5.53     7.68
 20140720.220000     0.19    -1.55   184.60     0.93     0.12     5.51     7.63
 20140720.230000     0.24    -2.08   184.51     0.92     0.12     5.48     7.58
 20140721.000000     0.29    -2.60   184.29     0.92     0.11     5.46     7.54
 20140721.010000     0.34    -3.12   183.86     0.91     0.11     5.41     7.50
 20140721.020000     0.38    -3.64   182.95     0.91     0.10     5.36     7.47
 20140721.030000     0.18    -4.00   180.88     0.92     0.10     5.27     7.43
 20140721.040000    -0.04    -4.32   177.05     0.94     0.09     5.16     7.40
 20140721.050000    -0.25    -4.65   171.15     0.96     0.09     5.05     7.37
 20140721.060000    -0.47    -4.97   163.22     0.98     0.08     4.96     7.34
 20140721.070000    -0.68    -5.28   153.42     1.00     0.08     4.90     7.29
 20140721.080000    -0.89    -5.58   141.84     1.02     0.07     4.84     6.78
 20140721.090000    -1.22    -5.14   130.99     1.03     0.07     4.83     5.18
 20140721.100000    -1.56    -4.67   122.54     1.04     0.06     4.83     5.28
 20140721.110000    -1.90    -4.15   115.98     1.04     0.05     4.84     5.40
 20140721.120000    -2.23    -3.57   111.07     1.03     0.05     4.85     5.49
 20140721.130000    -2.52    -2.90   107.73     1.02     0.05     4.86     5.54
 20140721.140000    -2.74    -2.14   105.72     1.00     0.04     4.88     5.57
 20140721.150000    -2.99    -2.29   104.01     0.98     0.04     4.89     5.57
 20140721.160000    -3.24    -2.43   101.85     0.97     0.04     4.88     5.57
 20140721.170000    -3.49    -2.57    99.47     0.97     0.04     4.85     5.56
 20140721.180000    -3.73    -2.72    96.87     0.97     0.04     4.82     5.55
 20140721.190000    -3.98    -2.86    94.02     0.98     0.04     4.80     5.54
 20140721.200000    -4.23    -3.00    90.96     0.99     0.04     4.79     5.55
 20140721.210000    -3.75    -3.75    87.78     1.01     0.04     4.80     5.56
 20140721.220000    -3.10    -4.45    84.54     1.04     0.04     4.84     5.61
 20140721.230000    -2.31    -5.03    81.46     1.07     0.05     4.89     5.70
 20140722.000000    -1.39    -5.48    78.17     1.10     0.05     4.92     5.82
 20140722.010000    -0.40    -5.75    75.45     1.13     0.06     4.96     5.92
 20140722.020000     0.60    -5.84    72.92     1.16     0.06     5.00     6.00
 20140722.030000     0.49    -6.00    70.65     1.18     0.06     5.01     6.08
 20140722.040000     0.38    -6.14    68.81     1.20     0.07     5.03     6.17
 20140722.050000     0.27    -6.29    67.25     1.23     0.07     5.05     6.29
 20140722.060000     0.16    -6.43    65.99     1.25     0.08     5.07     6.37
 20140722.070000     0.05    -6.57    64.99     1.26     0.08     5.11     6.43
 20140722.080000    -0.06    -6.71    64.20     1.28     0.08     5.15     6.47
 20140722.090000    -0.12    -6.11    64.41     1.29     0.09     5.21     6.51
 20140722.100000    -0.17    -5.51    65.06     1.30     0.09     5.29     6.55
 20140722.110000    -0.21    -4.92    65.60     1.29     0.10     5.35     6.59
 20140722.120000    -0.26    -4.31    66.11     1.28     0.11     5.40     6.64
 20140722.130000    -0.31    -3.71    67.05     1.26     0.12     5.46     6.69
 20140722.140000    -0.36    -3.10    68.35     1.24     0.13     5.56     6.75
 20140722.150000     0.27    -3.17    69.48     1.22     0.15     5.67     6.84
 20140722.160000     1.02    -3.07    70.14     1.21     0.17     5.76     6.96
 20140722.170000     1.83    -2.73    70.55     1.21     0.20     5.86     7.04
 20140722.180000     2.60    -2.09    70.75     1.23     0.23     5.96     7.12
 20140722.190000     3.17    -1.19    70.79     1.25     0.26     6.06     7.22
 20140722.200000     3.43    -0.12    70.73     1.27     0.30     6.18     7.34
 20140722.210000     4.43    -0.18    70.56     1.31     0.34     6.27     7.57
 20140722.220000     5.43    -0.24    70.54     1.37     0.39     6.30     7.84
 20140722.230000     6.42    -0.29    71.35     1.45     0.44     6.26     8.19
 20140723.000000     7.41    -0.35    73.65     1.54     0.49     6.17     8.66
 20140723.010000     8.40    -0.40    79.28     1.65     0.53     6.05     9.04
 20140723.020000     9.39    -0.46    95.09     1.76     0.56     5.92     9.42
 20140723.030000     9.34    -0.74   134.98     1.85     0.57     5.87     9.22
 20140723.040000     9.28    -1.03   175.84     1.90     0.58     5.87     5.90
 20140723.050000     9.21    -1.32   196.61     1.94     0.58     5.90     6.15
 20140723.060000     9.13    -1.60   206.16     1.95     0.57     5.92     6.34
 20140723.070000     9.04    -1.88   211.69     1.97     0.56     5.94     6.58
 20140723.080000     8.95    -2.16   215.41     1.98     0.54     5.95     6.75
 20140723.090000     9.69    -0.93   218.77     1.99     0.50     5.91     6.88
 20140723.100000    10.25     0.37   220.65     2.02     0.46     5.88     7.02
 20140723.110000    10.64     1.70   221.20     2.07     0.42     5.86     7.16
 20140723.120000    10.89     3.03   220.61     2.16     0.39     5.87     7.23
 20140723.130000    11.00     4.33   219.39     2.29     0.40     5.92     7.25
 20140723.140000    11.01     5.60   217.98     2.44     0.43     6.02     7.27
 20140723.150000    11.24     6.08   216.99     2.58     0.47     6.15     7.31
 20140723.160000    11.48     6.55   216.51     2.70     0.52     6.27     7.40
 20140723.170000    11.70     7.01   216.36     2.80     0.56     6.35     7.49
 20140723.180000    11.93     7.48   216.45     2.89     0.58     6.40     7.55
 20140723.190000    12.14     7.94   216.54     2.97     0.58     6.41     7.56
 20140723.200000    12.36     8.40   216.64     3.04     0.58     6.42     7.53
 20140723.210000    12.44     8.80   216.68     3.09     0.57     6.41     7.48
 20140723.220000    12.53     9.20   216.70     3.15     0.55     6.39     7.42
 20140723.230000    12.61     9.60   216.71     3.19     0.54     6.38     7.38
 20140724.000000    12.69    10.00   216.70     3.24     0.53     6.40     7.35
 20140724.010000    12.76    10.39   216.65     3.30     0.53     6.42     7.34
 20140724.020000    12.83    10.78   216.58     3.35     0.53     6.47     7.34
 20140724.030000    12.14    10.41   216.45     3.35     0.54     6.48     7.36
 20140724.040000    11.45    10.03   216.36     3.27     0.52     6.43     7.36
 20140724.050000    10.76     9.65   216.25     3.16     0.49     6.34     7.34
 20140724.060000    10.06     9.27   215.98     3.03     0.44     6.23     7.31
 20140724.070000     9.36     8.89   215.51     2.87     0.39     6.10     7.26
 20140724.080000     8.66     8.51   214.71     2.71     0.34     5.96     7.22
 20140724.090000     8.18     8.57   213.52     2.55     0.29     5.84     7.17
 20140724.100000     7.69     8.63   212.31     2.44     0.25     5.73     7.11
 20140724.110000     7.19     8.68   211.07     2.34     0.22     5.63     7.05
 20140724.120000     6.68     8.71   209.85     2.25     0.19     5.53     6.97
 20140724.130000     6.15     8.73   208.60     2.17     0.17     5.45     6.81
 20140724.140000     5.62     8.74   207.29     2.10     0.15     5.36     6.68
 20140724.150000     5.37     8.69   205.66     2.03     0.14     5.31     6.58
 20140724.160000     5.11     8.64   204.42     1.96     0.13     5.26     6.49
 20140724.170000     4.86     8.58   203.41     1.91     0.13     5.20     6.41
 20140724.180000     4.60     8.51   202.48     1.87     0.13     5.15     6.34
 20140724.190000     4.34     8.45   201.66     1.83     0.13     5.10     6.28
 20140724.200000     4.08     8.38   200.87     1.79     0.13     5.05     6.22
 20140724.210000     4.03     8.02   200.16     1.75     0.14     5.01     6.20
 20140724.220000     3.97     7.65   199.54     1.72     0.14     4.97     6.19
 20140724.230000     3.91     7.29   198.99     1.68     0.15     4.95     6.19
 20140725.000000     3.86     6.93   198.18     1.63     0.15     4.96     6.19
 20140725.010000     3.80     6.56   197.32     1.57     0.16     5.00     6.19
 20140725.020000     3.75     6.19   196.69     1.52     0.16     5.02     6.21
 20140725.030000     3.59     6.22   196.02     1.49     0.16     5.04     6.23
 20140725.040000     3.43     6.24   195.62     1.46     0.16     5.05     6.25
 20140725.050000     3.26     6.26   195.21     1.45     0.16     5.03     6.25
 20140725.060000     3.09     6.28   194.85     1.43     0.16     5.01     6.24
 20140725.070000     2.93     6.30   194.51     1.42     0.15     4.99     6.21
 20140725.080000     2.76     6.31   194.19     1.41     0.15     4.96     6.17
 20140725.090000     2.56     6.33   193.89     1.40     0.15     4.94     6.13
 20140725.100000     2.37     6.34   193.62     1.39     0.14     4.91     6.08
 20140725.110000     2.16     6.35   193.38     1.38     0.14     4.88     6.04
 20140725.120000     1.96     6.35   193.14     1.37     0.14     4.86     6.01
 20140725.130000     1.76     6.35   192.89     1.35     0.14     4.83     5.97
 20140725.140000     1.55     6.34   192.61     1.34     0.14     4.81     5.94
 20140725.150000     1.22     6.14   192.07     1.33     0.13     4.80     5.91
 20140725.160000     0.88     5.93   191.01     1.30     0.13     4.82     5.89
 20140725.170000     0.54     5.71   190.04     1.28     0.13     4.84     5.88
 20140725.180000     0.20     5.46   189.13     1.24     0.13     4.86     5.88
 20140725.190000    -0.14     5.20   188.14     1.22     0.13     4.88     5.90
 20140725.200000    -0.49     4.91   187.27     1.19     0.13     4.91     5.92
 20140725.210000    -0.54     4.92   186.66     1.17     0.13     4.93     5.94
 20140725.220000    -0.60     4.92   186.15     1.16     0.13     4.93     5.95
 20140725.230000    -0.65     4.92   185.72     1.15     0.13     4.93     5.97
 20140726.000000    -0.70     4.92   185.30     1.14     0.13     4.91     5.98
 20140726.010000    -0.76     4.92   184.92     1.13     0.13     4.90     5.98
 20140726.020000    -0.81     4.93   184.56     1.13     0.12     4.89     5.99
 20140726.030000    -0.85     4.56   184.28     1.12     0.12     4.87     5.99
 20140726.040000    -0.90     4.20   184.08     1.11     0.12     4.86     5.99
 20140726.050000    -0.95     3.84   183.93     1.10     0.11     4.85     5.99
 20140726.060000    -0.99     3.47   183.79     1.08     0.11     4.87     5.98
 20140726.070000    -1.04     3.09   183.61     1.06     0.11     4.92     5.98
 20140726.080000    -1.07     2.71   183.60     1.03     0.10     5.00     5.98
 20140726.090000    -1.38     2.99   183.45     1.01     0.10     5.05     5.99
 20140726.100000    -1.68     3.26   183.06     1.00     0.09     5.05     5.99
 20140726.110000    -1.97     3.53   182.55     0.99     0.09     5.04     5.99
 20140726.120000    -2.27     3.79   181.87     0.98     0.09     5.01     5.99
 20140726.130000    -2.57     4.05   180.98     0.98     0.08     4.97     5.98
 20140726.140000    -2.86     4.30   179.71     0.98     0.08     4.90     5.96
 20140726.150000    -2.80     4.10   178.70     0.98     0.08     4.86     5.92
 20140726.160000    -2.73     3.90   178.10     0.97     0.08     4.83     5.88
 20140726.170000    -2.67     3.69   177.67     0.97     0.08     4.81     5.83
 20140726.180000    -2.60     3.49   177.36     0.96     0.07     4.80     5.78
 20140726.190000    -2.54     3.28   177.14     0.95     0.07     4.79     5.72
 20140726.200000    -2.46     3.08   176.98     0.94     0.07     4.77     5.64
 20140726.210000    -2.35     2.99   176.85     0.93     0.07     4.76     5.59
 20140726.220000    -2.23     2.90   176.73     0.93     0.07     4.75     5.56
 20140726.230000    -2.11     2.80   176.69     0.92     0.06     4.74     5.53
 20140727.000000    -1.99     2.71   176.69     0.90     0.06     4.74     5.50
 20140727.010000    -1.87     2.62   176.58     0.90     0.06     4.74     5.48
 20140727.020000    -1.75     2.53   176.34     0.89     0.06     4.73     5.45
 20140727.030000    -1.98     2.21   175.98     0.88     0.05     4.71     5.43
 20140727.040000    -2.20     1.83   175.56     0.88     0.05     4.70     5.41
 20140727.050000    -2.39     1.38   175.09     0.87     0.05     4.68     5.39
 20140727.060000    -2.50     0.86   174.62     0.86     0.05     4.67     5.37
 20140727.070000    -2.52     0.30   174.14     0.85     0.04     4.67     5.36
 20140727.080000    -2.41    -0.30   173.76     0.84     0.04     4.67     5.34
 20140727.090000    -2.54     0.06   173.33     0.82     0.04     4.69     5.33
 20140727.100000    -2.61     0.45   172.80     0.81     0.04     4.70     5.32
 20140727.110000    -2.63     0.83   172.29     0.79     0.03     4.69     5.30
 20140727.120000    -2.60     1.22   171.80     0.78     0.03     4.67     5.28
 20140727.130000    -2.53     1.59   171.32     0.77     0.03     4.64     5.25
 20140727.140000    -2.41     1.93   170.87     0.76     0.03     4.60     5.22
 20140727.150000    -2.04     1.86   170.54     0.75     0.03     4.57     5.19
 20140727.160000    -1.66     1.77   170.31     0.74     0.02     4.54     5.16
 20140727.170000    -1.24     1.68   170.15     0.73     0.02     4.52     5.13
 20140727.180000    -0.80     1.58   170.04     0.72     0.02     4.49     5.11
 20140727.190000    -0.29     1.40   170.04     0.71     0.02     4.47     5.09
 20140727.200000     0.28     1.05   170.19     0.70     0.02     4.47     5.08
 20140727.210000     0.97     1.31   170.47     0.69     0.02     4.48     5.07
 20140727.220000     1.62     1.43   171.25     0.67     0.02     4.52     5.06
 20140727.230000     2.24     1.50   172.15     0.65     0.01     4.55     5.05
 20140728.000000     2.84     1.55   173.31     0.64     0.01     4.54     5.04
 20140728.010000     3.41     1.59   175.19     0.64     0.01     4.46     5.03
 20140728.020000     3.98     1.64   178.42     0.64     0.01     4.33     5.02
 20140728.030000     3.76     1.25   181.01     0.65     0.01     4.20     5.00
 20140728.040000     3.51     0.85   181.84     0.65     0.01     4.14     4.99
 20140728.050000     3.24     0.44   182.06     0.64     0.01     4.12     4.98
 20140728.060000     2.93     0.00   181.62     0.63     0.01     4.12     4.97
 20140728.070000     2.55    -0.45   180.18     0.62     0.01     4.15     4.97
 20140728.080000     2.06    -0.88   178.20     0.61     0.01     4.21     4.97
 20140728.090000     2.24    -0.45   176.36     0.59     0.01     4.27     4.98
 20140728.100000     2.32     0.08   175.00     0.58     0.01     4.31     5.00
 20140728.110000     2.25     0.72   173.86     0.57     0.01     4.34     5.02
 20140728.120000     1.96     1.39   172.78     0.57     0.00     4.36     5.05
 20140728.130000     1.44     1.97   171.92     0.56     0.00     4.38     5.08
 20140728.140000     0.73     2.37   171.27     0.56     0.00     4.39     5.11
 20140728.150000     0.91     2.45   170.87     0.55     0.00     4.39     5.13
 20140728.160000     1.07     2.51   170.79     0.55     0.00     4.37     5.14
 20140728.170000     1.24     2.57   171.05     0.54     0.00     4.34     5.14
 20140728.180000     1.39     2.63   171.65     0.54     0.00     4.31     5.14
 20140728.190000     1.56     2.68   172.59     0.53     0.00     4.27     5.13
 20140728.200000     1.72     2.73   173.89     0.53     0.00     4.21     5.11
 20140728.210000     1.80     2.36   175.14     0.52     0.00     4.17     5.09
 20140728.220000     1.90     1.93   176.24     0.52     0.00     4.14     5.07
 20140728.230000     2.01     1.40   177.26     0.51     0.00     4.11     5.05
 20140729.000000     2.09     0.66   178.09     0.50     0.00     4.09     5.02
 20140729.010000     1.90    -0.39   178.58     0.48     0.00     4.09     4.98
 20140729.020000     0.83    -1.46   178.82     0.47     0.00     4.10     4.92
 20140729.030000     0.53    -1.83   178.99     0.46     0.00     4.12     4.82
 20140729.040000     0.17    -2.11   179.17     0.44     0.00     4.13     4.72
 20140729.050000    -0.22    -2.32   179.20     0.44     0.01     4.10     4.67
 20140729.060000    -0.62    -2.47   178.76     0.43     0.01     4.04     4.63
 20140729.070000    -1.01    -2.57   177.92     0.42     0.01     4.00     4.59
 20140729.080000    -1.38    -2.64   176.23     0.42     0.01     3.93     4.56
 20140729.090000    -2.04    -2.56   172.73     0.42     0.01     3.84     4.52
 20140729.100000    -2.67    -2.35   165.65     0.43     0.01     3.69     4.70
 20140729.110000    -3.24    -2.08   154.13     0.44     0.01     3.54     5.49
 20140729.120000    -3.74    -1.74   140.67     0.47     0.02     3.40     5.49
 20140729.130000    -4.20    -1.37   129.14     0.49     0.02     3.32     5.49
 20140729.140000    -4.60    -0.99   120.92     0.51     0.02     3.29     3.15
 20140729.150000    -4.41    -1.01   116.56     0.52     0.02     3.31     3.30
 20140729.160000    -4.23    -1.02   113.94     0.53     0.02     3.35     3.42
 20140729.170000    -4.03    -1.04   112.03     0.54     0.02     3.40     3.50
 20140729.180000    -3.85    -1.05   110.56     0.54     0.03     3.45     3.55
 20140729.190000    -3.65    -1.07   109.57     0.55     0.03     3.51     3.59
 20140729.200000    -3.47    -1.08   109.08     0.56     0.03     3.57     3.64
 20140729.210000    -3.28    -1.45   108.90     0.56     0.03     3.64     3.68
 20140729.220000    -3.05    -1.82   109.08     0.57     0.03     3.71     3.72
 20140729.230000    -2.75    -2.18   109.46     0.58     0.03     3.78     3.76
 20140730.000000    -2.40    -2.50   110.05     0.59     0.03     3.86     3.79
 20140730.010000    -2.00    -2.78   110.81     0.60     0.03     3.94     3.83
 20140730.020000    -1.56    -3.00   111.47     0.61     0.03     4.03     3.88
 20140730.030000    -1.10    -3.38   111.39     0.62     0.03     4.10     3.95
 20140730.040000    -0.59    -3.69   110.21     0.64     0.03     4.15     4.05
 20140730.050000    -0.04    -3.91   107.92     0.66     0.03     4.18     4.44
 20140730.060000     0.53    -4.06   104.84     0.68     0.03     4.20     4.56
 20140730.070000     1.10    -4.13   101.59     0.70     0.03     4.21     4.73
 20140730.080000     1.64    -4.13    98.29     0.72     0.03     4.21     4.86
 20140730.090000     1.19    -3.85    96.92     0.74     0.03     4.23     4.77
 20140730.100000     0.67    -3.54    97.86     0.75     0.03     4.26     4.85
 20140730.110000     0.08    -3.18    99.33     0.75     0.03     4.31     4.92
 20140730.120000    -0.62    -2.69   101.33     0.75     0.03     4.37     4.98
 20140730.130000    -1.42    -1.85   103.67     0.74     0.03     4.48     5.03
 20140730.140000    -1.86    -0.32   105.49     0.73     0.03     4.58     5.08
 20140730.150000    -2.06    -0.41   106.19     0.72     0.03     4.67     5.12
 20140730.160000    -2.26    -0.49   106.10     0.72     0.03     4.72     5.15
 20140730.170000    -2.45    -0.59   105.54     0.72     0.03     4.75     5.18
 20140730.180000    -2.65    -0.67   104.71     0.72     0.03     4.77     5.21
 20140730.190000    -2.85    -0.76   103.72     0.72     0.03     4.79     5.24
 20140730.200000    -3.04    -0.85   102.69     0.73     0.03     4.79     5.28
 20140730.210000    -2.96    -1.45   101.60     0.73     0.03     4.79     5.30
 20140730.220000    -2.62    -2.22   100.39     0.74     0.03     4.77     5.32
 20140730.230000    -1.83    -3.08    99.05     0.75     0.03     4.75     5.34
 20140731.000000    -0.36    -3.71    97.32     0.76     0.03     4.72     5.36
 20140731.010000     1.65    -3.50    95.36     0.77     0.03     4.67     5.40
 20140731.020000     3.41    -2.11    94.22     0.78     0.03     4.60     5.43
 20140731.030000     3.50    -1.80    94.93     0.79     0.03     4.54     5.48
 20140731.040000     3.58    -1.46    96.82     0.79     0.03     4.50     5.53
 20140731.050000     3.62    -1.12    99.74     0.79     0.03     4.47     5.57
 20140731.060000     3.64    -0.76   103.23     0.78     0.03     4.46     5.61
 20140731.070000     3.62    -0.39   107.30     0.78     0.03     4.45     5.67
 20140731.080000     3.57    -0.02   112.29     0.77     0.03     4.43     5.72
 20140731.090000     3.85     0.48   119.18     0.76     0.04     4.41     5.80
 20140731.100000     4.06     1.00   129.31     0.76     0.04     4.37     5.87
 20140731.110000     4.22     1.51   143.31     0.75     0.04     4.32     5.94
 20140731.120000     4.35     2.01   159.85     0.76     0.04     4.25     5.99
 20140731.130000     4.44     2.50   174.89     0.76     0.04     4.18     6.05
 20140731.140000     4.52     2.97   185.65     0.77     0.05     4.11     6.10
 20140731.150000     4.84     2.95   193.21     0.79     0.05     4.06     6.14
 20140731.160000     5.17     2.93   198.58     0.80     0.05     4.03     4.01
 20140731.170000     5.48     2.91   202.38     0.82     0.05     4.02     4.14
 20140731.180000     5.79     2.88   205.33     0.85     0.06     4.03     4.32
 20140731.190000     6.11     2.85   207.93     0.88     0.06     4.03     4.41
 20140731.200000     6.41     2.82   210.11     0.92     0.06     4.05     4.50
 20140731.210000     6.77     2.75   211.88     0.97     0.07     4.09     4.59
 20140731.220000     7.12     2.69   213.40     1.02     0.07     4.13     4.67
 20140731.230000     7.47     2.62   214.30     1.07     0.08     4.20     4.75
 20140801.000000     7.81     2.56   214.82     1.13     0.08     4.29     4.88
 20140801.010000     8.15     2.48   214.92     1.21     0.09     4.42     5.02
 20140801.020000     8.50     2.42   214.74     1.29     0.09     4.56     5.15
 20140801.030000     8.40     2.29   214.08     1.36     0.10     4.72     5.40
 20140801.040000     8.31     2.16   213.50     1.42     0.10     4.87     5.59
 20140801.050000     8.21     2.03   213.38     1.46     0.11     4.98     5.72
 20140801.060000     8.12     1.91   213.57     1.48     0.11     5.06     5.91
 20140801.070000     8.02     1.78   213.92     1.49     0.11     5.11     6.01
 20140801.080000     7.92     1.65   214.33     1.49     0.12     5.13     6.07
