  Time              windx     windy     DIR    HS      HSWEll     TMM10     TPS
 19960401.080000     0.30    -2.98   187.98     0.59     0.01     3.78     4.42
 19960401.110000    -2.09    -5.32   168.80     0.66     0.00     3.46     4.51
 19960401.140000    -4.42    -7.17    54.22     0.82     0.01     3.35     3.42
 19960401.170000    -6.57    -8.14    56.53     1.20     0.02     4.01     4.30
 19960401.200000    -8.66    -9.00    59.96     1.84     0.04     4.92     5.51
 19960401.230000    -6.49    -8.55    60.53     1.98     0.07     5.29     6.16
 19960402.020000    -4.19    -7.93    59.12     1.71     0.08     5.03     6.32
 19960402.050000    -5.76    -7.80    57.02     1.57     0.08     4.71     5.71
 19960402.080000    -7.24    -7.50    57.93     1.60     0.07     4.67     5.39
 19960402.110000    -6.49    -6.79    59.65     1.56     0.07     4.66     5.49
 19960402.140000    -5.74    -6.08    60.68     1.44     0.08     4.52     5.50
 19960402.170000    -5.82    -4.88    64.00     1.31     0.10     4.48     5.53
 19960402.200000    -5.80    -3.60    67.11     1.22     0.10     4.44     5.45
 19960402.230000    -5.77    -6.31    66.32     1.24     0.09     4.34     5.01
 19960403.020000    -5.40    -8.74    61.49     1.41     0.08     4.49     5.04
 19960403.050000    -5.98    -7.42    61.61     1.52     0.08     4.76     5.52
 19960403.080000    -6.45    -5.95    62.19     1.45     0.08     4.68     5.62
 19960403.110000    -5.71    -6.06    61.99     1.32     0.07     4.45     5.51
 19960403.140000    -4.93    -6.14    61.39     1.23     0.07     4.25     5.31
 19960403.170000    -4.50    -5.60    61.44     1.15     0.06     4.10     5.10
 19960403.200000    -4.08    -5.06    62.91     1.05     0.06     4.08     5.03
 19960403.230000    -5.30    -6.06    62.39     1.05     0.05     4.02     4.81
 19960404.020000    -6.50    -7.06    61.56     1.17     0.05     4.11     4.54
 19960404.050000    -6.95    -7.13    62.78     1.30     0.04     4.33     4.87
 19960404.080000    -7.40    -7.20    64.07     1.45     0.03     4.60     5.12
 19960404.110000    -7.34    -6.63    64.79     1.53     0.03     4.79     5.48
 19960404.140000    -7.28    -6.04    64.01     1.45     0.02     4.65     5.45
 19960404.170000    -6.55    -4.47    65.06     1.24     0.02     4.32     5.24
 19960404.200000    -5.73    -2.84    68.19     1.02     0.02     3.97     4.98
 19960404.230000    -5.83    -2.60    73.57     0.89     0.02     3.72     4.74
 19960405.020000    -5.91    -2.37    75.90     0.85     0.01     3.57     4.47
 19960405.050000    -6.50    -2.32    77.25     0.84     0.01     3.52     4.29
 19960405.080000    -7.07    -2.26    79.63     0.87     0.02     3.58     4.17
 19960405.110000    -6.23    -1.30    85.72     0.88     0.03     3.73     4.44
 19960405.140000    -5.30    -0.31    94.90     0.88     0.04     3.93     4.59
 19960405.170000    -6.92     0.30   103.56     0.93     0.04     4.03     4.58
 19960405.200000    -8.51     0.92   107.34     1.09     0.04     4.12     4.46
 19960405.230000    -6.35    -0.08   113.02     1.13     0.04     4.37     5.04
 19960406.020000    -3.99    -1.08   117.64     1.04     0.04     4.51     5.21
 19960406.050000    -6.07    -2.24   116.90     0.99     0.04     4.42     5.27
 19960406.080000    -8.13    -3.41   103.44     1.12     0.03     4.19     4.74
 19960406.110000    -6.24    -2.05   105.92     1.14     0.03     4.35     5.24
 19960406.140000    -4.28    -0.66   112.68     1.03     0.03     4.45     5.44
 19960406.170000    -4.81    -1.41   115.13     0.93     0.03     4.35     5.41
 19960406.200000    -5.27    -2.15   112.99     0.89     0.04     4.16     5.26
 19960406.230000    -4.46    -2.03   112.91     0.86     0.04     4.10     5.08
 19960407.020000    -3.63    -1.91   114.54     0.85     0.05     4.14     5.09
 19960407.050000    -4.21    -3.27   113.45     0.86     0.05     4.16     5.22
 19960407.080000    -4.71    -4.57   106.56     0.90     0.06     4.12     5.04
 19960407.110000    -4.30    -3.35   106.33     0.89     0.06     4.14     4.78
 19960407.140000    -3.83    -2.06   109.83     0.86     0.07     4.15     5.00
 19960407.170000    -5.34    -0.82   110.95     0.84     0.08     4.08     4.98
 19960407.200000    -6.44     0.55   111.51     0.87     0.08     4.01     4.59
 19960407.230000    -4.69    -0.23   115.27     0.87     0.08     4.09     4.71
 19960408.020000    -2.75    -1.01   120.31     0.84     0.08     4.22     4.92
 19960408.050000    -3.61    -1.49   124.49     0.79     0.07     4.37     5.02
 19960408.080000    -4.47    -1.96   123.04     0.78     0.06     4.26     5.04
 19960408.110000    -4.47    -1.44   121.80     0.77     0.05     4.15     4.96
 19960408.140000    -4.41    -0.90   121.45     0.75     0.04     4.06     4.81
 19960408.170000    -5.43    -3.67   106.32     0.79     0.03     3.78     4.44
 19960408.200000    -5.93    -6.22    80.62     0.94     0.02     3.72     4.11
 19960408.230000    -6.19    -4.35    78.13     1.02     0.02     3.94     4.62
 19960409.020000    -6.14    -2.22    80.79     0.97     0.01     3.96     4.89
 19960409.050000    -6.71    -3.06    79.20     0.94     0.01     3.82     4.81
 19960409.080000    -7.25    -3.89    76.37     1.01     0.01     3.91     4.56
 19960409.110000    -7.23    -3.82    75.16     1.13     0.01     4.22     4.93
 19960409.140000    -7.22    -3.77    73.71     1.18     0.01     4.36     5.13
 19960409.170000    -6.54    -3.10    73.04     1.12     0.01     4.30     5.29
 19960409.200000    -5.86    -2.43    72.67     1.03     0.01     4.14     5.27
 19960409.230000    -4.05    -2.46    72.99     0.92     0.01     4.03     5.23
 19960410.020000    -2.04    -2.40    75.60     0.78     0.01     4.13     5.27
 19960410.050000    -3.42    -6.43    64.27     0.82     0.01     3.81     5.43
 19960410.080000    -4.74   -10.39    51.52     1.22     0.01     3.93     4.26
 19960410.110000    -3.96    -8.73    52.51     1.41     0.01     4.39     5.11
 19960410.140000    -3.17    -7.07    53.22     1.27     0.01     4.34     5.44
 19960410.170000    -4.44    -6.49    53.38     1.15     0.01     4.15     5.45
 19960410.200000    -5.59    -5.71    54.83     1.14     0.01     4.10     5.35
 19960410.230000    -5.07    -6.17    55.53     1.14     0.02     4.12     5.11
 19960411.020000    -4.50    -6.59    55.35     1.15     0.02     4.14     5.05
 19960411.050000    -5.62    -8.14    54.96     1.27     0.04     4.28     4.81
 19960411.080000    -6.73    -9.67    56.62     1.63     0.07     4.74     5.32
 19960411.110000    -5.79    -9.72    57.46     1.83     0.09     5.11     5.90
 19960411.140000    -4.82    -9.71    54.85     1.78     0.10     5.05     5.96
 19960411.170000    -6.39    -8.99    53.79     1.75     0.10     4.93     5.65
 19960411.200000    -7.82    -8.04    55.71     1.80     0.10     4.97     5.62
 19960411.230000    -8.44    -7.90    57.78     1.90     0.10     5.12     5.84
 19960412.020000    -9.04    -7.74    59.17     2.04     0.12     5.33     6.04
 19960412.050000   -10.00    -8.58    60.11     2.32     0.14     5.60     6.32
 19960412.080000   -10.97    -9.41    61.04     2.68     0.21     5.95     6.69
 19960412.110000   -10.80    -7.84    63.00     2.72     0.27     6.08     6.99
 19960412.140000   -10.55    -6.20    64.96     2.53     0.24     5.91     6.87
 19960412.170000   -10.36    -5.24    66.94     2.34     0.18     5.66     6.62
 19960412.200000   -10.12    -4.25    68.86     2.16     0.14     5.42     6.41
 19960412.230000    -8.78    -5.97    68.61     1.99     0.11     5.16     6.13
 19960413.020000    -7.04    -7.46    65.67     1.77     0.08     4.84     5.81
 19960413.050000    -8.90    -8.49    62.20     1.81     0.06     4.78     5.46
 19960413.080000   -10.74    -9.50    62.92     2.24     0.06     5.30     5.96
 19960413.110000    -9.36    -9.70    62.18     2.47     0.10     5.68     6.50
 19960413.140000    -7.92    -9.84    59.72     2.39     0.13     5.62     6.58
 19960413.170000    -7.69    -6.42    61.44     2.02     0.09     5.27     6.41
 19960413.200000    -6.97    -2.50    69.79     1.52     0.06     4.86     6.13
 19960413.230000    -5.75    -2.24    78.11     1.25     0.05     4.65     6.04
 19960414.020000    -4.52    -1.96    83.65     1.11     0.04     4.56     6.01
 19960414.050000    -4.99    -2.98    86.69     1.03     0.03     4.40     5.75
 19960414.080000    -5.41    -3.95    87.15     0.99     0.02     4.19     5.44
 19960414.110000    -3.56    -4.18    89.67     0.93     0.02     4.06     5.09
 19960414.140000    -1.36    -4.08    94.00     0.84     0.03     4.06     5.12
 19960414.170000    -3.28    -4.66    93.93     0.82     0.03     4.01     5.60
 19960414.200000    -5.06    -4.97    85.72     0.88     0.03     3.93     4.52
 19960414.230000    -4.35    -4.26    86.41     0.89     0.02     4.00     4.83
 19960415.020000    -3.64    -3.55    87.95     0.87     0.01     4.01     5.00
 19960415.050000    -5.18    -3.78    83.37     0.84     0.01     3.84     4.90
 19960415.080000    -6.65    -3.95    79.22     0.89     0.01     3.77     4.39
 19960415.110000    -3.54    -2.20    86.08     0.86     0.01     3.97     4.92
 19960415.140000     0.58     0.15    93.87     0.73     0.01     4.21     5.06
 19960415.170000     1.05    -1.67    97.52     0.62     0.01     4.30     4.95
 19960415.200000     0.91    -3.21    99.00     0.57     0.02     4.21     4.82
 19960415.230000     1.86    -3.33    98.16     0.56     0.02     4.02     4.79
 19960416.020000     2.75    -3.30    95.33     0.59     0.02     3.71     4.84
 19960416.050000     1.91    -4.53    75.32     0.62     0.02     3.51     4.90
 19960416.080000     0.87    -5.45    33.57     0.63     0.02     3.40     3.10
 19960416.110000     0.15    -3.56    44.05     0.58     0.02     3.43     3.34
 19960416.140000    -0.59    -1.51    90.90     0.49     0.02     3.75     3.53
 19960416.170000    -2.17    -0.46   106.89     0.44     0.02     3.98     3.89
 19960416.200000    -1.62     2.32   114.30     0.43     0.02     3.96     5.26
 19960416.230000    -0.52     2.43   120.56     0.43     0.02     3.89     5.56
 19960417.020000     0.81     1.98   125.85     0.42     0.02     3.88     5.60
 19960417.050000     1.21     1.52   129.57     0.40     0.02     3.98     4.35
 19960417.080000     1.50     0.89   131.76     0.39     0.02     4.06     4.13
 19960417.110000     0.97     1.47   133.25     0.38     0.02     4.12     4.13
 19960417.140000     0.16     1.77   134.11     0.37     0.01     4.14     4.14
 19960417.170000     0.15     1.98   135.42     0.37     0.01     4.14     4.13
 19960417.200000     0.13     2.20   138.43     0.37     0.01     4.08     4.12
 19960417.230000     0.29     1.67   141.10     0.36     0.01     4.08     4.10
 19960418.020000     0.44     1.11   144.47     0.35     0.01     4.09     4.07
 19960418.050000    -0.25     1.30   148.20     0.34     0.01     4.08     4.03
 19960418.080000    -0.98     1.09   151.51     0.33     0.01     4.07     4.01
 19960418.110000    -1.32     1.69   153.86     0.33     0.01     4.02     3.99
 19960418.140000    -1.66     2.29   154.09     0.34     0.01     3.71     3.97
 19960418.170000    -1.84     2.91   154.13     0.37     0.01     3.41     3.95
 19960418.200000    -2.03     3.51   154.15     0.40     0.00     3.15     3.86
 19960418.230000    -1.34     3.17   156.16     0.41     0.00     3.12     3.67
 19960419.020000    -0.62     2.75   158.32     0.41     0.00     3.12     3.63
 19960419.050000     0.27     3.11   161.55     0.40     0.00     3.10     3.64
 19960419.080000     1.16     3.21   166.20     0.40     0.00     3.05     3.63
 19960419.110000     0.87     2.08   168.69     0.39     0.00     3.10     3.62
 19960419.140000     0.56     0.94   169.57     0.36     0.00     3.37     3.65
 19960419.170000    -3.73     1.21   161.04     0.38     0.00     3.15     3.69
 19960419.200000    -6.39    -2.18   110.61     0.57     0.00     2.82     2.92
 19960419.230000    -5.73    -3.51    89.21     0.68     0.00     3.13     3.47
 19960420.020000    -4.75    -4.70    73.49     0.77     0.00     3.40     3.88
 19960420.050000    -8.38    -8.85    57.00     1.35     0.01     4.05     4.49
 19960420.080000   -12.01   -13.00    56.85     2.69     0.07     5.53     6.09
 19960420.110000   -10.90   -10.80    58.91     3.16     0.35     6.21     7.14
 19960420.140000    -9.76    -8.57    59.84     2.86     0.36     6.05     7.21
 19960420.170000    -9.92    -8.33    60.86     2.71     0.32     5.89     6.93
 19960420.200000   -10.09    -8.11    61.49     2.68     0.29     5.83     6.81
 19960420.230000    -9.56    -7.28    62.43     2.50     0.21     5.59     6.68
 19960421.020000    -9.03    -6.45    65.38     2.15     0.13     5.32     6.42
 19960421.050000    -9.52    -7.13    66.82     2.07     0.09     5.14     6.09
 19960421.080000   -10.00    -7.80    66.56     2.12     0.08     5.18     6.03
 19960421.110000    -9.18    -7.63    65.91     2.07     0.09     5.13     6.02
 19960421.140000    -8.35    -7.44    65.38     2.00     0.11     5.05     6.00
 19960421.170000    -7.89    -6.66    65.76     1.92     0.12     5.00     6.02
 19960421.200000    -7.43    -5.88    67.76     1.79     0.12     4.87     5.97
 19960421.230000    -5.87    -4.73    71.90     1.50     0.11     4.85     6.05
 19960422.020000    -4.31    -3.59    77.08     1.27     0.10     4.78     6.08
 19960422.050000    -5.28    -5.65    78.22     1.19     0.11     4.56     5.99
 19960422.080000    -6.19    -7.66    70.47     1.30     0.10     4.40     4.85
 19960422.110000    -5.73    -6.01    70.48     1.29     0.08     4.45     5.20
 19960422.140000    -5.21    -4.30    72.99     1.14     0.06     4.27     5.36
 19960422.170000    -6.35    -4.69    72.90     1.07     0.05     4.02     5.10
 19960422.200000    -7.48    -5.06    72.75     1.14     0.04     4.06     4.64
 19960422.230000    -6.14    -4.61    76.45     1.16     0.03     4.23     5.06
 19960423.020000    -4.78    -4.14    76.20     1.07     0.03     4.10     5.14
 19960423.050000    -4.63    -5.92    70.06     0.99     0.03     3.83     4.97
 19960423.080000    -4.33    -7.57    62.76     1.01     0.02     3.77     4.48
 19960423.110000    -4.17    -5.53    66.40     1.00     0.02     3.85     4.76
 19960423.140000    -3.92    -3.33    71.89     0.89     0.02     3.85     4.94
 19960423.170000    -4.74    -4.04    72.03     0.80     0.01     3.66     4.82
 19960423.200000    -5.57    -4.76    69.30     0.80     0.01     3.51     4.39
 19960423.230000    -5.22    -3.45    71.68     0.78     0.01     3.53     4.39
 19960424.020000    -4.76    -2.06    73.77     0.74     0.02     3.53     4.49
 19960424.050000    -3.99    -2.18    74.60     0.71     0.02     3.49     4.54
 19960424.080000    -3.17    -2.28    76.19     0.68     0.02     3.51     4.57
 19960424.110000    -3.53    -1.80    81.80     0.64     0.02     3.61     4.68
 19960424.140000    -3.83    -1.26    88.20     0.65     0.02     3.69     4.77
 19960424.170000    -4.16    -1.33    93.38     0.67     0.02     3.72     4.74
 19960424.200000    -4.49    -1.40    95.98     0.67     0.02     3.65     4.26
 19960424.230000    -3.73    -0.85    97.96     0.64     0.01     3.54     4.17
 19960425.020000    -2.94    -0.29   103.45     0.58     0.01     3.52     4.17
 19960425.050000    -4.58    -1.47   103.60     0.56     0.01     3.42     4.14
 19960425.080000    -6.13    -2.64    92.80     0.68     0.02     3.38     3.61
 19960425.110000    -4.47    -1.74   102.55     0.76     0.04     3.89     4.19
 19960425.140000    -2.78    -0.84   117.51     0.81     0.05     4.51     4.82
 19960425.170000    -3.16    -0.43   125.78     0.84     0.08     4.89     6.09
 19960425.200000    -3.48    -0.01   130.14     0.88     0.11     5.16     6.77
 19960425.230000    -2.64     0.21   132.06     0.88     0.12     5.23     6.92
 19960426.020000    -1.77     0.43   133.45     0.84     0.09     5.13     6.69
 19960426.050000    -3.41    -1.29   133.85     0.78     0.05     4.89     6.40
 19960426.080000    -4.60    -2.97   122.94     0.79     0.03     4.30     6.05
 19960426.110000    -3.60    -1.82   117.44     0.77     0.02     4.09     5.81
 19960426.140000    -2.52    -0.62   121.12     0.70     0.02     4.12     5.49
 19960426.170000    -3.46    -1.00   123.60     0.65     0.01     4.10     5.42
 19960426.200000    -4.41    -1.38   120.17     0.65     0.01     3.94     5.39
 19960426.230000    -3.90    -1.09   118.22     0.63     0.01     3.86     5.32
 19960427.020000    -3.38    -0.78   118.53     0.61     0.01     3.81     5.11
 19960427.050000    -4.30    -1.20   116.01     0.60     0.01     3.72     4.83
 19960427.080000    -5.20    -1.62   108.69     0.64     0.01     3.61     3.90
 19960427.110000    -4.77     0.12   109.59     0.67     0.01     3.69     4.00
 19960427.140000    -3.59     1.96   116.73     0.69     0.01     3.89     4.34
 19960427.170000    -3.62     1.41   123.51     0.73     0.02     4.15     5.31
 19960427.200000    -3.58     0.84   126.99     0.76     0.02     4.33     5.71
 19960427.230000    -3.23     1.07   128.41     0.77     0.02     4.40     5.74
 19960428.020000    -2.85     1.29   129.00     0.76     0.02     4.40     5.71
 19960428.050000    -3.42     1.93   129.23     0.76     0.01     4.36     5.70
 19960428.080000    -3.95     2.57   129.34     0.76     0.01     4.25     5.67
 19960428.110000    -3.05     2.74   130.18     0.75     0.01     4.14     5.53
 19960428.140000    -2.04     2.83   130.83     0.71     0.01     4.05     5.34
 19960428.170000    -1.58     2.62   132.68     0.67     0.01     4.00     5.21
 19960428.200000    -1.10     2.39   135.04     0.63     0.01     4.04     5.12
 19960428.230000    -0.55     2.51   136.86     0.61     0.01     4.06     5.10
 19960429.020000     0.04     2.51   138.26     0.60     0.01     4.07     5.11
 19960429.050000     0.61     2.21   140.31     0.57     0.01     4.12     5.09
 19960429.080000     1.14     1.73   141.31     0.54     0.00     4.13     5.05
 19960429.110000     1.68     1.59   142.70     0.51     0.00     4.10     4.99
 19960429.140000     2.16     1.37   145.01     0.49     0.00     4.02     4.93
 19960429.170000     2.28     2.18   149.66     0.47     0.00     3.89     4.90
 19960429.200000     2.33     2.94   158.40     0.48     0.00     3.67     4.87
 19960429.230000     2.45     2.31   164.41     0.47     0.00     3.57     4.82
 19960430.020000     2.49     1.61   167.48     0.46     0.00     3.51     4.76
 19960430.050000     3.03     2.12   172.86     0.45     0.00     3.40     4.62
 19960430.080000     3.55     2.62   184.15     0.46     0.00     3.23     4.51
 19960430.110000     3.05     1.76   188.37     0.45     0.00     3.19     4.36
 19960430.140000     2.50     0.87   187.08     0.42     0.00     3.22     4.08
 19960430.170000     2.46     2.41   187.93     0.40     0.00     3.16     4.06
 19960430.200000     2.03     3.70   191.68     0.42     0.00     3.01     3.96
 19960430.230000     2.57     2.69   192.78     0.42     0.00     2.99     3.55
 19960501.020000     2.89     1.38   193.24     0.41     0.00     3.00     3.57
 19960501.050000     2.46     0.77   192.60     0.39     0.00     3.02     3.63
 19960501.080000     1.95     0.12   188.26     0.35     0.00     3.21     3.68
