  Time              windx     windy     DIR    HS      HSWEll     TMM10     TPS
 19970101.020000     0.10    -1.30   131.95     0.55     0.01     3.92     4.44
 19970101.050000    -0.53    -2.56   137.89     0.52     0.01     4.05     4.43
 19970101.080000    -1.15    -3.75   133.23     0.54     0.01     3.90     4.43
 19970101.110000    -1.24    -3.56   125.07     0.55     0.01     3.76     4.43
 19970101.140000    -1.32    -3.36   120.09     0.54     0.01     3.69     4.41
 19970101.170000    -1.35    -2.35   118.61     0.51     0.01     3.64     4.40
 19970101.200000    -1.32    -1.24   123.93     0.47     0.01     3.71     4.38
 19970101.230000    -2.41    -2.88   119.57     0.45     0.01     3.60     4.33
 19970102.020000    -3.50    -4.52    80.01     0.55     0.01     3.04     3.07
 19970102.050000    -6.94    -6.82    65.08     0.87     0.01     3.32     3.62
 19970102.080000   -10.33    -9.07    69.54     1.67     0.00     4.43     4.92
 19970102.110000    -8.55    -6.44    73.39     1.98     0.04     5.15     5.96
 19970102.140000    -6.69    -3.74    74.72     1.61     0.04     4.96     6.09
 19970102.170000    -7.61    -4.48    72.77     1.39     0.03     4.51     5.91
 19970102.200000    -8.53    -5.21    72.30     1.47     0.06     4.54     5.20
 19970102.230000    -7.44    -4.24    77.77     1.50     0.09     4.78     5.59
 19970103.020000    -6.35    -3.26    82.84     1.40     0.11     4.73     5.77
 19970103.050000    -8.71    -4.82    82.02     1.45     0.13     4.63     5.34
 19970103.080000   -11.06    -6.37    77.94     1.89     0.13     4.99     5.50
 19970103.110000    -9.61    -4.93    79.67     2.02     0.10     5.28     6.02
 19970103.140000    -8.12    -3.46    82.22     1.72     0.08     4.98     5.96
 19970103.170000    -7.03    -2.89    88.54     1.43     0.08     4.68     5.66
 19970103.200000    -5.93    -2.31    98.27     1.26     0.09     4.61     5.43
 19970103.230000    -4.62    -2.22   108.55     1.17     0.11     4.70     5.35
 19970104.020000    -3.27    -2.11   119.45     1.10     0.13     4.92     5.67
 19970104.050000    -4.03    -5.15   119.11     1.10     0.12     4.86     6.54
 19970104.080000    -4.55    -7.97    90.44     1.24     0.10     4.45     4.76
 19970104.110000    -4.10    -8.13    71.45     1.28     0.06     4.38     4.78
 19970104.140000    -3.64    -8.26    62.10     1.24     0.04     4.30     4.89
 19970104.170000    -3.08    -7.01    58.67     1.12     0.03     4.11     4.97
 19970104.200000    -2.52    -5.75    58.85     0.97     0.03     3.87     4.83
 19970104.230000    -1.54    -6.54    55.62     0.87     0.02     3.68     4.62
 19970105.020000    -0.50    -7.14    49.29     0.86     0.02     3.59     4.41
 19970105.050000    -1.57    -8.10    43.08     0.90     0.02     3.62     4.09
 19970105.080000    -2.62    -8.97    42.26     1.02     0.02     3.82     4.26
 19970105.110000    -1.99    -9.80    41.90     1.21     0.02     4.10     4.67
 19970105.140000    -1.36   -10.56    39.31     1.35     0.02     4.35     5.03
 19970105.170000    -4.72    -9.06    43.47     1.42     0.02     4.50     5.18
 19970105.200000    -7.63    -6.12    56.60     1.52     0.02     4.70     5.47
 19970105.230000    -6.82    -6.75    61.83     1.63     0.03     4.97     5.90
 19970106.020000    -5.92    -7.31    61.54     1.66     0.06     5.08     6.13
 19970106.050000    -6.34    -7.19    61.38     1.69     0.11     5.19     6.31
 19970106.080000    -6.76    -7.05    61.54     1.73     0.18     5.32     6.15
 19970106.110000    -6.39    -7.07    61.47     1.70     0.19     5.27     5.96
 19970106.140000    -6.00    -7.08    61.25     1.62     0.17     5.11     5.76
 19970106.170000    -7.87    -7.29    61.58     1.69     0.15     5.06     5.57
 19970106.200000    -9.66    -7.41    64.17     2.01     0.14     5.34     5.97
 19970106.230000    -7.07    -7.54    64.87     2.02     0.15     5.43     6.35
 19970107.020000    -4.19    -7.41    63.99     1.72     0.16     5.19     6.42
 19970107.050000    -5.96    -7.96    60.60     1.62     0.14     4.90     5.80
 19970107.080000    -7.65    -8.40    60.18     1.77     0.12     4.96     5.57
 19970107.110000    -7.12    -8.59    60.38     1.87     0.10     5.16     5.96
 19970107.140000    -6.57    -8.76    59.62     1.89     0.09     5.22     6.09
 19970107.170000    -6.41    -8.71    59.33     1.90     0.10     5.27     6.25
 19970107.200000    -6.25    -8.66    59.18     1.86     0.13     5.24     6.19
 19970107.230000    -5.22    -8.08    59.69     1.73     0.14     5.07     6.03
 19970108.020000    -4.17    -7.48    60.13     1.57     0.13     4.87     5.94
 19970108.050000    -6.69    -9.13    58.34     1.66     0.13     4.82     5.39
 19970108.080000    -9.16   -10.69    59.37     2.17     0.12     5.27     5.92
 19970108.110000    -7.60    -8.80    60.67     2.22     0.14     5.47     6.40
 19970108.140000    -6.06    -6.91    61.79     1.84     0.15     5.16     6.36
 19970108.170000    -5.09    -7.65    61.29     1.62     0.16     4.89     5.94
 19970108.200000    -4.04    -8.26    60.12     1.56     0.17     4.78     5.57
 19970108.230000    -4.09    -7.75    60.41     1.52     0.17     4.72     5.59
 19970109.020000    -4.15    -7.24    61.16     1.49     0.18     4.67     5.64
 19970109.050000    -4.62    -8.12    60.33     1.52     0.18     4.68     5.40
 19970109.080000    -5.09    -8.99    59.81     1.62     0.18     4.81     5.51
 19970109.110000    -3.34    -7.77    61.83     1.58     0.17     4.86     5.97
 19970109.140000    -1.53    -6.41    62.59     1.35     0.15     4.74     6.03
 19970109.170000    -2.44    -7.33    59.16     1.21     0.12     4.50     5.93
 19970109.200000    -3.34    -8.22    54.81     1.20     0.10     4.32     4.75
 19970109.230000    -2.66    -7.26    57.15     1.18     0.08     4.34     5.28
 19970110.020000    -1.99    -6.28    57.94     1.13     0.07     4.27     5.49
 19970110.050000    -2.47    -7.35    53.65     1.10     0.05     4.13     5.39
 19970110.080000    -2.96    -8.40    51.22     1.15     0.04     4.16     4.88
 19970110.110000    -3.50    -8.07    54.56     1.24     0.04     4.41     5.39
 19970110.140000    -4.01    -7.69    56.87     1.29     0.03     4.54     5.72
 19970110.170000    -4.52    -7.20    57.62     1.29     0.03     4.53     5.76
 19970110.200000    -5.00    -6.68    58.84     1.28     0.03     4.51     5.71
 19970110.230000    -4.81    -7.43    59.40     1.30     0.02     4.53     5.66
 19970111.020000    -4.60    -8.16    58.22     1.31     0.02     4.52     5.56
 19970111.050000    -5.49    -8.78    56.31     1.39     0.02     4.49     5.23
 19970111.080000    -6.37    -9.39    57.71     1.62     0.02     4.73     5.45
 19970111.110000    -6.21    -8.13    61.37     1.71     0.03     5.03     5.88
 19970111.140000    -6.01    -6.84    61.74     1.60     0.04     4.92     5.97
 19970111.170000    -5.38    -6.55    60.44     1.46     0.03     4.64     5.85
 19970111.200000    -4.74    -6.26    59.75     1.34     0.03     4.45     5.66
 19970111.230000    -5.16    -6.06    60.00     1.29     0.03     4.34     5.58
 19970112.020000    -5.56    -5.84    60.36     1.25     0.03     4.24     5.45
 19970112.050000    -6.05    -6.51    59.72     1.24     0.03     4.15     4.99
 19970112.080000    -6.54    -7.18    60.81     1.32     0.05     4.25     4.98
 19970112.110000    -6.26    -6.41    66.24     1.38     0.07     4.49     5.34
 19970112.140000    -5.97    -5.64    69.75     1.34     0.10     4.51     5.52
 19970112.170000    -5.73    -4.28    74.08     1.21     0.12     4.42     5.48
 19970112.200000    -5.40    -2.83    80.95     1.08     0.15     4.35     5.35
 19970112.230000    -5.57    -2.62    86.25     1.02     0.14     4.21     5.11
 19970113.020000    -5.72    -2.40    89.43     0.98     0.11     4.06     4.85
 19970113.050000    -5.85    -3.48    89.39     0.96     0.08     3.92     4.72
 19970113.080000    -5.88    -4.52    86.71     0.97     0.07     3.88     4.59
 19970113.110000    -6.84    -4.14    86.11     1.02     0.07     3.99     4.54
 19970113.140000    -7.74    -3.72    88.87     1.13     0.07     4.19     4.70
 19970113.170000    -7.36    -3.29    94.70     1.20     0.06     4.41     5.20
 19970113.200000    -6.97    -2.85    99.21     1.19     0.06     4.50     5.49
 19970113.230000    -5.37    -2.81   103.20     1.13     0.07     4.51     5.49
 19970114.020000    -3.69    -2.72   109.65     1.07     0.12     4.59     5.32
 19970114.050000    -5.01    -3.88   114.94     1.07     0.17     4.74     6.04
 19970114.080000    -6.35    -5.03   107.92     1.17     0.17     4.67     4.49
 19970114.110000    -4.77    -5.38   103.95     1.17     0.12     4.62     5.15
 19970114.140000    -2.99    -5.53   100.48     1.08     0.08     4.42     5.23
 19970114.170000    -5.34    -7.04    81.17     1.07     0.05     4.06     4.42
 19970114.200000    -7.62    -8.44    66.27     1.37     0.04     4.21     4.59
 19970114.230000    -6.18    -7.01    70.40     1.48     0.04     4.57     5.22
 19970115.020000    -4.74    -5.59    72.37     1.29     0.04     4.47     5.48
 19970115.050000    -5.59    -5.60    70.44     1.15     0.03     4.15     5.32
 19970115.080000    -6.41    -5.57    67.80     1.12     0.02     3.99     4.80
 19970115.110000    -6.54    -5.33    67.45     1.12     0.01     3.98     4.68
 19970115.140000    -6.66    -5.07    67.28     1.13     0.01     4.00     4.72
 19970115.170000    -5.82    -6.53    64.78     1.16     0.01     4.04     4.81
 19970115.200000    -4.75    -7.79    62.42     1.22     0.01     4.16     4.97
 19970115.230000    -3.98    -6.12    65.33     1.17     0.01     4.22     5.20
 19970116.020000    -3.21    -4.45    67.80     1.03     0.01     4.11     5.35
 19970116.050000    -4.33    -5.12    66.63     0.93     0.01     3.91     5.31
 19970116.080000    -5.42    -5.76    64.33     0.94     0.01     3.78     4.87
 19970116.110000    -3.87    -4.87    67.14     0.91     0.01     3.84     4.90
 19970116.140000    -2.25    -3.92    69.32     0.84     0.01     3.82     5.02
 19970116.170000    -3.91    -4.81    66.83     0.78     0.01     3.72     4.99
 19970116.200000    -5.51    -5.64    64.13     0.85     0.01     3.65     4.34
 19970116.230000    -5.96    -5.40    68.46     0.97     0.01     3.94     4.57
 19970117.020000    -6.38    -5.15    72.22     1.06     0.01     4.18     4.92
 19970117.050000    -6.46    -5.88    70.68     1.12     0.01     4.25     4.96
 19970117.080000    -6.52    -6.60    68.44     1.23     0.01     4.38     5.02
 19970117.110000    -4.68    -5.07    70.00     1.18     0.01     4.43     5.36
 19970117.140000    -2.83    -3.53    70.68     1.00     0.01     4.32     5.43
 19970117.170000    -3.89    -3.48    69.52     0.86     0.01     4.10     5.41
 19970117.200000    -4.87    -3.33    68.38     0.81     0.01     3.84     5.34
 19970117.230000    -3.14    -3.55    68.10     0.76     0.01     3.74     5.15
 19970118.020000    -1.03    -3.42    68.18     0.70     0.01     3.69     5.05
 19970118.050000    -2.36    -4.65    64.03     0.65     0.01     3.58     4.97
 19970118.080000    -3.66    -5.79    57.23     0.70     0.01     3.38     3.66
 19970118.110000    -3.12    -5.29    57.47     0.71     0.01     3.41     4.11
 19970118.140000    -2.58    -4.77    57.94     0.69     0.01     3.42     4.34
 19970118.170000    -5.21    -5.44    57.93     0.75     0.01     3.42     4.08
 19970118.200000    -7.67    -5.86    64.66     1.08     0.00     3.84     4.29
 19970118.230000    -5.74    -4.63    70.19     1.19     0.01     4.29     5.06
 19970119.020000    -3.82    -3.40    70.51     1.06     0.01     4.35     5.40
 19970119.050000    -4.15    -6.40    64.30     1.00     0.01     4.09     5.46
 19970119.080000    -4.30    -9.20    53.70     1.16     0.01     4.03     4.61
 19970119.110000    -3.28    -7.09    54.90     1.18     0.01     4.22     5.12
 19970119.140000    -2.25    -4.97    57.18     1.00     0.01     4.12     5.30
 19970119.170000    -2.76    -5.45    55.78     0.88     0.01     3.85     5.33
 19970119.200000    -3.27    -5.92    53.67     0.84     0.01     3.65     5.12
 19970119.230000    -2.85    -4.75    55.36     0.80     0.01     3.59     4.87
 19970120.020000    -2.42    -3.59    60.10     0.74     0.01     3.64     4.97
 19970120.050000    -3.31    -4.63    61.33     0.71     0.01     3.60     5.00
 19970120.080000    -4.20    -5.68    59.79     0.75     0.01     3.52     4.38
 19970120.110000    -4.42    -5.39    62.94     0.80     0.01     3.64     4.40
 19970120.140000    -4.63    -5.10    65.88     0.83     0.00     3.74     4.70
 19970120.170000    -4.72    -4.30    65.54     0.79     0.00     3.65     4.62
 19970120.200000    -4.77    -3.45    64.27     0.73     0.00     3.48     4.45
 19970120.230000    -3.65    -3.35    63.08     0.67     0.00     3.36     4.32
 19970121.020000    -2.45    -3.19    62.64     0.62     0.00     3.31     4.31
 19970121.050000    -2.61    -3.91    61.08     0.60     0.00     3.25     4.39
 19970121.080000    -2.75    -4.63    59.26     0.60     0.00     3.21     4.23
 19970121.110000    -2.99    -5.01    59.38     0.62     0.00     3.23     4.14
 19970121.140000    -3.22    -5.38    61.40     0.67     0.00     3.35     4.34
 19970121.170000    -5.45    -5.10    65.37     0.78     0.00     3.54     4.32
 19970121.200000    -7.39    -4.48    72.36     1.01     0.00     3.89     4.49
 19970121.230000    -6.91    -4.35    78.05     1.13     0.01     4.26     4.99
 19970122.020000    -6.42    -4.23    77.43     1.14     0.01     4.33     5.21
 19970122.050000    -6.93    -4.98    72.80     1.20     0.03     4.44     5.32
 19970122.080000    -7.44    -5.72    69.19     1.36     0.06     4.63     5.20
 19970122.110000    -7.91    -4.99    69.47     1.44     0.07     4.78     5.37
 19970122.140000    -8.31    -4.20    72.01     1.46     0.11     4.85     5.46
 19970122.170000    -9.74    -3.82    76.00     1.63     0.17     4.98     5.48
 19970122.200000   -11.10    -3.42    78.81     1.95     0.20     5.28     5.80
 19970122.230000    -8.45    -1.69    81.44     1.82     0.21     5.34     6.08
 19970123.020000    -5.62     0.07    88.97     1.50     0.25     5.27     6.01
 19970123.050000    -7.47     1.10    99.90     1.41     0.29     5.26     5.95
 19970123.080000    -9.25     2.14   107.11     1.51     0.25     5.02     5.43
 19970123.110000    -5.99     1.80   114.17     1.45     0.17     5.01     5.67
 19970123.140000    -2.65     1.45   120.74     1.26     0.11     5.12     5.79
 19970123.170000    -2.34     0.92   125.18     1.09     0.08     5.23     5.83
 19970123.200000    -1.98     0.36   129.49     1.00     0.07     5.21     5.99
 19970123.230000    -1.69    -4.21   131.41     0.95     0.05     5.02     6.28
 19970124.020000     1.87    -6.81   116.11     1.02     0.04     4.41     6.35
 19970124.050000     1.19    -8.35    51.57     1.11     0.04     4.17     4.22
 19970124.080000     0.50    -9.78    25.21     1.20     0.03     4.14     4.18
 19970124.110000    -0.56    -8.91    29.09     1.21     0.03     4.19     4.77
 19970124.140000    -1.60    -7.89    33.87     1.16     0.03     4.17     5.13
 19970124.170000    -2.95    -8.28    37.14     1.17     0.03     4.15     5.04
 19970124.200000    -4.26    -8.51    44.48     1.27     0.03     4.32     5.01
 19970124.230000    -3.86    -7.32    51.37     1.32     0.05     4.58     5.60
 19970125.020000    -3.47    -6.12    53.09     1.25     0.07     4.61     5.88
 19970125.050000    -4.67    -7.89    51.70     1.26     0.08     4.47     5.43
 19970125.080000    -5.88    -9.66    53.82     1.54     0.09     4.64     5.13
 19970125.110000    -4.71    -8.83    57.51     1.69     0.10     4.99     5.85
 19970125.140000    -3.51    -7.97    56.39     1.58     0.11     4.90     6.04
 19970125.170000    -4.66    -7.85    54.21     1.50     0.11     4.70     5.81
 19970125.200000    -5.76    -7.62    54.33     1.49     0.10     4.62     5.37
 19970125.230000    -4.09    -6.91    54.91     1.38     0.09     4.48     5.49
 19970126.020000    -2.35    -6.08    55.95     1.17     0.09     4.34     5.50
 19970126.050000    -1.94    -7.22    51.91     1.06     0.08     4.12     5.36
 19970126.080000    -1.52    -8.29    46.83     1.05     0.06     3.98     4.68
 19970126.110000    -1.11    -7.72    46.38     1.05     0.05     3.98     4.85
 19970126.140000    -0.71    -7.14    46.83     1.02     0.04     3.95     5.06
 19970126.170000    -1.57    -6.78    46.43     0.97     0.03     3.82     5.03
 19970126.200000    -2.42    -6.28    46.97     0.92     0.02     3.68     4.87
 19970126.230000    -2.49    -6.81    46.91     0.90     0.02     3.58     4.51
 19970127.020000    -2.56    -7.34    46.72     0.91     0.01     3.57     4.30
 19970127.050000    -2.30    -7.11    46.07     0.89     0.01     3.52     4.31
 19970127.080000    -2.04    -6.86    44.61     0.86     0.01     3.42     4.26
 19970127.110000    -0.85    -5.87    44.16     0.79     0.01     3.43     4.44
 19970127.140000     0.39    -4.69    47.32     0.71     0.01     3.52     4.74
 19970127.170000     0.13    -4.97    44.02     0.67     0.01     3.46     4.96
 19970127.200000    -0.13    -5.24    38.55     0.64     0.01     3.34     4.96
 19970127.230000    -0.73    -5.06    35.87     0.62     0.01     3.24     3.84
 19970128.020000    -1.33    -4.79    35.47     0.59     0.00     3.16     3.44
 19970128.050000    -2.60    -5.72    36.75     0.61     0.00     3.10     3.24
 19970128.080000    -3.83    -6.56    44.23     0.71     0.00     3.23     3.54
 19970128.110000    -3.58    -5.51    53.56     0.76     0.00     3.48     4.16
 19970128.140000    -3.32    -4.44    59.44     0.78     0.00     3.63     4.73
 19970128.170000    -3.32    -3.96    61.37     0.78     0.00     3.72     4.95
 19970128.200000    -3.32    -3.45    60.66     0.77     0.00     3.72     5.05
 19970128.230000    -3.47    -2.90    60.97     0.73     0.01     3.68     5.04
 19970129.020000    -3.57    -2.31    63.91     0.66     0.01     3.59     4.98
 19970129.050000    -4.19    -2.00    64.36     0.62     0.01     3.40     4.88
 19970129.080000    -4.76    -1.65    65.86     0.59     0.01     3.23     4.21
 19970129.110000    -4.96    -1.81    68.20     0.58     0.01     3.13     3.76
 19970129.140000    -5.16    -1.96    72.16     0.58     0.01     3.11     3.72
 19970129.170000    -5.80    -1.52    81.13     0.62     0.01     3.21     3.76
 19970129.200000    -6.40    -1.08    95.99     0.73     0.02     3.57     4.03
 19970129.230000    -5.47    -1.37   110.34     0.83     0.03     4.04     4.71
 19970130.020000    -4.50    -1.64   120.40     0.90     0.05     4.48     5.69
 19970130.050000    -6.24    -0.78   123.88     0.99     0.08     4.77     6.41
 19970130.080000    -7.79     0.13   122.51     1.14     0.10     4.74     5.95
 19970130.110000    -5.29     0.92   126.02     1.15     0.08     4.79     5.64
 19970130.140000    -2.41     1.68   130.24     1.05     0.06     4.89     5.84
 19970130.170000    -3.10     1.54   132.99     0.96     0.05     4.95     5.93
 19970130.200000    -3.73     1.37   133.46     0.90     0.04     4.85     5.96
 19970130.230000    -3.27    -0.36   133.85     0.88     0.05     4.79     5.89
 19970131.020000    -1.32    -2.25   134.88     0.88     0.05     4.82     5.80
 19970131.050000    -1.82    -2.93   134.70     0.88     0.04     4.87     5.81
 19970131.080000    -2.33    -3.60   131.65     0.84     0.03     4.70     5.83
 19970131.110000    -2.86    -3.08   128.33     0.79     0.02     4.44     5.81
 19970131.140000    -3.31    -2.45   125.69     0.73     0.02     4.23     5.78
 19970131.170000    -6.50    -3.45   102.58     0.82     0.01     3.77     5.72
 19970131.200000    -9.62    -4.43    86.65     1.19     0.01     3.96     4.32
 19970131.230000    -8.30    -3.55    88.27     1.42     0.01     4.50     5.11
 19970201.020000    -6.96    -2.67    87.87     1.33     0.01     4.50     5.47
 19970201.050000    -8.53    -4.91    81.07     1.34     0.01     4.36     5.26
 19970201.080000    -9.96    -7.09    74.32     1.77     0.02     4.82     5.46
