  Time              windx     windy     DIR    HS      HSWEll     TMM10     TPS
 20110801.080000     0.43    -0.31   189.06     0.88     0.13     5.83     7.86
 20110801.090000     0.76    -0.07   189.23     0.86     0.12     5.82     7.84
 20110801.100000     0.92     0.40   189.29     0.85     0.12     5.85     7.82
 20110801.110000     0.82     0.92   189.31     0.84     0.11     5.86     7.80
 20110801.120000     0.54     1.37   189.29     0.82     0.11     5.87     7.77
 20110801.130000     0.17     1.70   189.25     0.81     0.10     5.87     7.75
 20110801.140000    -0.21     1.93   189.16     0.80     0.10     5.87     7.73
 20110801.150000    -0.24     1.85   189.06     0.79     0.10     5.87     7.71
 20110801.160000    -0.27     1.76   188.97     0.78     0.09     5.87     7.69
 20110801.170000    -0.30     1.68   188.87     0.77     0.09     5.87     7.67
 20110801.180000    -0.32     1.60   188.77     0.76     0.09     5.87     7.65
 20110801.190000    -0.35     1.51   188.68     0.75     0.08     5.87     7.61
 20110801.200000    -0.37     1.43   188.60     0.74     0.08     5.87     7.55
 20110801.210000    -0.21     1.44   188.52     0.74     0.08     5.87     7.50
 20110801.220000    -0.04     1.43   188.46     0.73     0.08     5.86     7.45
 20110801.230000     0.13     1.39   188.42     0.72     0.07     5.85     7.40
 20110802.000000     0.31     1.34   188.37     0.71     0.07     5.85     7.36
 20110802.010000     0.48     1.26   188.34     0.71     0.07     5.84     7.32
 20110802.020000     0.65     1.15   188.30     0.70     0.06     5.83     7.28
 20110802.030000     0.83     1.02   188.28     0.69     0.06     5.81     7.24
 20110802.040000     1.00     0.82   188.25     0.68     0.06     5.80     7.21
 20110802.050000     1.15     0.54   188.22     0.67     0.05     5.79     7.18
 20110802.060000     1.25     0.18   188.19     0.67     0.05     5.77     7.16
 20110802.070000     1.22    -0.23   188.16     0.66     0.05     5.76     7.13
 20110802.080000     1.04    -0.63   188.11     0.65     0.05     5.74     7.11
 20110802.090000     1.30    -0.35   188.07     0.64     0.04     5.73     7.08
 20110802.100000     1.46     0.07   188.01     0.64     0.04     5.71     7.06
 20110802.110000     1.48     0.57   187.95     0.63     0.04     5.69     7.03
 20110802.120000     1.32     1.09   187.89     0.62     0.04     5.67     7.01
 20110802.130000     0.99     1.54   187.83     0.62     0.04     5.65     6.98
 20110802.140000     0.57     1.87   187.77     0.61     0.03     5.62     6.95
 20110802.150000     0.69     1.88   187.72     0.60     0.03     5.58     6.89
 20110802.160000     0.81     1.89   187.67     0.60     0.03     5.55     6.85
 20110802.170000     0.93     1.88   187.64     0.59     0.03     5.51     6.80
 20110802.180000     1.04     1.87   187.62     0.59     0.03     5.47     6.77
 20110802.190000     1.15     1.86   187.61     0.58     0.02     5.43     6.73
 20110802.200000     1.26     1.84   187.62     0.58     0.02     5.39     6.70
 20110802.210000     1.63     1.80   187.76     0.58     0.02     5.33     6.68
 20110802.220000     1.99     1.74   188.09     0.58     0.02     5.24     6.65
 20110802.230000     2.33     1.65   188.54     0.58     0.02     5.16     6.62
 20110803.000000     2.65     1.54   189.19     0.58     0.02     5.05     6.60
 20110803.010000     2.95     1.42   190.09     0.58     0.02     4.92     6.57
 20110803.020000     3.23     1.29   191.23     0.59     0.02     4.79     6.55
 20110803.030000     3.14     0.98   192.16     0.60     0.02     4.68     6.52
 20110803.040000     3.03     0.65   192.88     0.60     0.01     4.59     6.50
 20110803.050000     2.89     0.30   193.41     0.61     0.01     4.52     6.47
 20110803.060000     2.71    -0.05   193.71     0.61     0.01     4.46     6.44
 20110803.070000     2.48    -0.41   193.84     0.61     0.01     4.43     6.41
 20110803.080000     2.19    -0.77   193.82     0.61     0.01     4.41     6.38
 20110803.090000     2.20    -0.60   193.76     0.60     0.01     4.39     6.35
 20110803.100000     2.20    -0.44   193.70     0.59     0.01     4.37     6.30
 20110803.110000     2.18    -0.27   193.66     0.58     0.01     4.35     6.23
 20110803.120000     2.15    -0.09   193.63     0.58     0.01     4.34     6.18
 20110803.130000     2.10     0.08   193.68     0.57     0.01     4.31     6.14
 20110803.140000     2.04     0.25   193.80     0.56     0.01     4.29     6.10
 20110803.150000     2.28     0.53   194.03     0.55     0.00     4.26     6.07
 20110803.160000     2.50     0.80   194.45     0.54     0.00     4.22     6.05
 20110803.170000     2.71     1.07   195.16     0.54     0.00     4.17     6.03
 20110803.180000     2.90     1.34   196.25     0.53     0.00     4.11     6.01
 20110803.190000     3.09     1.60   197.72     0.53     0.00     4.03     5.99
 20110803.200000     3.28     1.86   199.61     0.54     0.00     3.93     5.97
 20110803.210000     3.63     1.81   201.98     0.55     0.00     3.84     5.79
 20110803.220000     3.97     1.77   204.76     0.56     0.00     3.73     4.05
 20110803.230000     4.31     1.71   208.12     0.59     0.00     3.62     4.02
 20110804.000000     4.65     1.66   210.64     0.62     0.00     3.55     4.02
 20110804.010000     4.97     1.60   212.70     0.64     0.00     3.53     4.06
 20110804.020000     5.29     1.55   214.45     0.66     0.00     3.54     4.12
 20110804.030000     5.02     1.04   215.24     0.68     0.00     3.58     4.20
 20110804.040000     4.72     0.50   215.74     0.68     0.00     3.61     4.29
 20110804.050000     4.36    -0.06   216.27     0.68     0.00     3.64     4.37
 20110804.060000     3.92    -0.64   216.56     0.67     0.00     3.66     4.43
 20110804.070000     3.37    -1.22   216.62     0.65     0.00     3.68     4.48
 20110804.080000     2.67    -1.77   216.65     0.62     0.00     3.70     4.50
 20110804.090000     2.88    -1.48   216.92     0.60     0.00     3.70     4.51
 20110804.100000     3.05    -1.16   217.68     0.59     0.00     3.67     4.52
 20110804.110000     3.19    -0.83   218.62     0.57     0.00     3.63     4.52
 20110804.120000     3.29    -0.48   219.64     0.55     0.00     3.58     4.51
 20110804.130000     3.36    -0.12   220.69     0.54     0.00     3.53     4.49
 20110804.140000     3.39     0.25   221.65     0.53     0.00     3.48     4.48
 20110804.150000     3.17     0.53   222.25     0.52     0.00     3.44     4.46
 20110804.160000     2.91     0.83   222.19     0.51     0.00     3.42     4.44
 20110804.170000     2.62     1.12   221.10     0.49     0.00     3.42     4.42
 20110804.180000     2.27     1.40   219.81     0.48     0.00     3.43     4.40
 20110804.190000     1.85     1.66   218.70     0.46     0.00     3.43     4.38
 20110804.200000     1.36     1.86   217.64     0.45     0.00     3.43     4.35
 20110804.210000     1.68     1.69   216.80     0.44     0.00     3.42     4.33
 20110804.220000     1.98     1.46   216.25     0.43     0.00     3.40     4.29
 20110804.230000     2.24     1.18   215.94     0.42     0.00     3.37     4.25
 20110805.000000     2.46     0.86   215.84     0.41     0.00     3.33     4.21
 20110805.010000     2.63     0.53   215.90     0.40     0.00     3.28     4.17
 20110805.020000     2.75     0.18   216.13     0.39     0.00     3.24     4.13
 20110805.030000     2.48    -0.04   216.18     0.39     0.00     3.20     4.08
 20110805.040000     2.20    -0.27   216.03     0.38     0.00     3.18     4.03
 20110805.050000     1.87    -0.54   215.44     0.37     0.00     3.22     3.97
 20110805.060000     1.46    -0.83   214.25     0.35     0.00     3.26     3.91
 20110805.070000     0.85    -1.12   213.15     0.34     0.00     3.30     3.85
 20110805.080000    -0.04    -1.14   212.24     0.33     0.00     3.34     3.83
 20110805.090000     0.15    -1.14   211.45     0.33     0.00     3.37     3.84
 20110805.100000     0.36    -1.11   210.75     0.32     0.00     3.40     3.86
 20110805.110000     0.57    -1.03   210.13     0.31     0.00     3.43     3.88
 20110805.120000     0.77    -0.92   209.59     0.31     0.00     3.46     3.92
 20110805.130000     0.95    -0.75   209.12     0.31     0.00     3.49     3.96
 20110805.140000     1.09    -0.55   208.66     0.30     0.00     3.51     3.98
 20110805.150000     1.27    -0.32   208.22     0.30     0.00     3.54     4.00
 20110805.160000     1.40     0.06   207.73     0.30     0.00     3.56     4.03
 20110805.170000     1.37     0.58   207.17     0.30     0.00     3.59     4.04
 20110805.180000     1.07     1.16   206.50     0.30     0.00     3.61     4.06
 20110805.190000     0.46     1.61   205.67     0.30     0.00     3.62     4.07
 20110805.200000    -0.32     1.73   204.67     0.30     0.00     3.64     4.08
 20110805.210000     0.04     1.86   203.47     0.31     0.00     3.65     4.10
 20110805.220000     0.45     1.91   202.18     0.31     0.00     3.66     4.11
 20110805.230000     0.86     1.87   200.97     0.31     0.00     3.65     4.13
 20110806.000000     1.26     1.75   200.04     0.32     0.00     3.64     4.15
 20110806.010000     1.63     1.56   199.40     0.33     0.00     3.63     4.18
 20110806.020000     1.95     1.33   199.03     0.34     0.00     3.61     4.21
 20110806.030000     2.20     1.23   199.13     0.34     0.00     3.59     4.25
 20110806.040000     2.45     1.13   199.75     0.35     0.00     3.54     4.30
 20110806.050000     2.67     1.02   200.76     0.37     0.00     3.49     4.35
 20110806.060000     2.89     0.90   201.88     0.38     0.00     3.45     4.38
 20110806.070000     3.10     0.79   203.25     0.39     0.00     3.42     4.40
 20110806.080000     3.30     0.66   204.87     0.40     0.00     3.39     4.41
 20110806.090000     3.49     0.65   206.76     0.41     0.00     3.35     4.41
 20110806.100000     3.70     0.64   208.88     0.43     0.00     3.33     4.40
 20110806.110000     3.89     0.63   211.04     0.44     0.00     3.29     4.38
 20110806.120000     4.09     0.61   213.30     0.45     0.00     3.26     4.35
 20110806.130000     4.28     0.59   216.43     0.47     0.00     3.20     4.26
 20110806.140000     4.49     0.58   220.45     0.50     0.00     3.12     4.09
 20110806.150000     4.69     1.19   223.27     0.52     0.00     3.08     3.60
 20110806.160000     4.84     1.79   224.67     0.53     0.00     3.08     3.58
 20110806.170000     4.93     2.38   225.02     0.55     0.00     3.08     3.59
 20110806.180000     4.98     2.96   224.47     0.57     0.00     3.10     3.56
 20110806.190000     5.00     3.52   223.11     0.60     0.00     3.15     3.53
 20110806.200000     4.99     4.07   221.10     0.64     0.00     3.19     3.56
 20110806.210000     4.99     3.96   219.32     0.67     0.00     3.25     3.70
 20110806.220000     4.99     3.86   218.16     0.69     0.00     3.31     3.81
 20110806.230000     5.00     3.75   217.29     0.70     0.00     3.36     3.88
 20110807.000000     4.99     3.64   216.56     0.71     0.00     3.41     3.97
 20110807.010000     5.00     3.53   215.92     0.72     0.00     3.44     4.07
 20110807.020000     4.99     3.42   215.32     0.73     0.00     3.47     4.14
 20110807.030000     4.79     3.29   214.61     0.73     0.00     3.50     4.19
 20110807.040000     4.58     3.17   213.92     0.73     0.00     3.53     4.23
 20110807.050000     4.37     3.04   213.31     0.72     0.01     3.54     4.26
 20110807.060000     4.16     2.92   212.80     0.71     0.01     3.54     4.28
 20110807.070000     3.95     2.79   212.32     0.71     0.01     3.55     4.30
 20110807.080000     3.75     2.66   211.77     0.70     0.01     3.55     4.33
 20110807.090000     3.49     2.84   211.15     0.69     0.01     3.56     4.35
 20110807.100000     3.21     3.01   210.39     0.68     0.01     3.57     4.37
 20110807.110000     2.91     3.16   209.47     0.68     0.01     3.58     4.39
 20110807.120000     2.61     3.30   208.36     0.68     0.01     3.61     4.41
 20110807.130000     2.27     3.43   206.98     0.68     0.01     3.65     4.44
 20110807.140000     1.92     3.52   205.28     0.68     0.01     3.70     4.48
 20110807.150000     1.98     3.50   202.95     0.68     0.01     3.79     4.54
 20110807.160000     2.03     3.48   200.70     0.69     0.02     3.88     4.60
 20110807.170000     2.08     3.46   198.76     0.69     0.02     3.96     4.68
 20110807.180000     2.13     3.43   197.18     0.71     0.02     4.04     4.80
 20110807.190000     2.18     3.40   195.89     0.72     0.02     4.12     4.97
 20110807.200000     2.23     3.38   194.81     0.74     0.02     4.20     5.20
 20110807.210000     2.05     3.24   193.85     0.75     0.02     4.28     5.89
 20110807.220000     1.85     3.10   193.01     0.77     0.02     4.36     6.02
 20110807.230000     1.66     2.96   192.31     0.78     0.02     4.43     6.11
 20110808.000000     1.47     2.82   191.70     0.79     0.03     4.49     6.17
 20110808.010000     1.28     2.68   191.13     0.80     0.03     4.56     6.21
 20110808.020000     1.07     2.53   190.63     0.81     0.03     4.62     6.24
 20110808.030000     0.79     2.78   190.04     0.81     0.03     4.70     6.26
 20110808.040000     0.48     2.99   189.41     0.81     0.04     4.77     6.28
 20110808.050000     0.16     3.16   188.91     0.82     0.04     4.84     6.30
 20110808.060000    -0.18     3.30   188.49     0.83     0.04     4.89     6.32
 20110808.070000    -0.51     3.42   188.09     0.83     0.05     4.94     6.34
 20110808.080000    -0.84     3.49   187.68     0.84     0.05     4.99     6.37
 20110808.090000    -0.87     3.48   187.33     0.86     0.06     5.05     6.40
 20110808.100000    -0.90     3.46   187.03     0.87     0.06     5.10     6.44
 20110808.110000    -0.93     3.43   186.78     0.88     0.07     5.16     6.49
 20110808.120000    -0.96     3.42   186.57     0.89     0.07     5.23     6.54
 20110808.130000    -0.99     3.40   186.40     0.90     0.07     5.29     6.60
 20110808.140000    -1.01     3.38   186.26     0.92     0.08     5.34     6.66
 20110808.150000    -1.20     3.03   186.17     0.93     0.08     5.40     6.73
 20110808.160000    -1.39     2.65   186.11     0.94     0.08     5.46     6.81
 20110808.170000    -1.59     2.23   186.08     0.95     0.08     5.51     6.89
 20110808.180000    -1.75     1.73   186.05     0.95     0.09     5.55     6.97
 20110808.190000    -1.86     1.16   186.00     0.96     0.09     5.59     7.02
 20110808.200000    -1.86     0.50   185.83     0.96     0.08     5.63     7.05
 20110808.210000    -1.84     0.98   185.42     0.95     0.08     5.70     7.07
 20110808.220000    -1.60     1.57   184.99     0.95     0.08     5.76     7.07
 20110808.230000    -1.01     2.19   184.59     0.94     0.08     5.79     7.07
 20110809.000000     0.00     2.57   184.18     0.94     0.07     5.79     7.06
 20110809.010000     1.25     2.44   183.74     0.94     0.07     5.77     7.03
 20110809.020000     2.34     1.70   183.30     0.95     0.07     5.73     7.00
 20110809.030000     2.19     2.27   182.81     0.95     0.06     5.68     6.93
 20110809.040000     1.95     2.80   182.27     0.96     0.06     5.62     6.83
 20110809.050000     1.65     3.27   181.74     0.97     0.05     5.55     6.74
 20110809.060000     1.31     3.69   181.28     0.97     0.05     5.48     6.65
 20110809.070000     0.95     4.06   180.93     0.98     0.05     5.39     6.56
 20110809.080000     0.58     4.39   180.67     0.98     0.04     5.29     6.49
 20110809.090000     0.38     4.45   180.59     0.98     0.04     5.20     6.41
 20110809.100000     0.19     4.50   180.59     0.98     0.04     5.15     6.34
 20110809.110000    -0.01     4.54   180.63     0.98     0.04     5.09     6.27
 20110809.120000    -0.21     4.58   180.70     0.97     0.03     5.04     6.20
 20110809.130000    -0.40     4.60   180.76     0.96     0.03     4.99     6.13
 20110809.140000    -0.59     4.62   180.78     0.96     0.03     4.94     6.08
 20110809.150000    -0.86     4.40   180.77     0.95     0.03     4.90     6.03
 20110809.160000    -1.12     4.16   180.73     0.93     0.02     4.87     5.98
 20110809.170000    -1.38     3.89   180.66     0.92     0.02     4.83     5.93
 20110809.180000    -1.64     3.60   180.57     0.91     0.02     4.80     5.89
 20110809.190000    -1.89     3.28   180.42     0.90     0.02     4.78     5.86
 20110809.200000    -2.11     2.91   180.21     0.89     0.02     4.76     5.83
 20110809.210000    -1.89     3.18   179.82     0.87     0.02     4.73     5.80
 20110809.220000    -1.65     3.42   179.41     0.86     0.02     4.71     5.77
 20110809.230000    -1.39     3.65   179.07     0.86     0.01     4.68     5.75
 20110810.000000    -1.13     3.85   178.76     0.85     0.01     4.65     5.71
 20110810.010000    -0.85     4.02   178.48     0.85     0.01     4.62     5.69
 20110810.020000    -0.57     4.17   178.25     0.84     0.01     4.60     5.66
 20110810.030000    -0.81     4.23   178.00     0.84     0.01     4.58     5.65
 20110810.040000    -1.05     4.26   177.72     0.84     0.01     4.56     5.63
 20110810.050000    -1.28     4.30   177.44     0.85     0.01     4.55     5.63
 20110810.060000    -1.52     4.31   177.16     0.85     0.01     4.54     5.62
 20110810.070000    -1.74     4.33   176.89     0.85     0.01     4.54     5.63
 20110810.080000    -1.97     4.33   176.64     0.85     0.01     4.53     5.63
 20110810.090000    -1.85     4.48   176.48     0.86     0.01     4.53     5.63
 20110810.100000    -1.71     4.63   176.42     0.86     0.01     4.52     5.63
 20110810.110000    -1.57     4.77   176.44     0.86     0.01     4.50     5.63
 20110810.120000    -1.43     4.91   176.54     0.86     0.01     4.49     5.62
 20110810.130000    -1.30     5.05   176.72     0.87     0.01     4.47     5.60
 20110810.140000    -1.15     5.17   176.98     0.87     0.01     4.45     5.57
 20110810.150000    -1.02     4.91   177.37     0.87     0.01     4.44     5.54
 20110810.160000    -0.88     4.65   177.80     0.87     0.01     4.43     5.51
 20110810.170000    -0.75     4.38   178.25     0.86     0.01     4.43     5.48
 20110810.180000    -0.61     4.11   178.68     0.85     0.00     4.42     5.45
 20110810.190000    -0.48     3.84   179.11     0.84     0.00     4.42     5.43
 20110810.200000    -0.34     3.57   179.53     0.84     0.00     4.42     5.41
 20110810.210000    -0.61     3.74   179.85     0.83     0.00     4.40     5.40
 20110810.220000    -0.87     3.91   180.05     0.82     0.00     4.38     5.39
 20110810.230000    -1.13     4.06   180.12     0.81     0.00     4.35     5.38
 20110811.000000    -1.38     4.19   180.03     0.81     0.00     4.32     5.36
 20110811.010000    -1.64     4.33   179.75     0.80     0.00     4.28     5.34
 20110811.020000    -1.89     4.45   179.24     0.80     0.00     4.23     5.32
 20110811.030000    -1.61     4.28   178.86     0.79     0.00     4.20     5.30
 20110811.040000    -1.32     4.10   178.63     0.78     0.00     4.17     5.26
 20110811.050000    -1.03     3.91   178.50     0.77     0.00     4.14     5.22
 20110811.060000    -0.74     3.71   178.42     0.75     0.00     4.12     5.18
 20110811.070000    -0.44     3.49   178.38     0.74     0.00     4.09     5.13
 20110811.080000    -0.14     3.26   178.36     0.73     0.00     4.06     5.09
 20110811.090000    -0.21     3.45   178.32     0.71     0.00     4.03     5.05
 20110811.100000    -0.28     3.63   178.27     0.70     0.00     3.99     5.02
 20110811.110000    -0.35     3.82   178.22     0.69     0.00     3.95     4.98
 20110811.120000    -0.42     4.01   178.16     0.69     0.00     3.90     4.95
 20110811.130000    -0.49     4.19   178.09     0.68     0.00     3.86     4.91
 20110811.140000    -0.56     4.38   178.01     0.67     0.00     3.82     4.88
 20110811.150000    -0.38     4.17   178.01     0.67     0.00     3.79     4.85
 20110811.160000    -0.20     3.96   178.10     0.66     0.00     3.77     4.81
 20110811.170000    -0.02     3.74   178.25     0.65     0.00     3.75     4.77
 20110811.180000     0.16     3.51   178.46     0.64     0.00     3.74     4.73
 20110811.190000     0.35     3.27   178.73     0.63     0.00     3.72     4.70
 20110811.200000     0.53     3.02   179.13     0.62     0.00     3.72     4.68
 20110811.210000     0.63     3.04   179.82     0.62     0.00     3.71     4.66
 20110811.220000     0.74     3.06   180.72     0.60     0.00     3.72     4.65
 20110811.230000     0.84     3.08   181.68     0.59     0.00     3.73     4.65
 20110812.000000     0.94     3.09   182.75     0.59     0.00     3.74     4.65
 20110812.010000     1.04     3.10   183.74     0.58     0.00     3.74     4.65
 20110812.020000     1.15     3.11   184.60     0.57     0.00     3.73     4.66
 20110812.030000     1.05     2.86   185.30     0.57     0.00     3.73     4.66
 20110812.040000     0.95     2.61   185.90     0.57     0.00     3.74     4.66
 20110812.050000     0.85     2.36   186.48     0.56     0.00     3.75     4.66
 20110812.060000     0.76     2.10   186.97     0.55     0.00     3.80     4.67
 20110812.070000     0.66     1.85   187.47     0.54     0.00     3.88     4.68
 20110812.080000     0.56     1.60   187.81     0.52     0.00     3.97     4.69
 20110812.090000     0.78     1.63   188.30     0.51     0.00     4.04     4.72
 20110812.100000     1.00     1.63   188.86     0.50     0.00     4.10     4.75
 20110812.110000     1.22     1.62   189.50     0.50     0.00     4.14     4.80
 20110812.120000     1.42     1.59   190.18     0.49     0.00     4.18     4.85
 20110812.130000     1.62     1.56   190.92     0.49     0.00     4.20     4.91
 20110812.140000     1.81     1.52   191.75     0.48     0.00     4.21     4.96
 20110812.150000     1.66     1.82   192.52     0.48     0.00     4.20     5.01
 20110812.160000     1.47     2.11   193.22     0.48     0.00     4.19     5.05
 20110812.170000     1.25     2.36   193.79     0.48     0.00     4.18     5.09
 20110812.180000     1.02     2.59   194.21     0.48     0.00     4.15     5.11
 20110812.190000     0.76     2.79   194.48     0.48     0.00     4.12     5.12
 20110812.200000     0.50     2.95   194.58     0.48     0.00     4.09     5.13
 20110812.210000     0.53     3.07   194.61     0.48     0.00     4.05     5.13
 20110812.220000     0.56     3.18   194.59     0.48     0.00     4.01     5.13
 20110812.230000     0.60     3.29   194.52     0.48     0.00     3.97     5.13
 20110813.000000     0.63     3.41   194.36     0.48     0.00     3.93     5.13
 20110813.010000     0.67     3.53   194.11     0.48     0.00     3.88     5.13
 20110813.020000     0.71     3.65   193.83     0.49     0.00     3.83     5.12
 20110813.030000     0.97     3.35   193.62     0.49     0.00     3.81     5.12
 20110813.040000     1.23     3.01   193.45     0.49     0.00     3.80     5.11
 20110813.050000     1.49     2.62   193.32     0.49     0.00     3.80     5.10
 20110813.060000     1.74     2.18   193.20     0.48     0.00     3.81     5.09
 20110813.070000     1.94     1.66   193.09     0.48     0.00     3.82     5.09
 20110813.080000     2.07     1.05   193.02     0.47     0.00     3.86     5.09
 20110813.090000     1.99     1.25   192.97     0.47     0.00     3.88     5.09
 20110813.100000     1.87     1.46   192.88     0.46     0.00     3.89     5.08
 20110813.110000     1.75     1.65   192.71     0.46     0.00     3.90     5.08
 20110813.120000     1.61     1.82   192.46     0.46     0.00     3.91     5.08
 20110813.130000     1.46     1.99   192.09     0.46     0.00     3.91     5.07
 20110813.140000     1.29     2.14   191.64     0.45     0.00     3.91     5.06
 20110813.150000     1.21     2.41   191.14     0.45     0.00     3.90     5.04
 20110813.160000     1.12     2.67   190.64     0.45     0.00     3.88     5.02
 20110813.170000     1.02     2.92   190.11     0.46     0.00     3.85     5.00
 20110813.180000     0.93     3.16   189.53     0.46     0.00     3.81     4.97
 20110813.190000     0.83     3.40   188.89     0.46     0.00     3.77     4.95
 20110813.200000     0.73     3.62   188.19     0.47     0.00     3.71     4.92
 20110813.210000     0.54     3.54   187.34     0.47     0.00     3.67     4.89
 20110813.220000     0.35     3.45   186.48     0.48     0.00     3.64     4.86
 20110813.230000     0.15     3.35   185.67     0.48     0.00     3.63     4.83
 20110814.000000    -0.04     3.23   184.90     0.47     0.00     3.61     4.80
 20110814.010000    -0.24     3.11   184.17     0.47     0.00     3.60     4.77
 20110814.020000    -0.43     2.97   183.47     0.47     0.00     3.59     4.73
 20110814.030000    -0.42     2.74   182.79     0.46     0.00     3.59     4.66
 20110814.040000    -0.41     2.51   182.08     0.46     0.00     3.59     4.62
 20110814.050000    -0.40     2.29   181.29     0.45     0.00     3.59     4.59
 20110814.060000    -0.38     2.06   180.19     0.44     0.00     3.63     4.56
 20110814.070000    -0.38     1.82   179.20     0.43     0.00     3.68     4.55
 20110814.080000    -0.36     1.59   178.19     0.42     0.00     3.73     4.54
 20110814.090000    -0.26     1.65   177.14     0.41     0.00     3.78     4.54
 20110814.100000    -0.16     1.69   176.05     0.40     0.00     3.81     4.54
 20110814.110000    -0.06     1.74   174.89     0.40     0.00     3.83     4.54
 20110814.120000     0.05     1.77   173.67     0.39     0.00     3.85     4.53
 20110814.130000     0.16     1.79   172.38     0.39     0.00     3.86     4.52
 20110814.140000     0.27     1.82   171.03     0.38     0.00     3.88     4.50
 20110814.150000    -0.03     1.96   169.62     0.38     0.00     3.88     4.49
 20110814.160000    -0.35     2.05   168.12     0.38     0.00     3.88     4.48
 20110814.170000    -0.66     2.10   166.48     0.38     0.00     3.87     4.46
 20110814.180000    -0.97     2.12   164.69     0.38     0.00     3.84     4.45
 20110814.190000    -1.27     2.10   162.73     0.39     0.00     3.81     4.44
 20110814.200000    -1.56     2.06   160.65     0.39     0.00     3.78     4.43
 20110814.210000    -1.39     2.36   158.68     0.39     0.00     3.75     4.43
 20110814.220000    -1.20     2.65   156.87     0.40     0.00     3.70     4.43
 20110814.230000    -1.00     2.91   155.34     0.41     0.00     3.67     4.44
 20110815.000000    -0.78     3.14   154.16     0.42     0.00     3.64     4.45
 20110815.010000    -0.55     3.35   153.27     0.44     0.00     3.62     4.47
 20110815.020000    -0.32     3.55   152.68     0.45     0.00     3.60     4.50
 20110815.030000    -0.12     3.25   151.98     0.47     0.00     3.62     4.52
 20110815.040000     0.08     2.95   151.16     0.48     0.00     3.64     4.54
 20110815.050000     0.28     2.63   150.35     0.48     0.00     3.68     4.55
 20110815.060000     0.49     2.28   149.47     0.49     0.00     3.72     4.56
 20110815.070000     0.70     1.90   148.46     0.49     0.00     3.79     4.57
 20110815.080000     0.89     1.47   147.50     0.49     0.00     3.85     4.58
 20110815.090000     0.76     1.58   146.68     0.48     0.00     3.92     4.59
 20110815.100000     0.63     1.68   145.97     0.48     0.00     3.97     4.60
 20110815.110000     0.49     1.77   145.39     0.48     0.00     4.01     4.61
 20110815.120000     0.35     1.84   144.91     0.47     0.00     4.03     4.62
 20110815.130000     0.20     1.91   144.47     0.47     0.00     4.05     4.63
 20110815.140000     0.04     1.96   144.07     0.46     0.00     4.06     4.63
 20110815.150000    -0.07     2.03   143.72     0.45     0.00     4.05     4.62
 20110815.160000    -0.19     2.09   143.40     0.45     0.00     4.04     4.61
 20110815.170000    -0.30     2.16   143.12     0.44     0.00     4.03     4.60
 20110815.180000    -0.42     2.20   142.87     0.43     0.00     4.00     4.59
 20110815.190000    -0.54     2.26   142.64     0.43     0.00     3.97     4.57
 20110815.200000    -0.65     2.30   142.42     0.42     0.00     3.94     4.56
 20110815.210000    -0.50     2.49   142.34     0.42     0.00     3.88     4.55
 20110815.220000    -0.33     2.66   142.48     0.42     0.00     3.82     4.54
 20110815.230000    -0.17     2.82   142.82     0.42     0.00     3.76     4.53
 20110816.000000     0.00     2.97   143.28     0.42     0.00     3.69     4.52
 20110816.010000     0.17     3.11   143.97     0.42     0.00     3.63     4.51
 20110816.020000     0.33     3.24   144.91     0.42     0.00     3.58     4.51
 20110816.030000     0.46     2.84   145.42     0.42     0.00     3.54     4.50
 20110816.040000     0.59     2.42   145.43     0.42     0.00     3.54     4.50
 20110816.050000     0.74     1.97   144.96     0.42     0.00     3.56     4.50
 20110816.060000     0.90     1.47   144.14     0.41     0.00     3.61     4.49
 20110816.070000     1.05     0.83   143.22     0.41     0.00     3.67     4.49
 20110816.080000     0.95    -0.07   142.49     0.40     0.00     3.73     4.49
 20110816.090000     1.11     0.09   141.81     0.40     0.00     3.77     4.48
 20110816.100000     1.21     0.37   141.08     0.40     0.00     3.80     4.49
 20110816.110000     1.15     0.82   140.25     0.40     0.00     3.84     4.49
 20110816.120000     0.69     1.40   139.32     0.40     0.00     3.88     4.50
 20110816.130000    -0.47     1.70   138.34     0.40     0.00     3.92     4.52
 20110816.140000    -1.76     0.86   137.27     0.40     0.00     3.96     4.54
 20110816.150000    -1.78     1.22   136.18     0.41     0.00     3.98     4.56
 20110816.160000    -1.76     1.56   135.27     0.41     0.00     3.98     4.58
 20110816.170000    -1.71     1.90   134.70     0.42     0.00     3.96     4.60
 20110816.180000    -1.65     2.21   134.48     0.42     0.00     3.93     4.61
 20110816.190000    -1.56     2.50   134.60     0.43     0.00     3.87     4.61
 20110816.200000    -1.47     2.79   135.06     0.44     0.00     3.79     4.61
 20110816.210000    -1.42     2.81   135.65     0.44     0.00     3.73     4.60
 20110816.220000    -1.36     2.83   136.30     0.44     0.00     3.67     4.58
 20110816.230000    -1.30     2.86   137.05     0.44     0.00     3.61     4.57
 20110817.000000    -1.24     2.88   137.90     0.43     0.00     3.56     4.54
 20110817.010000    -1.18     2.91   138.81     0.43     0.00     3.50     4.51
 20110817.020000    -1.12     2.93   139.79     0.43     0.00     3.45     4.48
 20110817.030000    -1.04     2.61   140.66     0.42     0.00     3.41     4.44
 20110817.040000    -0.95     2.30   141.41     0.41     0.00     3.38     4.39
 20110817.050000    -0.85     1.98   142.08     0.40     0.00     3.37     4.35
 20110817.060000    -0.77     1.66   142.69     0.39     0.00     3.38     4.26
 20110817.070000    -0.68     1.34   143.07     0.38     0.00     3.42     4.18
 20110817.080000    -0.58     1.02   143.34     0.37     0.00     3.45     4.13
 20110817.090000    -0.80     1.16   143.51     0.37     0.00     3.47     4.09
 20110817.100000    -1.01     1.28   143.51     0.36     0.00     3.51     4.08
 20110817.110000    -1.22     1.42   143.33     0.36     0.00     3.54     4.08
 20110817.120000    -1.43     1.54   142.95     0.36     0.00     3.56     4.09
 20110817.130000    -1.63     1.66   142.41     0.36     0.00     3.56     4.11
 20110817.140000    -1.83     1.78   141.79     0.37     0.00     3.54     4.14
 20110817.150000    -1.57     2.12   141.57     0.37     0.00     3.52     4.17
 20110817.160000    -1.24     2.42   141.72     0.38     0.00     3.49     4.20
 20110817.170000    -0.87     2.67   142.30     0.38     0.00     3.47     4.23
 20110817.180000    -0.45     2.86   143.31     0.39     0.00     3.44     4.24
 20110817.190000    -0.02     2.98   144.77     0.39     0.00     3.40     4.24
 20110817.200000     0.42     3.04   146.68     0.39     0.00     3.36     4.23
 20110817.210000     0.49     2.76   148.45     0.40     0.00     3.33     4.21
 20110817.220000     0.57     2.49   149.97     0.39     0.00     3.32     4.20
 20110817.230000     0.64     2.20   151.34     0.39     0.00     3.31     4.18
 20110818.000000     0.71     1.91   152.47     0.38     0.00     3.33     4.16
 20110818.010000     0.78     1.59   153.26     0.37     0.00     3.38     4.14
 20110818.020000     0.84     1.27   154.05     0.36     0.00     3.43     4.12
 20110818.030000     0.66     1.37   155.09     0.35     0.00     3.46     4.11
 20110818.040000     0.40     1.46   156.28     0.35     0.00     3.48     4.09
 20110818.050000    -0.02     1.52   157.53     0.34     0.00     3.49     4.08
 20110818.060000    -0.64     1.38   158.81     0.33     0.00     3.51     4.07
 20110818.070000    -1.32     0.76   160.08     0.33     0.00     3.52     4.06
 20110818.080000    -1.47    -0.38   161.31     0.32     0.00     3.53     4.05
 20110818.090000    -1.67    -0.06   162.46     0.32     0.00     3.54     4.04
 20110818.100000    -1.80     0.31   163.46     0.32     0.00     3.55     4.03
 20110818.110000    -1.85     0.69   164.20     0.31     0.00     3.55     4.02
 20110818.120000    -1.85     1.06   164.59     0.31     0.00     3.53     4.02
 20110818.130000    -1.80     1.41   164.59     0.31     0.00     3.48     4.01
 20110818.140000    -1.71     1.73   164.64     0.32     0.00     3.43     4.00
 20110818.150000    -1.56     1.84   165.00     0.32     0.00     3.40     3.99
 20110818.160000    -1.39     1.94   165.37     0.31     0.00     3.38     3.98
 20110818.170000    -1.22     2.02   165.69     0.31     0.00     3.35     3.97
 20110818.180000    -1.04     2.10   165.91     0.31     0.00     3.32     3.96
 20110818.190000    -0.85     2.16   166.07     0.31     0.00     3.31     3.94
 20110818.200000    -0.65     2.20   166.14     0.31     0.00     3.30     3.92
 20110818.210000    -0.59     2.11   166.06     0.31     0.00     3.31     3.91
 20110818.220000    -0.53     2.02   165.67     0.31     0.00     3.35     3.90
 20110818.230000    -0.47     1.92   164.98     0.31     0.00     3.40     3.89
 20110819.000000    -0.41     1.83   164.05     0.31     0.00     3.46     3.90
 20110819.010000    -0.35     1.73   162.95     0.31     0.00     3.53     3.91
 20110819.020000    -0.29     1.64   161.72     0.31     0.00     3.61     3.94
 20110819.030000    -0.42     1.49   160.40     0.32     0.00     3.71     4.00
 20110819.040000    -0.56     1.32   159.07     0.33     0.00     3.81     4.09
 20110819.050000    -0.70     1.12   157.73     0.34     0.00     3.92     4.22
 20110819.060000    -0.82     0.88   156.44     0.36     0.00     4.02     4.40
 20110819.070000    -0.92     0.59   155.20     0.38     0.00     4.13     4.65
 20110819.080000    -0.94     0.23   154.02     0.39     0.00     4.22     4.82
 20110819.090000    -1.06     0.75   152.92     0.41     0.00     4.31     4.90
 20110819.100000    -1.04     1.23   151.92     0.43     0.00     4.39     4.96
 20110819.110000    -0.95     1.67   151.05     0.44     0.00     4.44     5.01
 20110819.120000    -0.84     2.08   150.36     0.46     0.00     4.47     5.04
 20110819.130000    -0.72     2.46   150.06     0.48     0.00     4.44     5.05
 20110819.140000    -0.59     2.81   150.04     0.50     0.00     4.40     5.06
 20110819.150000    -0.43     2.55   150.06     0.51     0.00     4.38     5.07
 20110819.160000    -0.28     2.29   150.09     0.53     0.00     4.38     5.07
 20110819.170000    -0.13     2.01   150.13     0.54     0.00     4.41     5.08
 20110819.180000     0.03     1.73   150.14     0.55     0.00     4.47     5.10
 20110819.190000     0.19     1.43   150.12     0.57     0.00     4.54     5.12
 20110819.200000     0.34     1.11   150.15     0.58     0.00     4.61     5.14
 20110819.210000     0.13     1.19   150.21     0.59     0.00     4.68     5.17
 20110819.220000    -0.11     1.24   150.27     0.59     0.00     4.73     5.21
 20110819.230000    -0.36     1.24   150.31     0.60     0.01     4.78     5.25
 20110820.000000    -0.61     1.17   150.30     0.60     0.01     4.81     5.28
 20110820.010000    -0.85     1.07   150.26     0.60     0.01     4.83     5.31
 20110820.020000    -1.06     0.93   150.17     0.60     0.01     4.84     5.34
 20110820.030000    -1.31     0.80   150.04     0.60     0.01     4.84     5.35
 20110820.040000    -1.59     0.50   149.89     0.59     0.01     4.84     5.36
 20110820.050000    -1.79    -0.07   149.70     0.59     0.00     4.83     5.36
 20110820.060000    -1.66    -0.96   149.50     0.58     0.00     4.81     5.36
 20110820.070000    -0.83    -1.87   149.28     0.57     0.00     4.78     5.35
 20110820.080000     0.54    -2.10   149.09     0.57     0.00     4.74     5.33
 20110820.090000     0.33    -1.93   148.83     0.56     0.00     4.66     5.31
 20110820.100000     0.11    -1.74   148.63     0.57     0.00     4.54     5.29
 20110820.110000    -0.14    -1.52   148.87     0.55     0.00     4.57     5.26
 20110820.120000    -0.43    -1.23   149.03     0.54     0.00     4.58     5.22
 20110820.130000    -0.74    -0.80   149.08     0.53     0.00     4.56     5.18
 20110820.140000    -0.87    -0.09   149.09     0.52     0.00     4.54     5.13
 20110820.150000    -1.14     0.57   149.09     0.51     0.00     4.52     5.09
 20110820.160000    -1.05     1.30   149.11     0.51     0.00     4.50     5.05
 20110820.170000    -0.75     1.93   149.12     0.50     0.00     4.47     5.02
 20110820.180000    -0.36     2.43   149.31     0.49     0.00     4.41     4.98
 20110820.190000     0.06     2.85   150.01     0.49     0.00     4.30     4.96
 20110820.200000     0.47     3.22   151.15     0.50     0.00     4.19     4.94
 20110820.210000     0.56     2.89   151.97     0.50     0.00     4.11     4.92
 20110820.220000     0.66     2.56   152.27     0.50     0.00     4.07     4.91
 20110820.230000     0.76     2.22   152.21     0.50     0.00     4.05     4.91
 20110821.000000     0.85     1.86   151.87     0.50     0.00     4.06     4.91
 20110821.010000     0.93     1.47   151.15     0.49     0.00     4.11     4.91
 20110821.020000     1.00     1.04   150.42     0.48     0.00     4.16     4.91
 20110821.030000     0.95     0.89   149.73     0.47     0.00     4.20     4.91
 20110821.040000     0.90     0.75   149.09     0.47     0.00     4.22     4.91
 20110821.050000     0.85     0.60   148.50     0.46     0.00     4.23     4.91
 20110821.060000     0.79     0.45   147.96     0.45     0.00     4.23     4.90
 20110821.070000     0.72     0.29   147.49     0.44     0.00     4.22     4.88
 20110821.080000     0.63     0.12   147.11     0.44     0.00     4.21     4.85
 20110821.090000     0.74     0.32   146.82     0.43     0.00     4.18     4.82
 20110821.100000     0.81     0.51   146.64     0.42     0.00     4.15     4.79
 20110821.110000     0.86     0.69   146.57     0.41     0.00     4.12     4.74
 20110821.120000     0.90     0.88   146.60     0.40     0.00     4.08     4.68
 20110821.130000     0.94     1.05   146.75     0.39     0.00     4.04     4.63
 20110821.140000     0.97     1.22   146.98     0.38     0.00     4.00     4.58
 20110821.150000     0.97     1.59   147.36     0.37     0.00     3.96     4.53
 20110821.160000     0.96     1.95   148.17     0.37     0.00     3.90     4.48
 20110821.170000     0.95     2.29   150.25     0.37     0.00     3.77     4.44
 20110821.180000     0.93     2.62   152.16     0.37     0.00     3.66     4.40
 20110821.190000     0.90     2.96   154.52     0.37     0.00     3.54     4.37
 20110821.200000     0.88     3.28   157.37     0.37     0.00     3.39     4.33
 20110821.210000     0.81     3.08   159.43     0.38     0.00     3.30     4.27
 20110821.220000     0.75     2.89   160.62     0.38     0.00     3.24     4.22
 20110821.230000     0.68     2.69   161.39     0.37     0.00     3.20     4.18
 20110822.000000     0.62     2.49   161.82     0.37     0.00     3.17     4.14
 20110822.010000     0.56     2.30   161.79     0.36     0.00     3.15     4.10
 20110822.020000     0.49     2.10   161.50     0.35     0.00     3.14     4.06
 20110822.030000     0.49     1.92   160.91     0.34     0.00     3.17     4.02
 20110822.040000     0.49     1.74   159.95     0.33     0.00     3.21     3.99
 20110822.050000     0.48     1.55   159.00     0.32     0.00     3.25     3.95
 20110822.060000     0.48     1.37   158.12     0.31     0.00     3.27     3.92
 20110822.070000     0.48     1.18   157.31     0.30     0.00     3.29     3.88
 20110822.080000     0.47     0.99   156.55     0.29     0.00     3.31     3.85
 20110822.090000     0.46     1.22   155.84     0.29     0.00     3.32     3.83
 20110822.100000     0.44     1.45   155.22     0.28     0.00     3.33     3.80
 20110822.110000     0.43     1.67   154.71     0.27     0.00     3.33     3.78
 20110822.120000     0.41     1.89   154.41     0.27     0.00     3.32     3.76
 20110822.130000     0.40     2.10   154.48     0.27     0.00     3.29     3.73
 20110822.140000     0.38     2.32   155.31     0.26     0.00     3.20     3.71
 20110822.150000     0.18     2.15   155.36     0.26     0.00     3.17     3.68
 20110822.160000    -0.04     1.96   154.62     0.26     0.00     3.18     3.65
 20110822.170000    -0.26     1.75   154.01     0.25     0.00     3.19     3.63
 20110822.180000    -0.49     1.49   153.57     0.25     0.00     3.20     3.60
 20110822.190000    -0.72     1.17   153.27     0.24     0.00     3.20     3.56
 20110822.200000    -0.89     0.76   153.06     0.24     0.00     3.20     3.53
 20110822.210000    -0.77     1.19   152.90     0.23     0.00     3.19     3.51
 20110822.220000    -0.57     1.57   152.77     0.23     0.00     3.19     3.49
 20110822.230000    -0.32     1.88   152.71     0.23     0.00     3.18     3.47
 20110823.000000    -0.06     2.15   152.92     0.23     0.00     3.15     3.46
 20110823.010000     0.21     2.38   154.61     0.23     0.00     2.99     3.45
 20110823.020000     0.47     2.59   157.04     0.24     0.00     2.89     3.45
 20110823.030000     0.78     2.39   158.12     0.25     0.00     2.86     3.44
 20110823.040000     1.12     2.12   158.92     0.25     0.00     2.85     3.43
 20110823.050000     1.47     1.74   159.58     0.25     0.00     2.84     3.42
 20110823.060000     1.78     1.22   159.72     0.24     0.00     2.86     3.41
 20110823.070000     1.96     0.54   159.00     0.24     0.00     2.90     3.40
 20110823.080000     1.90    -0.25   158.04     0.24     0.00     2.95     3.39
 20110823.090000     2.11     0.17   157.87     0.24     0.00     2.97     3.39
 20110823.100000     2.23     0.61   159.28     0.24     0.00     2.95     3.39
 20110823.110000     2.29     1.04   162.37     0.24     0.00     2.89     3.39
 20110823.120000     2.27     1.47   164.99     0.25     0.00     2.86     3.40
 20110823.130000     2.22     1.88   168.67     0.25     0.00     2.80     3.40
 20110823.140000     2.13     2.26   173.01     0.26     0.00     2.74     3.41
 20110823.150000     2.07     2.69   177.72     0.28     0.00     2.67     3.41
 20110823.160000     1.98     3.10   182.49     0.30     0.00     2.59     3.38
 20110823.170000     1.87     3.49   186.09     0.32     0.00     2.54     2.67
 20110823.180000     1.75     3.87   189.33     0.34     0.00     2.48     2.44
 20110823.190000     1.63     4.23   191.17     0.37     0.00     2.47     2.56
 20110823.200000     1.49     4.58   191.81     0.39     0.00     2.50     2.63
 20110823.210000     1.41     4.30   191.66     0.40     0.00     2.54     2.71
 20110823.220000     1.31     4.02   191.46     0.39     0.00     2.56     2.85
 20110823.230000     1.22     3.73   191.40     0.39     0.00     2.56     2.90
 20110824.000000     1.13     3.45   191.00     0.38     0.00     2.57     2.93
 20110824.010000     1.04     3.17   189.68     0.36     0.00     2.61     2.95
 20110824.020000     0.95     2.89   188.45     0.35     0.00     2.64     2.97
 20110824.030000     1.00     2.64   187.62     0.33     0.00     2.67     2.98
 20110824.040000     1.06     2.38   186.52     0.32     0.00     2.69     2.99
 20110824.050000     1.11     2.11   185.45     0.30     0.00     2.71     2.99
 20110824.060000     1.16     1.83   184.14     0.29     0.00     2.76     2.99
 20110824.070000     1.19     1.54   182.46     0.28     0.00     2.82     2.98
 20110824.080000     1.22     1.22   180.70     0.27     0.00     2.86     2.99
 20110824.090000     1.36     1.36   179.27     0.26     0.00     2.89     3.00
 20110824.100000     1.50     1.50   178.40     0.25     0.00     2.89     3.01
 20110824.110000     1.64     1.64   178.62     0.25     0.00     2.86     3.04
 20110824.120000     1.77     1.78   180.12     0.25     0.00     2.80     3.19
 20110824.130000     1.91     1.92   182.13     0.25     0.00     2.74     3.37
 20110824.140000     2.05     2.06   185.40     0.26     0.00     2.67     3.43
 20110824.150000     1.79     2.14   187.55     0.26     0.00     2.63     3.46
 20110824.160000     1.50     2.22   188.67     0.26     0.00     2.60     3.46
 20110824.170000     1.19     2.27   189.23     0.26     0.00     2.59     3.44
 20110824.180000     0.87     2.29   189.28     0.26     0.00     2.59     3.42
 20110824.190000     0.52     2.29   188.60     0.25     0.00     2.59     3.41
 20110824.200000     0.16     2.22   186.93     0.25     0.00     2.62     3.41
 20110824.210000     0.12     1.90   185.49     0.24     0.00     2.67     3.40
 20110824.220000     0.09     1.57   184.27     0.23     0.00     2.72     3.41
 20110824.230000     0.05     1.25   183.05     0.22     0.00     2.76     3.41
 20110825.000000     0.01     0.93   181.84     0.21     0.00     2.78     3.41
 20110825.010000    -0.05     0.60   180.65     0.21     0.00     2.81     3.42
 20110825.020000    -0.08    -0.26   179.50     0.20     0.00     2.82     3.42
 20110825.030000    -0.05    -0.61   178.43     0.20     0.00     2.84     3.42
 20110825.040000    -0.02    -0.95   177.46     0.19     0.00     2.86     3.41
 20110825.050000     0.02    -1.28   176.64     0.19     0.00     2.87     3.41
 20110825.060000     0.05    -1.61   175.98     0.18     0.00     2.88     3.41
 20110825.070000     0.09    -1.94   175.52     0.18     0.00     2.89     3.40
 20110825.080000     0.13    -2.27   175.40     0.18     0.00     2.84     3.39
 20110825.090000     0.02    -2.43   177.50     0.19     0.00     2.45     3.38
 20110825.100000    -0.09    -2.59   160.38     0.23     0.00     2.19     3.38
 20110825.110000    -0.20    -2.74   145.00     0.22     0.00     2.31     3.37
 20110825.120000    -0.31    -2.90   119.17     0.22     0.00     2.31     3.36
 20110825.130000    -0.42    -3.04    81.84     0.22     0.00     2.28     3.32
 20110825.140000    -0.52    -3.18    57.72     0.23     0.00     2.25     2.96
 20110825.150000    -0.88    -3.10    50.48     0.23     0.00     2.23     2.07
 20110825.160000    -1.24    -2.97    49.17     0.23     0.00     2.22     2.16
 20110825.170000    -1.59    -2.79    49.68     0.24     0.00     2.21     2.23
 20110825.180000    -1.94    -2.56    50.88     0.24     0.00     2.20     2.32
 20110825.190000    -2.25    -2.28    52.48     0.25     0.00     2.20     2.39
 20110825.200000    -2.52    -1.97    54.55     0.25     0.00     2.22     2.45
 20110825.210000    -2.81    -2.53    55.80     0.26     0.00     2.24     2.48
 20110825.220000    -3.09    -3.07    56.26     0.30     0.00     2.26     2.41
 20110825.230000    -3.37    -3.61    56.29     0.36     0.00     2.30     2.51
 20110826.000000    -3.64    -4.15    56.44     0.42     0.00     2.44     2.67
 20110826.010000    -3.90    -4.68    57.17     0.48     0.00     2.63     2.89
 20110826.020000    -4.17    -5.21    58.24     0.55     0.00     2.84     3.13
 20110826.030000    -3.80    -5.45    59.40     0.61     0.00     3.04     3.41
 20110826.040000    -3.42    -5.66    60.27     0.66     0.00     3.22     3.63
 20110826.050000    -3.01    -5.85    60.72     0.71     0.01     3.38     3.90
 20110826.060000    -2.59    -6.02    60.72     0.75     0.01     3.52     4.19
 20110826.070000    -2.16    -6.15    60.38     0.79     0.01     3.65     4.39
 20110826.080000    -1.71    -6.26    59.70     0.83     0.01     3.75     4.58
 20110826.090000    -1.94    -6.19    59.03     0.86     0.01     3.82     4.70
 20110826.100000    -2.17    -6.10    58.54     0.88     0.01     3.89     4.81
 20110826.110000    -2.40    -6.00    58.17     0.89     0.01     3.93     4.90
 20110826.120000    -2.62    -5.90    57.93     0.90     0.01     3.96     4.96
 20110826.130000    -2.84    -5.79    57.80     0.91     0.01     3.97     5.00
 20110826.140000    -3.05    -5.66    57.78     0.91     0.01     3.98     5.02
 20110826.150000    -3.11    -5.57    57.84     0.91     0.01     3.99     5.04
 20110826.160000    -3.15    -5.47    57.91     0.91     0.01     3.99     5.05
 20110826.170000    -3.20    -5.38    57.92     0.91     0.01     3.99     5.06
 20110826.180000    -3.25    -5.28    57.82     0.90     0.01     3.98     5.06
 20110826.190000    -3.29    -5.18    57.62     0.89     0.01     3.97     5.07
 20110826.200000    -3.34    -5.08    57.32     0.89     0.01     3.96     5.08
 20110826.210000    -3.20    -5.20    56.85     0.88     0.01     3.95     5.10
 20110826.220000    -3.05    -5.30    56.32     0.88     0.01     3.94     5.13
 20110826.230000    -2.90    -5.41    55.86     0.87     0.01     3.94     5.17
 20110827.000000    -2.75    -5.52    55.54     0.88     0.01     3.95     5.22
 20110827.010000    -2.59    -5.61    55.39     0.89     0.01     3.97     5.27
 20110827.020000    -2.44    -5.70    55.39     0.89     0.01     4.00     5.30
 20110827.030000    -1.90    -5.77    55.52     0.90     0.02     4.03     5.32
 20110827.040000    -1.34    -5.80    55.62     0.91     0.02     4.06     5.34
 20110827.050000    -0.75    -5.78    55.62     0.91     0.03     4.08     5.37
 20110827.060000    -0.14    -5.70    55.50     0.90     0.04     4.10     5.38
 20110827.070000     0.47    -5.56    55.35     0.89     0.04     4.10     5.39
 20110827.080000     1.08    -5.35    55.14     0.89     0.06     4.10     5.39
 20110827.090000     0.31    -5.57    54.95     0.88     0.07     4.10     5.39
 20110827.100000    -0.51    -5.68    55.20     0.88     0.08     4.11     5.37
 20110827.110000    -1.35    -5.66    56.14     0.88     0.10     4.14     5.35
 20110827.120000    -2.18    -5.53    57.99     0.90     0.11     4.19     5.31
 20110827.130000    -2.98    -5.28    60.72     0.93     0.13     4.28     5.28
 20110827.140000    -3.73    -4.93    64.11     0.98     0.15     4.41     5.27
 20110827.150000    -3.97    -5.03    67.36     1.04     0.17     4.59     5.32
 20110827.160000    -4.20    -5.13    70.04     1.11     0.20     4.79     5.44
 20110827.170000    -4.43    -5.23    71.91     1.19     0.22     4.98     5.59
 20110827.180000    -4.66    -5.33    73.07     1.26     0.24     5.15     5.72
 20110827.190000    -4.89    -5.43    73.79     1.31     0.26     5.26     5.86
 20110827.200000    -5.12    -5.52    74.34     1.35     0.28     5.34     5.94
 20110827.210000    -4.19    -6.29    74.75     1.38     0.30     5.40     5.99
 20110827.220000    -3.06    -6.94    74.88     1.40     0.33     5.43     6.01
 20110827.230000    -1.75    -7.42    74.72     1.42     0.34     5.46     6.03
 20110828.000000    -0.30    -7.65    73.89     1.43     0.36     5.45     6.02
 20110828.010000     1.22    -7.58    72.38     1.45     0.37     5.41     6.01
 20110828.020000     2.71    -7.21    70.72     1.46     0.39     5.38     5.99
 20110828.030000     2.86    -6.99    69.37     1.46     0.39     5.36     5.97
 20110828.040000     3.01    -6.76    68.92     1.45     0.40     5.35     5.96
 20110828.050000     3.16    -6.52    69.03     1.44     0.40     5.34     5.95
 20110828.060000     3.31    -6.27    69.52     1.43     0.40     5.33     5.95
 20110828.070000     3.45    -6.02    70.10     1.42     0.39     5.30     5.94
 20110828.080000     3.59    -5.76    70.62     1.40     0.38     5.27     5.93
 20110828.090000     2.97    -5.58    71.59     1.38     0.37     5.24     5.92
 20110828.100000     2.32    -5.37    72.79     1.36     0.36     5.22     5.91
 20110828.110000     1.64    -5.13    74.00     1.33     0.34     5.19     5.91
 20110828.120000     0.93    -4.83    75.98     1.30     0.33     5.20     5.91
 20110828.130000     0.18    -4.45    78.65     1.26     0.32     5.25     5.91
 20110828.140000    -0.57    -3.95    80.56     1.24     0.31     5.33     5.92
 20110828.150000    -0.17    -4.29    81.00     1.23     0.30     5.39     5.93
 20110828.160000     0.24    -4.59    80.35     1.23     0.30     5.43     5.94
 20110828.170000     0.65    -4.86    79.28     1.24     0.31     5.48     5.96
 20110828.180000     1.05    -5.10    78.07     1.26     0.32     5.53     5.99
 20110828.190000     1.46    -5.32    76.70     1.28     0.33     5.58     6.05
 20110828.200000     1.85    -5.51    75.12     1.31     0.34     5.63     6.15
 20110828.210000     2.29    -5.44    73.58     1.33     0.35     5.67     6.27
 20110828.220000     2.71    -5.33    72.06     1.36     0.35     5.71     6.39
 20110828.230000     3.12    -5.19    70.48     1.38     0.35     5.72     6.52
 20110829.000000     3.51    -5.02    68.70     1.40     0.34     5.70     6.73
 20110829.010000     3.90    -4.83    67.24     1.42     0.33     5.67     6.98
 20110829.020000     4.26    -4.62    66.13     1.42     0.32     5.64     7.05
 20110829.030000     4.58    -4.80    64.83     1.43     0.30     5.60     7.07
 20110829.040000     4.89    -4.98    63.15     1.44     0.28     5.54     7.07
 20110829.050000     5.20    -5.17    60.92     1.45     0.26     5.47     7.05
 20110829.060000     5.51    -5.35    57.75     1.46     0.25     5.39     7.00
 20110829.070000     5.82    -5.53    52.97     1.47     0.23     5.31     6.89
 20110829.080000     6.12    -5.71    44.41     1.48     0.22     5.20     6.74
 20110829.090000     6.44    -5.58    33.12     1.49     0.21     5.13     6.73
 20110829.100000     6.74    -5.45    20.60     1.49     0.21     5.09     6.77
 20110829.110000     7.04    -5.30    42.82     1.49     0.21     5.07     5.14
 20110829.120000     7.33    -5.15   353.05     1.49     0.21     5.06     5.17
 20110829.130000     7.61    -5.00   339.86     1.49     0.21     5.05     5.20
 20110829.140000     7.89    -4.84   327.61     1.50     0.20     5.02     5.23
 20110829.150000     7.75    -4.88   318.41     1.49     0.19     4.99     5.27
 20110829.160000     7.60    -4.92   311.78     1.47     0.18     4.96     5.31
 20110829.170000     7.46    -4.96   306.47     1.45     0.16     4.91     5.34
 20110829.180000     7.32    -5.00   301.86     1.43     0.14     4.87     5.34
 20110829.190000     7.18    -5.04   297.71     1.41     0.13     4.82     6.59
 20110829.200000     7.03    -5.08   294.02     1.39     0.11     4.76     6.57
 20110829.210000     7.13    -4.88   290.41     1.36     0.10     4.70     6.27
 20110829.220000     7.22    -4.68   286.86     1.34     0.08     4.64     6.24
 20110829.230000     7.31    -4.48   283.59     1.32     0.07     4.58     6.22
 20110830.000000     7.39    -4.27   280.69     1.30     0.06     4.53     4.12
 20110830.010000     7.47    -4.06   278.21     1.28     0.06     4.47     4.10
 20110830.020000     7.55    -3.85   276.06     1.26     0.05     4.42     4.09
 20110830.030000     7.67    -3.46   273.74     1.24     0.05     4.38     4.10
 20110830.040000     7.77    -3.06   271.20     1.22     0.04     4.34     4.10
 20110830.050000     7.85    -2.65   268.55     1.21     0.04     4.30     4.10
 20110830.060000     7.91    -2.23   265.67     1.19     0.04     4.27     4.09
 20110830.070000     7.95    -1.81   262.49     1.18     0.04     4.25     4.09
 20110830.080000     7.97    -1.38   258.75     1.17     0.04     4.25     4.07
 20110830.090000     8.33    -1.98   256.57     1.18     0.04     4.25     4.01
 20110830.100000     8.66    -2.58   255.93     1.20     0.04     4.27     4.04
 20110830.110000     8.96    -3.18   256.16     1.25     0.04     4.33     4.12
 20110830.120000     9.24    -3.77   257.29     1.30     0.04     4.39     4.20
 20110830.130000     9.50    -4.35   259.21     1.37     0.05     4.47     4.31
 20110830.140000     9.74    -4.93   261.97     1.45     0.05     4.54     4.43
 20110830.150000     9.70    -4.32   262.65     1.51     0.05     4.62     4.65
 20110830.160000     9.64    -3.69   261.44     1.54     0.06     4.68     4.76
 20110830.170000     9.55    -3.06   259.66     1.55     0.06     4.72     4.83
 20110830.180000     9.43    -2.40   257.46     1.54     0.06     4.74     4.99
 20110830.190000     9.27    -1.74   255.00     1.51     0.06     4.74     5.24
 20110830.200000     9.07    -1.07   252.20     1.49     0.06     4.72     5.88
 20110830.210000     8.99    -1.18   250.01     1.46     0.06     4.69     6.25
 20110830.220000     8.91    -1.28   248.87     1.44     0.06     4.66     6.12
 20110830.230000     8.83    -1.39   248.31     1.43     0.06     4.62     6.09
 20110831.000000     8.74    -1.50   248.13     1.41     0.05     4.58     6.06
 20110831.010000     8.66    -1.61   248.20     1.40     0.05     4.54     6.02
 20110831.020000     8.57    -1.71   248.42     1.38     0.05     4.51     4.73
 20110831.030000     8.36    -1.51   248.18     1.37     0.05     4.48     4.86
 20110831.040000     8.14    -1.30   247.52     1.35     0.04     4.45     5.09
 20110831.050000     7.92    -1.09   246.39     1.32     0.04     4.43     5.95
 20110831.060000     7.70    -0.89   244.56     1.30     0.04     4.42     6.21
 20110831.070000     7.47    -0.69   241.05     1.26     0.04     4.44     6.34
 20110831.080000     7.24    -0.48   237.63     1.24     0.04     4.47     6.44
 20110831.090000     7.06    -0.25   234.85     1.21     0.04     4.49     6.52
 20110831.100000     6.88    -0.02   232.52     1.20     0.04     4.50     6.59
 20110831.110000     6.69     0.21   230.61     1.19     0.04     4.50     6.64
 20110831.120000     6.50     0.45   228.87     1.18     0.04     4.49     6.66
 20110831.130000     6.29     0.67   227.41     1.17     0.04     4.48     6.68
 20110831.140000     6.08     0.91   226.06     1.15     0.04     4.46     6.67
 20110831.150000     5.87     1.00   224.35     1.13     0.03     4.45     6.65
 20110831.160000     5.66     1.08   222.08     1.10     0.03     4.46     6.62
 20110831.170000     5.45     1.17   220.36     1.07     0.03     4.45     6.59
 20110831.180000     5.23     1.26   219.19     1.05     0.03     4.43     6.55
 20110831.190000     5.01     1.34   218.11     1.03     0.03     4.40     6.52
 20110831.200000     4.79     1.43   217.02     1.01     0.03     4.37     6.48
 20110831.210000     4.53     1.68   215.77     0.98     0.03     4.34     6.44
 20110831.220000     4.25     1.93   213.72     0.96     0.02     4.33     6.40
 20110831.230000     3.94     2.17   211.36     0.93     0.02     4.35     6.37
 20110901.000000     3.61     2.39   209.44     0.91     0.02     4.37     6.33
 20110901.010000     3.25     2.61   207.62     0.89     0.02     4.38     6.29
 20110901.020000     2.86     2.80   205.71     0.87     0.02     4.39     6.25
 20110901.030000     2.50     3.07   203.82     0.86     0.02     4.41     6.21
 20110901.040000     2.09     3.31   202.04     0.85     0.02     4.42     6.19
 20110901.050000     1.64     3.51   200.45     0.84     0.02     4.44     6.16
 20110901.060000     1.15     3.66   198.86     0.84     0.02     4.45     6.15
 20110901.070000     0.62     3.74   197.15     0.84     0.03     4.48     6.13
 20110901.080000     0.08     3.75   195.14     0.84     0.03     4.52     6.12
