  Time              windx     windy     DIR    HS      HSWEll     TMM10     TPS
 20150701.080000     6.90     4.79   209.24     1.13     0.00     4.22     4.98
 20150701.090000     6.54     4.84   209.05     1.15     0.00     4.26     5.03
 20150701.100000     6.18     4.89   208.72     1.16     0.00     4.29     5.07
 20150701.110000     5.81     4.94   208.50     1.16     0.00     4.31     5.12
 20150701.120000     5.43     4.98   208.46     1.15     0.00     4.32     5.17
 20150701.130000     5.04     5.01   208.58     1.14     0.00     4.31     5.22
 20150701.140000     4.64     5.03   208.79     1.12     0.00     4.30     5.27
 20150701.150000     4.80     5.27   209.33     1.11     0.00     4.26     5.30
 20150701.160000     4.96     5.51   209.94     1.11     0.00     4.23     5.30
 20150701.170000     5.12     5.76   210.49     1.11     0.00     4.21     5.27
 20150701.180000     5.28     6.00   210.96     1.12     0.00     4.20     5.21
 20150701.190000     5.45     6.25   211.37     1.14     0.01     4.20     5.11
 20150701.200000     5.61     6.49   211.69     1.16     0.01     4.22     5.04
 20150701.210000     5.86     6.31   212.09     1.18     0.01     4.25     5.02
 20150701.220000     6.11     6.12   212.53     1.20     0.01     4.28     5.02
 20150701.230000     6.36     5.93   212.93     1.21     0.01     4.30     5.02
 20150702.000000     6.59     5.73   213.26     1.22     0.01     4.32     5.03
 20150702.010000     6.81     5.53   213.52     1.23     0.01     4.34     5.04
 20150702.020000     7.03     5.31   213.67     1.24     0.01     4.37     5.06
 20150702.030000     6.79     5.19   213.30     1.25     0.01     4.40     5.09
 20150702.040000     6.55     5.07   212.68     1.24     0.01     4.42     5.14
 20150702.050000     6.31     4.94   212.03     1.23     0.01     4.44     5.21
 20150702.060000     6.07     4.82   211.40     1.22     0.01     4.44     5.30
 20150702.070000     5.83     4.70   210.88     1.21     0.01     4.44     5.37
 20150702.080000     5.59     4.57   210.46     1.19     0.01     4.43     5.41
 20150702.090000     5.52     4.79   210.26     1.19     0.01     4.43     5.44
 20150702.100000     5.45     5.01   210.15     1.19     0.01     4.42     5.46
 20150702.110000     5.38     5.22   210.09     1.19     0.01     4.42     5.47
 20150702.120000     5.30     5.43   210.05     1.19     0.01     4.42     5.48
 20150702.130000     5.22     5.64   210.06     1.19     0.01     4.43     5.49
 20150702.140000     5.14     5.84   210.10     1.20     0.01     4.43     5.50
 20150702.150000     5.13     5.83   210.20     1.20     0.01     4.43     5.50
 20150702.160000     5.11     5.81   210.35     1.20     0.01     4.42     5.51
 20150702.170000     5.09     5.80   210.54     1.19     0.01     4.41     5.51
 20150702.180000     5.08     5.78   210.75     1.18     0.01     4.40     5.52
 20150702.190000     5.06     5.76   210.96     1.17     0.01     4.38     5.52
 20150702.200000     5.05     5.75   211.17     1.16     0.02     4.35     5.51
 20150702.210000     5.03     5.81   211.35     1.15     0.02     4.33     5.50
 20150702.220000     5.00     5.87   211.43     1.15     0.02     4.30     5.49
 20150702.230000     4.97     5.93   211.41     1.14     0.02     4.29     5.46
 20150703.000000     4.94     5.99   211.29     1.14     0.02     4.27     5.41
 20150703.010000     4.90     6.05   211.05     1.15     0.02     4.27     5.36
 20150703.020000     4.88     6.10   210.71     1.15     0.02     4.28     5.28
 20150703.030000     4.72     5.78   210.28     1.16     0.03     4.30     5.22
 20150703.040000     4.56     5.46   209.90     1.15     0.03     4.31     5.22
 20150703.050000     4.41     5.14   209.61     1.14     0.03     4.32     5.24
 20150703.060000     4.26     4.82   209.39     1.13     0.03     4.32     5.27
 20150703.070000     4.10     4.50   209.23     1.11     0.03     4.31     5.29
 20150703.080000     3.94     4.17   209.10     1.09     0.03     4.30     5.32
 20150703.090000     3.76     4.18   209.01     1.08     0.03     4.28     5.33
 20150703.100000     3.57     4.17   208.85     1.06     0.03     4.27     5.35
 20150703.110000     3.39     4.16   208.60     1.04     0.03     4.26     5.36
 20150703.120000     3.20     4.16   208.31     1.02     0.03     4.25     5.37
 20150703.130000     3.01     4.15   208.18     1.01     0.03     4.23     5.38
 20150703.140000     2.81     4.12   207.87     1.00     0.03     4.23     5.40
 20150703.150000     2.63     4.06   207.45     0.98     0.03     4.24     5.42
 20150703.160000     2.45     3.99   207.02     0.96     0.03     4.27     5.44
 20150703.170000     2.27     3.91   206.76     0.94     0.03     4.27     5.46
 20150703.180000     2.08     3.83   206.62     0.93     0.03     4.26     5.48
 20150703.190000     1.89     3.75   206.40     0.92     0.03     4.26     5.51
 20150703.200000     1.70     3.66   205.97     0.91     0.03     4.26     5.53
 20150703.210000     1.70     3.93   205.44     0.89     0.04     4.27     5.55
 20150703.220000     1.69     4.18   204.99     0.88     0.04     4.27     5.57
 20150703.230000     1.69     4.44   204.55     0.88     0.04     4.26     5.59
 20150704.000000     1.68     4.70   204.08     0.88     0.04     4.24     5.60
 20150704.010000     1.68     4.95   203.56     0.88     0.04     4.23     5.61
 20150704.020000     1.67     5.20   202.98     0.88     0.05     4.22     5.61
 20150704.030000     1.47     4.50   202.57     0.88     0.05     4.23     5.60
 20150704.040000     1.27     3.80   202.31     0.87     0.05     4.26     5.59
 20150704.050000     1.07     3.10   202.12     0.87     0.06     4.28     5.58
 20150704.060000     0.87     2.40   201.82     0.86     0.06     4.34     5.59
 20150704.070000     0.67     1.70   201.14     0.83     0.06     4.48     5.59
 20150704.080000     0.47     0.99   200.32     0.80     0.06     4.61     5.60
 20150704.090000     0.05     1.36   199.87     0.79     0.06     4.72     5.62
 20150704.100000    -0.49     1.55   199.57     0.78     0.07     4.80     5.64
 20150704.110000    -1.06     1.58   199.37     0.77     0.07     4.86     5.66
 20150704.120000    -1.59     1.48   199.25     0.77     0.07     4.92     5.68
 20150704.130000    -2.07     1.30   199.13     0.76     0.07     4.96     5.70
 20150704.140000    -2.49     1.08   198.95     0.76     0.07     4.99     5.72
 20150704.150000    -3.89     0.37   197.72     0.76     0.08     4.97     5.75
 20150704.160000    -5.09    -0.42   193.58     0.79     0.08     4.82     5.78
 20150704.170000    -6.18    -1.24   182.31     0.86     0.09     4.52     5.81
 20150704.180000    -7.22    -2.03   160.26     0.95     0.09     4.28     5.84
 20150704.190000    -8.23    -2.83   128.50     1.08     0.10     4.16     3.57
 20150704.200000    -9.21    -3.62   100.92     1.24     0.10     4.20     4.01
 20150704.210000    -9.23    -4.11    85.71     1.38     0.10     4.35     4.45
 20150704.220000    -9.23    -4.59    78.05     1.50     0.11     4.54     4.78
 20150704.230000    -9.21    -5.08    74.09     1.60     0.11     4.71     5.09
 20150705.000000    -9.17    -5.55    71.74     1.68     0.12     4.86     5.38
 20150705.010000    -9.12    -6.01    70.15     1.75     0.12     4.96     5.52
 20150705.020000    -9.06    -6.47    69.03     1.80     0.12     5.05     5.63
 20150705.030000    -8.48    -6.21    68.86     1.80     0.13     5.09     5.74
 20150705.040000    -7.90    -5.94    69.33     1.75     0.13     5.08     5.81
 20150705.050000    -7.33    -5.68    70.14     1.68     0.13     5.03     5.85
 20150705.060000    -6.74    -5.42    71.11     1.61     0.13     4.99     5.89
 20150705.070000    -6.16    -5.15    72.30     1.54     0.13     4.94     5.94
 20150705.080000    -5.58    -4.88    73.81     1.48     0.13     4.91     5.97
 20150705.090000    -5.53    -4.28    75.43     1.42     0.13     4.87     6.01
 20150705.100000    -5.45    -3.65    77.56     1.37     0.13     4.86     6.05
 20150705.110000    -5.35    -2.99    79.40     1.32     0.12     4.86     6.10
 20150705.120000    -5.22    -2.30    81.39     1.28     0.12     4.84     6.15
 20150705.130000    -5.03    -1.59    84.44     1.24     0.12     4.87     6.18
 20150705.140000    -4.77    -0.84    88.02     1.20     0.12     4.91     6.19
 20150705.150000    -5.25    -1.27    90.26     1.18     0.12     4.92     6.20
 20150705.160000    -5.71    -1.70    91.40     1.19     0.12     4.90     6.20
 20150705.170000    -6.16    -2.13    91.29     1.20     0.12     4.90     6.17
 20150705.180000    -6.60    -2.55    89.89     1.23     0.12     4.92     6.11
 20150705.190000    -7.04    -2.97    87.58     1.30     0.13     4.97     6.06
 20150705.200000    -7.46    -3.38    84.94     1.39     0.14     5.08     6.04
 20150705.210000    -7.32    -3.71    83.05     1.50     0.16     5.25     6.14
 20150705.220000    -7.16    -4.04    81.88     1.59     0.19     5.42     6.31
 20150705.230000    -6.99    -4.36    81.03     1.66     0.22     5.56     6.46
 20150706.000000    -6.80    -4.67    80.47     1.69     0.26     5.66     6.59
 20150706.010000    -6.60    -4.98    80.22     1.71     0.29     5.73     6.69
 20150706.020000    -6.38    -5.27    80.32     1.71     0.33     5.77     6.75
 20150706.030000    -6.02    -5.02    81.07     1.69     0.35     5.82     6.82
 20150706.040000    -5.67    -4.78    82.26     1.67     0.37     5.85     6.89
 20150706.050000    -5.30    -4.54    83.66     1.65     0.39     5.88     6.94
 20150706.060000    -4.94    -4.29    85.12     1.63     0.40     5.89     6.95
 20150706.070000    -4.58    -4.05    86.64     1.61     0.41     5.90     6.96
 20150706.080000    -4.22    -3.80    88.01     1.59     0.41     5.90     6.96
 20150706.090000    -4.75    -3.50    89.02     1.57     0.40     5.87     6.94
 20150706.100000    -5.26    -3.15    89.68     1.56     0.38     5.82     6.91
 20150706.110000    -5.71    -2.76    90.09     1.55     0.37     5.77     6.84
 20150706.120000    -6.13    -2.36    90.33     1.54     0.35     5.71     6.75
 20150706.130000    -6.51    -1.92    90.52     1.53     0.33     5.66     6.67
 20150706.140000    -6.85    -1.49    90.81     1.53     0.32     5.63     6.60
 20150706.150000    -7.26    -2.11    91.04     1.53     0.33     5.60     6.51
 20150706.160000    -7.64    -2.73    91.23     1.56     0.35     5.62     6.36
 20150706.170000    -7.99    -3.34    91.48     1.62     0.41     5.71     6.17
 20150706.180000    -8.32    -3.96    91.59     1.71     0.49     5.84     5.95
 20150706.190000    -8.63    -4.55    91.14     1.85     0.57     5.98     5.88
 20150706.200000    -8.93    -5.15    90.26     2.01     0.66     6.12     5.98
 20150706.210000    -8.79    -5.24    89.96     2.15     0.72     6.27     6.11
 20150706.220000    -8.65    -5.32    90.09     2.23     0.77     6.41     6.25
 20150706.230000    -8.51    -5.41    90.09     2.27     0.79     6.49     6.43
 20150707.000000    -8.37    -5.50    89.87     2.28     0.80     6.51     6.54
 20150707.010000    -8.22    -5.58    89.49     2.27     0.79     6.49     6.58
 20150707.020000    -8.07    -5.66    89.03     2.25     0.77     6.44     6.60
 20150707.030000    -7.68    -5.88    88.68     2.22     0.74     6.38     6.61
 20150707.040000    -7.27    -6.07    88.46     2.18     0.71     6.32     6.61
 20150707.050000    -6.86    -6.27    88.35     2.15     0.69     6.26     6.61
 20150707.060000    -6.42    -6.45    88.36     2.11     0.66     6.21     6.59
 20150707.070000    -5.97    -6.62    88.53     2.08     0.65     6.18     6.58
 20150707.080000    -5.50    -6.77    88.87     2.05     0.64     6.16     6.57
 20150707.090000    -5.26    -6.56    89.51     2.02     0.63     6.14     6.56
 20150707.100000    -5.00    -6.36    90.41     2.00     0.63     6.14     6.54
 20150707.110000    -4.76    -6.16    91.41     1.97     0.63     6.14     6.53
 20150707.120000    -4.51    -5.95    92.36     1.94     0.63     6.14     6.52
 20150707.130000    -4.27    -5.75    93.31     1.92     0.61     6.14     6.52
 20150707.140000    -4.01    -5.54    93.60     1.88     0.59     6.10     6.52
 20150707.150000    -4.54    -6.12    92.58     1.86     0.55     6.01     6.53
 20150707.160000    -5.05    -6.71    90.16     1.86     0.52     5.90     6.51
 20150707.170000    -5.58    -7.29    86.62     1.88     0.48     5.81     6.49
 20150707.180000    -6.09    -7.87    82.52     1.94     0.44     5.76     6.48
 20150707.190000    -6.61    -8.46    78.49     2.01     0.40     5.76     6.50
 20150707.200000    -7.12    -9.04    74.59     2.13     0.38     5.78     6.57
 20150707.210000    -6.62    -9.16    72.21     2.22     0.37     5.85     6.69
 20150707.220000    -6.09    -9.27    71.00     2.25     0.37     5.91     6.81
 20150707.230000    -5.55    -9.36    70.17     2.24     0.38     5.92     6.92
 20150708.000000    -4.99    -9.43    69.66     2.21     0.39     5.92     6.99
 20150708.010000    -4.43    -9.48    69.46     2.17     0.41     5.90     7.02
 20150708.020000    -3.85    -9.50    69.42     2.13     0.42     5.87     7.02
 20150708.030000    -3.21   -10.11    68.77     2.11     0.42     5.83     7.00
 20150708.040000    -2.55   -10.66    67.40     2.10     0.43     5.78     6.94
 20150708.050000    -1.86   -11.17    65.18     2.12     0.43     5.74     6.89
 20150708.060000    -1.17   -11.62    62.63     2.14     0.43     5.71     6.86
 20150708.070000    -0.47   -12.03    59.65     2.16     0.42     5.69     6.87
 20150708.080000     0.24   -12.39    56.06     2.19     0.41     5.68     6.92
 20150708.090000     0.38   -11.89    53.33     2.21     0.42     5.69     7.01
 20150708.100000     0.52   -11.40    51.83     2.20     0.42     5.69     7.11
 20150708.110000     0.66   -10.91    51.25     2.17     0.42     5.70     7.23
 20150708.120000     0.80   -10.41    51.34     2.14     0.42     5.70     7.36
 20150708.130000     0.93    -9.91    52.07     2.11     0.43     5.71     7.50
 20150708.140000     1.08    -9.40    53.26     2.08     0.43     5.72     7.66
 20150708.150000     1.11    -9.96    53.38     2.08     0.44     5.72     7.73
 20150708.160000     1.15   -10.52    52.84     2.10     0.45     5.74     7.77
 20150708.170000     1.18   -11.08    52.29     2.14     0.46     5.78     7.78
 20150708.180000     1.22   -11.64    51.78     2.21     0.47     5.84     7.79
 20150708.190000     1.26   -12.20    51.18     2.28     0.49     5.93     7.81
 20150708.200000     1.30   -12.76    50.33     2.37     0.52     6.01     7.84
 20150708.210000    -0.25   -14.01    48.14     2.52     0.56     6.03     7.85
 20150708.220000    -1.84   -15.08    48.10     2.77     0.60     6.16     7.80
 20150708.230000    -3.42   -16.01    49.81     3.08     0.70     6.37     7.83
 20150709.000000    -4.99   -16.82    52.08     3.43     0.83     6.61     7.94
 20150709.010000    -6.54   -17.55    54.30     3.77     0.97     6.82     8.09
 20150709.020000    -8.06   -18.20    56.50     4.06     1.11     7.01     8.21
 20150709.030000   -10.85   -16.35    59.98     4.26     1.20     7.15     8.31
 20150709.040000   -13.71   -13.65    64.81     4.36     1.23     7.21     8.33
 20150709.050000   -16.32    -9.87    71.01     4.40     1.20     7.21     8.28
 20150709.060000   -18.15    -4.90    78.67     4.37     1.13     7.18     8.17
 20150709.070000   -18.49     0.98    87.25     4.28     1.02     7.08     8.07
 20150709.080000   -16.80     7.02    96.84     4.09     0.86     6.90     7.94
 20150709.090000   -15.94     6.32   103.98     3.85     0.68     6.66     7.74
 20150709.100000   -15.06     5.62   109.00     3.58     0.50     6.40     7.41
 20150709.110000   -14.18     4.91   113.18     3.28     0.35     6.15     7.20
 20150709.120000   -13.29     4.19   117.04     2.99     0.23     5.91     6.94
 20150709.130000   -12.38     3.48   120.21     2.71     0.17     5.70     6.66
 20150709.140000   -11.45     2.75   123.19     2.45     0.12     5.51     6.50
 20150709.150000   -11.83     1.57   123.41     2.29     0.10     5.35     6.30
 20150709.160000   -12.07     0.34   119.87     2.20     0.08     5.22     6.07
 20150709.170000   -12.19    -0.92   113.64     2.15     0.07     5.12     5.86
 20150709.180000   -12.17    -2.19   105.87     2.11     0.06     5.04     5.65
 20150709.190000   -12.03    -3.46    97.50     2.09     0.06     5.00     5.57
 20150709.200000   -11.77    -4.69    89.56     2.08     0.05     4.99     5.55
 20150709.210000   -10.87    -4.76    84.57     2.04     0.05     4.99     5.56
 20150709.220000    -9.96    -4.83    81.85     1.96     0.05     4.94     5.59
 20150709.230000    -9.04    -4.88    80.00     1.85     0.05     4.89     5.60
 20150710.000000    -8.09    -4.94    78.87     1.73     0.05     4.83     5.59
 20150710.010000    -7.12    -4.97    78.61     1.63     0.06     4.78     5.61
 20150710.020000    -6.11    -4.98    78.78     1.54     0.06     4.77     5.69
 20150710.030000    -5.25    -5.12    78.84     1.46     0.07     4.80     5.83
 20150710.040000    -4.32    -5.24    78.64     1.40     0.08     4.86     6.02
 20150710.050000    -3.29    -5.30    78.07     1.36     0.09     4.91     6.22
 20150710.060000    -2.16    -5.26    77.80     1.32     0.09     4.98     6.38
 20150710.070000    -0.91    -5.06    77.90     1.28     0.10     5.04     6.48
 20150710.080000     0.42    -4.57    78.16     1.24     0.10     5.10     6.58
 20150710.090000     0.92    -4.25    78.74     1.20     0.10     5.15     6.67
 20150710.100000     1.45    -3.83    79.59     1.17     0.10     5.19     6.76
 20150710.110000     2.00    -3.29    80.69     1.14     0.10     5.21     6.85
 20150710.120000     2.53    -2.58    82.52     1.11     0.10     5.22     6.94
 20150710.130000     2.93    -1.65    85.09     1.08     0.10     5.27     6.98
 20150710.140000     3.08    -0.53    88.05     1.05     0.09     5.33     7.00
 20150710.150000     3.97     0.18    91.35     1.03     0.09     5.36     7.01
 20150710.160000     4.75     0.90    95.70     1.02     0.09     5.32     7.01
 20150710.170000     5.44     1.62   104.40     1.03     0.09     5.19     7.01
 20150710.180000     6.10     2.33   124.63     1.06     0.09     4.99     6.99
 20150710.190000     6.73     3.04   160.49     1.10     0.09     4.79     6.98
 20150710.200000     7.33     3.73   188.12     1.16     0.09     4.62     6.96
 20150710.210000     7.55     3.50   199.36     1.21     0.10     4.57     6.35
 20150710.220000     7.75     3.25   204.52     1.24     0.11     4.58     4.32
 20150710.230000     7.94     3.00   207.98     1.25     0.13     4.59     4.61
 20150711.000000     8.13     2.74   210.59     1.26     0.14     4.61     4.72
 20150711.010000     8.30     2.48   212.64     1.27     0.16     4.63     4.83
 20150711.020000     8.47     2.22   214.22     1.28     0.17     4.65     4.93
 20150711.030000     8.43     1.94   215.13     1.29     0.19     4.69     5.02
 20150711.040000     8.39     1.64   215.61     1.30     0.21     4.74     5.10
 20150711.050000     8.34     1.36   215.83     1.31     0.23     4.79     5.17
 20150711.060000     8.28     1.06   215.85     1.32     0.24     4.84     5.24
 20150711.070000     8.21     0.77   215.77     1.33     0.26     4.89     5.32
 20150711.080000     8.13     0.47   215.65     1.33     0.27     4.94     5.38
 20150711.090000     7.95     0.83   215.12     1.34     0.28     4.99     5.43
 20150711.100000     7.74     1.19   214.21     1.35     0.29     5.05     5.48
 20150711.110000     7.53     1.56   213.04     1.36     0.30     5.10     5.54
 20150711.120000     7.28     1.92   211.69     1.37     0.31     5.16     5.59
 20150711.130000     7.02     2.27   210.25     1.38     0.31     5.22     5.65
 20150711.140000     6.73     2.62   208.76     1.39     0.32     5.28     5.72
 20150711.150000     6.74     2.67   207.54     1.40     0.33     5.33     5.80
 20150711.160000     6.76     2.71   206.51     1.42     0.34     5.37     5.88
 20150711.170000     6.77     2.75   205.58     1.43     0.34     5.42     5.93
 20150711.180000     6.79     2.80   204.71     1.45     0.35     5.46     5.99
 20150711.190000     6.80     2.84   203.91     1.47     0.36     5.50     6.04
 20150711.200000     6.81     2.89   203.19     1.49     0.37     5.54     6.09
 20150711.210000     6.62     2.83   202.38     1.50     0.37     5.58     6.14
 20150711.220000     6.43     2.77   201.57     1.52     0.38     5.63     6.21
 20150711.230000     6.24     2.71   200.79     1.52     0.39     5.67     6.27
 20150712.000000     6.05     2.65   200.04     1.53     0.39     5.70     6.34
 20150712.010000     5.87     2.60   199.32     1.53     0.40     5.73     6.41
 20150712.020000     5.68     2.53   198.60     1.53     0.40     5.76     6.46
 20150712.030000     5.45     2.35   197.85     1.53     0.41     5.79     6.50
 20150712.040000     5.23     2.17   197.12     1.53     0.41     5.82     6.54
 20150712.050000     5.00     1.98   196.31     1.53     0.41     5.85     6.58
 20150712.060000     4.78     1.80   195.49     1.52     0.41     5.88     6.62
 20150712.070000     4.55     1.62   194.65     1.51     0.41     5.92     6.66
 20150712.080000     4.32     1.43   193.54     1.49     0.41     5.97     6.69
 20150712.090000     4.18     1.84   192.18     1.46     0.40     6.04     6.73
 20150712.100000     3.98     2.25   191.32     1.45     0.40     6.07     6.77
 20150712.110000     3.75     2.64   190.66     1.44     0.40     6.07     7.01
 20150712.120000     3.47     3.02   190.12     1.43     0.39     6.07     8.34
 20150712.130000     3.16     3.36   189.64     1.42     0.39     6.07     8.71
 20150712.140000     2.81     3.68   189.19     1.41     0.38     6.06     8.72
 20150712.150000     2.99     3.78   188.80     1.41     0.38     6.05     8.72
 20150712.160000     3.18     3.89   188.47     1.40     0.37     6.03     8.71
 20150712.170000     3.37     3.99   188.19     1.40     0.37     6.01     8.69
 20150712.180000     3.55     4.09   187.98     1.39     0.36     5.99     8.68
 20150712.190000     3.74     4.19   187.83     1.39     0.36     5.97     8.66
 20150712.200000     3.92     4.28   187.75     1.39     0.35     5.94     8.64
 20150712.210000     3.82     4.12   187.58     1.39     0.35     5.93     8.62
 20150712.220000     3.72     3.95   187.36     1.38     0.35     5.92     8.61
 20150712.230000     3.63     3.78   187.14     1.38     0.35     5.92     8.60
 20150713.000000     3.53     3.61   186.91     1.37     0.35     5.92     8.59
 20150713.010000     3.43     3.44   186.70     1.37     0.34     5.92     8.57
 20150713.020000     3.33     3.27   186.52     1.37     0.34     5.92     8.56
 20150713.030000     3.12     2.90   186.31     1.36     0.34     5.92     8.55
 20150713.040000     2.90     2.51   186.08     1.36     0.33     5.93     8.55
 20150713.050000     2.67     2.12   185.76     1.35     0.33     5.94     8.53
 20150713.060000     2.44     1.73   185.18     1.34     0.33     5.99     8.52
 20150713.070000     2.21     1.33   184.47     1.32     0.32     6.06     8.51
 20150713.080000     1.96     0.93   183.98     1.31     0.32     6.12     8.49
 20150713.090000     2.11     1.47   183.62     1.29     0.31     6.19     8.47
 20150713.100000     2.21     1.99   183.48     1.27     0.31     6.22     8.44
 20150713.110000     2.29     2.48   183.47     1.26     0.30     6.22     8.42
 20150713.120000     2.34     2.97   183.57     1.26     0.30     6.21     8.37
 20150713.130000     2.39     3.44   183.77     1.25     0.29     6.17     8.32
 20150713.140000     2.42     3.90   184.09     1.25     0.28     6.12     8.27
 20150713.150000     2.61     3.98   184.45     1.24     0.27     6.06     8.23
 20150713.160000     2.80     4.05   184.83     1.24     0.26     6.01     8.19
 20150713.170000     2.99     4.12   185.22     1.24     0.25     5.96     8.15
 20150713.180000     3.17     4.20   185.64     1.23     0.24     5.90     8.11
 20150713.190000     3.35     4.26   186.09     1.23     0.23     5.84     8.06
 20150713.200000     3.53     4.33   186.64     1.22     0.22     5.77     8.02
 20150713.210000     3.58     3.91   187.18     1.22     0.21     5.71     7.97
 20150713.220000     3.62     3.47   187.47     1.21     0.20     5.68     7.93
 20150713.230000     3.65     3.01   187.64     1.19     0.19     5.65     7.89
 20150714.000000     3.65     2.54   187.74     1.18     0.18     5.63     7.85
 20150714.010000     3.62     2.04   187.75     1.16     0.17     5.61     7.82
 20150714.020000     3.57     1.51   187.75     1.14     0.16     5.60     7.79
 20150714.030000     3.22     1.31   187.70     1.13     0.16     5.58     7.76
 20150714.040000     2.86     1.11   187.60     1.11     0.15     5.56     7.74
 20150714.050000     2.51     0.90   187.23     1.09     0.14     5.57     7.72
 20150714.060000     2.16     0.70   187.02     1.08     0.14     5.57     7.70
 20150714.070000     1.80     0.49   186.86     1.06     0.13     5.56     7.68
 20150714.080000     1.44     0.28   186.78     1.05     0.12     5.55     7.65
 20150714.090000     1.46     0.83   186.80     1.03     0.12     5.54     7.57
 20150714.100000     1.26     1.42   186.83     1.02     0.12     5.53     7.49
 20150714.110000     0.87     1.92   186.88     1.01     0.11     5.52     7.42
 20150714.120000     0.34     2.31   186.94     0.99     0.11     5.51     7.36
 20150714.130000    -0.23     2.54   186.99     0.98     0.11     5.50     7.32
 20150714.140000    -0.81     2.65   187.04     0.97     0.10     5.48     7.28
 20150714.150000    -0.50     2.83   187.08     0.97     0.10     5.47     7.25
 20150714.160000    -0.16     2.97   187.11     0.96     0.10     5.46     7.22
 20150714.170000     0.19     3.07   187.15     0.95     0.10     5.44     7.20
 20150714.180000     0.54     3.13   187.22     0.95     0.10     5.43     7.18
 20150714.190000     0.89     3.16   187.32     0.95     0.10     5.42     7.16
 20150714.200000     1.23     3.15   187.44     0.95     0.10     5.42     7.14
 20150714.210000     1.34     2.97   187.58     0.94     0.10     5.42     7.12
 20150714.220000     1.45     2.80   187.71     0.94     0.10     5.42     7.11
 20150714.230000     1.56     2.61   187.85     0.95     0.10     5.42     7.10
 20150715.000000     1.66     2.41   187.99     0.95     0.10     5.43     7.10
 20150715.010000     1.75     2.20   188.12     0.95     0.10     5.44     7.10
 20150715.020000     1.83     1.98   188.25     0.95     0.10     5.45     7.10
 20150715.030000     1.77     1.71   188.34     0.96     0.10     5.46     7.12
 20150715.040000     1.70     1.42   188.40     0.97     0.10     5.48     7.13
 20150715.050000     1.67     1.08   188.45     0.97     0.10     5.51     7.16
 20150715.060000     1.65     0.58   188.47     0.98     0.10     5.53     7.19
 20150715.070000     1.48    -0.33   188.49     0.98     0.10     5.55     7.22
 20150715.080000    -0.24    -1.26   188.49     0.99     0.10     5.57     7.25
 20150715.090000    -0.90    -1.37   188.50     0.99     0.10     5.58     7.27
 20150715.100000    -1.69    -1.06   188.50     0.99     0.10     5.59     7.28
 20150715.110000    -2.34    -0.29   188.51     0.99     0.10     5.60     7.28
 20150715.120000    -2.62     0.75   188.51     0.99     0.10     5.59     7.28
 20150715.130000    -2.49     1.81   188.46     0.99     0.09     5.58     7.26
 20150715.140000    -2.10     2.72   188.39     0.99     0.09     5.56     7.25
 20150715.150000    -1.75     2.64   188.39     0.99     0.09     5.55     7.23
 20150715.160000    -1.39     2.54   188.45     0.99     0.09     5.54     7.21
 20150715.170000    -1.01     2.43   188.52     0.99     0.09     5.54     7.19
 20150715.180000    -0.60     2.28   188.55     0.99     0.09     5.56     7.18
 20150715.190000    -0.17     2.08   188.55     0.99     0.09     5.59     7.18
 20150715.200000     0.27     1.80   188.51     1.00     0.10     5.64     7.20
 20150715.210000     0.43     1.72   188.43     1.02     0.11     5.71     7.23
 20150715.220000     0.63     1.59   188.36     1.03     0.13     5.80     7.28
 20150715.230000     0.91     1.38   188.31     1.05     0.14     5.90     7.35
 20150716.000000     1.29     0.95   188.32     1.07     0.16     6.00     7.43
 20150716.010000     1.54    -0.04   188.42     1.10     0.18     6.10     7.53
 20150716.020000     0.66    -1.32   188.63     1.12     0.20     6.20     7.62
 20150716.030000     0.44    -1.55   188.95     1.14     0.22     6.29     7.72
 20150716.040000     0.20    -1.73   189.38     1.16     0.24     6.37     7.80
 20150716.050000    -0.06    -1.88   189.90     1.18     0.25     6.44     7.86
 20150716.060000    -0.33    -1.99   190.46     1.19     0.27     6.50     7.90
 20150716.070000    -0.59    -2.06   191.03     1.21     0.28     6.55     7.93
 20150716.080000    -0.86    -2.11   191.58     1.22     0.29     6.59     7.95
 20150716.090000    -1.33    -1.93   192.07     1.23     0.29     6.62     7.97
 20150716.100000    -1.82    -1.59   192.49     1.24     0.30     6.63     7.99
 20150716.110000    -2.27    -1.04   192.80     1.25     0.30     6.64     8.00
 20150716.120000    -2.55    -0.30   193.02     1.25     0.30     6.65     8.01
 20150716.130000    -2.58     0.56   193.15     1.25     0.30     6.65     8.01
 20150716.140000    -2.33     1.38   193.20     1.26     0.29     6.64     8.02
 20150716.150000    -2.04     1.81   193.18     1.26     0.29     6.64     8.02
 20150716.160000    -1.63     2.22   193.12     1.25     0.29     6.63     8.02
 20150716.170000    -1.06     2.56   193.05     1.25     0.28     6.61     8.02
 20150716.180000    -0.36     2.77   192.98     1.24     0.28     6.59     8.01
 20150716.190000     0.43     2.78   192.93     1.23     0.27     6.56     7.99
 20150716.200000     1.20     2.57   192.91     1.22     0.26     6.52     7.97
 20150716.210000     0.99     2.38   192.92     1.21     0.25     6.47     7.95
 20150716.220000     0.79     2.19   192.95     1.19     0.24     6.42     7.92
 20150716.230000     0.58     1.99   193.02     1.18     0.23     6.36     7.89
 20150717.000000     0.36     1.78   193.11     1.16     0.21     6.30     7.86
 20150717.010000     0.14     1.56   193.20     1.14     0.20     6.23     7.82
 20150717.020000    -0.09     1.30   193.30     1.12     0.19     6.17     7.79
 20150717.030000    -0.87     1.46   193.39     1.11     0.18     6.10     7.74
 20150717.040000    -1.68     1.25   193.47     1.09     0.17     6.03     7.69
 20150717.050000    -2.38     0.79   193.54     1.08     0.16     5.97     7.64
 20150717.060000    -2.90     0.20   193.54     1.06     0.15     5.90     7.54
 20150717.070000    -3.28    -0.43   193.39     1.05     0.14     5.83     7.47
 20150717.080000    -3.56    -1.05   193.09     1.04     0.14     5.77     7.40
 20150717.090000    -3.86    -0.62   192.65     1.04     0.14     5.71     7.35
 20150717.100000    -4.10    -0.16   192.11     1.04     0.14     5.67     7.31
 20150717.110000    -4.29     0.32   191.48     1.03     0.15     5.64     7.28
 20150717.120000    -4.43     0.79   190.73     1.04     0.15     5.62     7.26
 20150717.130000    -4.52     1.27   189.88     1.04     0.16     5.62     7.26
 20150717.140000    -4.57     1.73   189.04     1.05     0.17     5.62     7.26
 20150717.150000    -4.24     1.67   188.64     1.06     0.17     5.65     7.28
 20150717.160000    -3.90     1.62   188.60     1.07     0.18     5.70     7.32
 20150717.170000    -3.57     1.55   188.66     1.07     0.18     5.75     7.36
 20150717.180000    -3.22     1.50   188.78     1.08     0.19     5.80     7.40
 20150717.190000    -2.89     1.43   188.91     1.08     0.19     5.83     7.43
 20150717.200000    -2.54     1.37   189.07     1.08     0.18     5.87     7.46
 20150717.210000    -3.13     0.90   189.14     1.08     0.18     5.88     7.48
 20150717.220000    -3.60     0.35   189.03     1.08     0.18     5.87     7.48
 20150717.230000    -3.97    -0.23   188.73     1.08     0.17     5.85     7.47
 20150718.000000    -4.27    -0.82   188.19     1.08     0.17     5.80     7.45
 20150718.010000    -4.49    -1.41   187.29     1.08     0.16     5.74     7.42
 20150718.020000    -4.67    -1.98   186.03     1.09     0.16     5.66     7.40
 20150718.030000    -4.78    -2.30   184.36     1.10     0.16     5.58     7.37
 20150718.040000    -4.87    -2.62   182.50     1.11     0.17     5.51     7.35
 20150718.050000    -4.97    -2.94   180.58     1.12     0.17     5.47     7.33
 20150718.060000    -5.04    -3.25   178.45     1.13     0.18     5.43     7.32
 20150718.070000    -5.12    -3.55   175.96     1.14     0.19     5.39     7.31
 20150718.080000    -5.19    -3.85   172.95     1.16     0.20     5.37     7.32
 20150718.090000    -5.45    -3.56   169.72     1.18     0.22     5.34     7.33
 20150718.100000    -5.70    -3.26   166.98     1.19     0.22     5.34     7.36
 20150718.110000    -5.93    -2.94   164.96     1.20     0.23     5.34     7.40
 20150718.120000    -6.14    -2.61   163.39     1.21     0.23     5.35     7.45
 20150718.130000    -6.33    -2.27   162.06     1.22     0.24     5.35     7.52
 20150718.140000    -6.49    -1.92   160.83     1.22     0.24     5.35     7.58
 20150718.150000    -6.40    -1.74   160.23     1.22     0.24     5.35     7.64
 20150718.160000    -6.30    -1.55   160.21     1.21     0.24     5.36     7.67
 20150718.170000    -6.20    -1.36   160.47     1.21     0.25     5.39     7.69
 20150718.180000    -6.10    -1.18   160.90     1.20     0.27     5.43     7.69
 20150718.190000    -6.00    -0.99   161.47     1.21     0.29     5.49     7.69
 20150718.200000    -5.88    -0.80   162.20     1.21     0.31     5.56     7.69
 20150718.210000    -5.77    -1.01   162.92     1.22     0.34     5.64     7.70
 20150718.220000    -5.64    -1.21   163.68     1.24     0.36     5.73     7.73
 20150718.230000    -5.51    -1.41   164.55     1.25     0.39     5.83     7.79
 20150719.000000    -5.37    -1.61   165.50     1.27     0.41     5.94     8.11
 20150719.010000    -5.22    -1.82   166.50     1.30     0.43     6.04     9.76
 20150719.020000    -5.06    -2.01   167.47     1.32     0.45     6.14     9.76
 20150719.030000    -5.18    -3.23   167.52     1.34     0.47     6.21     9.56
 20150719.040000    -5.15    -4.40   165.94     1.39     0.49     6.21     9.41
 20150719.050000    -5.00    -5.51   162.09     1.44     0.50     6.14     9.29
 20150719.060000    -4.76    -6.56   155.26     1.52     0.51     6.01     9.19
 20150719.070000    -4.48    -7.54   144.77     1.61     0.51     5.89     9.12
 20150719.080000    -4.16    -8.48   131.14     1.71     0.52     5.77     9.06
 20150719.090000    -4.90    -8.29   118.88     1.81     0.51     5.73     8.18
 20150719.100000    -5.62    -8.04   110.70     1.88     0.51     5.74     5.16
 20150719.110000    -6.33    -7.74   105.59     1.93     0.51     5.77     5.43
 20150719.120000    -6.99    -7.41   102.56     1.98     0.52     5.82     5.55
 20150719.130000    -7.63    -7.03   101.11     2.03     0.54     5.88     5.58
 20150719.140000    -8.23    -6.62   100.97     2.06     0.57     5.94     5.61
 20150719.150000    -7.46    -6.31   104.19     2.07     0.62     6.05     6.00
 20150719.160000    -6.69    -5.99   110.46     2.06     0.66     6.18     9.07
 20150719.170000    -5.91    -5.67   118.71     2.04     0.71     6.35     9.21
 20150719.180000    -5.12    -5.35   127.94     2.04     0.75     6.53     9.32
 20150719.190000    -4.31    -5.02   137.12     2.03     0.81     6.73     9.41
 20150719.200000    -3.50    -4.66   145.62     2.03     0.86     6.95     9.48
 20150719.210000    -4.12    -4.44   151.73     2.04     0.91     7.15     9.54
 20150719.220000    -4.94    -3.89   155.59     2.06     0.95     7.29     9.59
 20150719.230000    -5.93    -2.67   158.03     2.08     0.99     7.38     9.63
 20150720.000000    -6.70    -0.04   159.48     2.12     1.02     7.42     9.65
 20150720.010000    -5.16     4.63   161.02     2.17     1.03     7.40     9.65
 20150720.020000     1.61     7.05   164.17     2.26     1.04     7.34     9.63
 20150720.030000     2.26     8.19   167.62     2.40     1.06     7.28     9.59
 20150720.040000     2.90     9.32   170.64     2.61     1.11     7.28     9.51
 20150720.050000     3.54    10.45   173.82     2.85     1.21     7.34     9.43
 20150720.060000     4.18    11.56   177.17     3.13     1.34     7.42     9.41
 20150720.070000     4.82    12.68   180.41     3.42     1.49     7.55     9.44
 20150720.080000     5.46    13.80   183.49     3.73     1.67     7.68     9.50
 20150720.090000     5.40    14.10   185.89     3.96     1.83     7.83     9.57
 20150720.100000     5.33    14.40   187.84     4.11     1.96     7.94     9.66
 20150720.110000     5.25    14.70   189.49     4.22     2.06     8.02     9.74
 20150720.120000     5.18    15.01   190.84     4.30     2.13     8.07     9.79
 20150720.130000     5.11    15.30   191.91     4.37     2.18     8.11     9.82
 20150720.140000     5.04    15.60   192.76     4.43     2.21     8.14     9.81
 20150720.150000     4.89    15.29   193.45     4.45     2.23     8.16     9.80
 20150720.160000     4.74    14.98   193.99     4.41     2.21     8.14     9.79
 20150720.170000     4.59    14.66   194.46     4.36     2.16     8.11     9.77
 20150720.180000     4.44    14.35   194.87     4.29     2.09     8.05     9.74
 20150720.190000     4.29    14.03   195.24     4.20     2.01     7.98     9.70
 20150720.200000     4.15    13.72   195.57     4.11     1.92     7.89     9.66
 20150720.210000     3.81    13.85   195.77     4.04     1.83     7.80     9.60
 20150720.220000     3.47    13.97   195.85     3.98     1.74     7.72     9.54
 20150720.230000     3.13    14.07   195.84     3.93     1.66     7.64     9.47
 20150721.000000     2.78    14.18   195.74     3.88     1.57     7.55     9.40
 20150721.010000     2.44    14.27   195.59     3.82     1.47     7.46     9.32
 20150721.020000     2.09    14.36   195.37     3.77     1.38     7.37     9.21
 20150721.030000     2.73    14.21   195.51     3.71     1.28     7.28     8.97
 20150721.040000     3.38    14.04   196.00     3.66     1.20     7.20     8.78
 20150721.050000     4.02    13.83   196.74     3.62     1.13     7.14     8.65
 20150721.060000     4.65    13.60   197.70     3.59     1.08     7.09     8.55
 20150721.070000     5.28    13.34   198.82     3.56     1.05     7.06     8.48
 20150721.080000     5.89    13.04   200.08     3.55     1.05     7.05     8.44
 20150721.090000     5.92    13.10   201.19     3.56     1.06     7.06     8.42
 20150721.100000     5.94    13.14   202.15     3.57     1.08     7.08     8.42
 20150721.110000     5.97    13.19   203.00     3.58     1.10     7.09     8.42
 20150721.120000     6.00    13.24   203.75     3.59     1.12     7.10     8.42
 20150721.130000     6.03    13.29   204.39     3.59     1.13     7.10     8.40
 20150721.140000     6.06    13.34   204.91     3.58     1.12     7.09     8.36
 20150721.150000     6.39    12.96   205.47     3.55     1.10     7.05     8.31
 20150721.160000     6.72    12.56   205.99     3.49     1.05     6.99     8.24
 20150721.170000     7.04    12.16   206.39     3.42     0.97     6.89     8.15
 20150721.180000     7.36    11.73   206.68     3.33     0.89     6.78     8.05
 20150721.190000     7.66    11.29   206.89     3.23     0.79     6.65     7.92
 20150721.200000     7.96    10.84   207.02     3.12     0.70     6.51     7.77
 20150721.210000     8.28    10.86   207.17     3.04     0.61     6.37     7.58
 20150721.220000     8.60    10.87   207.40     2.99     0.53     6.26     7.40
 20150721.230000     8.93    10.87   207.73     2.95     0.46     6.17     7.27
 20150722.000000     9.24    10.88   208.15     2.92     0.40     6.10     7.16
 20150722.010000     9.56    10.88   208.61     2.91     0.35     6.04     7.07
 20150722.020000     9.87    10.88   209.14     2.90     0.31     6.00     7.00
 20150722.030000     9.45    10.32   209.23     2.84     0.28     5.94     6.95
 20150722.040000     9.04     9.76   208.99     2.74     0.24     5.84     6.90
 20150722.050000     8.62     9.20   209.12     2.60     0.21     5.76     6.84
 20150722.060000     8.20     8.64   209.36     2.45     0.18     5.66     6.79
 20150722.070000     7.78     8.08   209.21     2.33     0.16     5.54     6.75
 20150722.080000     7.36     7.52   208.91     2.19     0.14     5.45     6.74
 20150722.090000     7.25     7.55   208.95     2.09     0.13     5.37     6.75
 20150722.100000     7.15     7.57   208.98     2.02     0.12     5.29     6.72
 20150722.110000     7.04     7.59   209.16     1.98     0.10     5.22     6.64
 20150722.120000     6.93     7.62   209.41     1.95     0.09     5.15     6.51
 20150722.130000     6.82     7.64   209.68     1.92     0.08     5.10     6.38
 20150722.140000     6.71     7.66   209.99     1.90     0.07     5.05     6.27
 20150722.150000     6.78     7.13   210.40     1.86     0.06     5.00     6.20
 20150722.160000     6.84     6.58   210.96     1.81     0.05     4.95     6.17
 20150722.170000     6.89     6.01   211.41     1.73     0.05     4.90     6.16
 20150722.180000     6.92     5.43   211.93     1.65     0.04     4.84     6.15
 20150722.190000     6.93     4.84   212.57     1.57     0.03     4.76     6.13
 20150722.200000     6.92     4.22   213.49     1.49     0.03     4.68     6.09
 20150722.210000     6.48     4.85   214.01     1.43     0.02     4.58     6.05
 20150722.220000     5.95     5.46   214.19     1.39     0.02     4.49     5.99
 20150722.230000     5.36     6.02   213.86     1.35     0.02     4.41     5.93
 20150723.000000     4.70     6.53   212.45     1.31     0.02     4.36     5.86
 20150723.010000     3.99     6.97   210.72     1.29     0.02     4.33     5.79
 20150723.020000     3.22     7.33   208.85     1.26     0.01     4.30     5.60
 20150723.030000     3.39     7.23   207.67     1.25     0.01     4.27     5.36
 20150723.040000     3.56     7.11   206.96     1.24     0.01     4.24     5.20
 20150723.050000     3.72     6.98   206.50     1.23     0.01     4.21     5.13
 20150723.060000     3.88     6.86   206.21     1.22     0.01     4.19     5.09
 20150723.070000     4.04     6.73   206.07     1.21     0.01     4.16     5.07
 20150723.080000     4.20     6.59   206.02     1.20     0.01     4.14     5.05
 20150723.090000     4.13     6.59   205.91     1.19     0.01     4.11     5.04
 20150723.100000     4.07     6.60   205.77     1.18     0.01     4.09     5.03
 20150723.110000     4.01     6.60   205.61     1.17     0.01     4.07     5.02
 20150723.120000     3.94     6.60   205.42     1.17     0.01     4.06     5.02
 20150723.130000     3.88     6.60   205.23     1.16     0.01     4.05     5.03
 20150723.140000     3.81     6.61   205.02     1.16     0.01     4.05     5.04
 20150723.150000     3.94     6.65   204.90     1.17     0.01     4.07     5.06
 20150723.160000     4.07     6.70   204.85     1.18     0.01     4.09     5.09
 20150723.170000     4.20     6.75   204.90     1.19     0.01     4.12     5.14
 20150723.180000     4.32     6.80   205.06     1.21     0.01     4.15     5.19
 20150723.190000     4.45     6.84   205.33     1.22     0.01     4.18     5.25
 20150723.200000     4.58     6.88   205.69     1.23     0.01     4.21     5.27
 20150723.210000     4.36     6.80   205.92     1.24     0.01     4.23     5.30
 20150723.220000     4.14     6.71   206.10     1.23     0.01     4.23     5.34
 20150723.230000     3.91     6.63   206.25     1.23     0.01     4.23     5.36
 20150724.000000     3.68     6.53   206.36     1.22     0.01     4.23     5.38
 20150724.010000     3.45     6.44   206.43     1.21     0.01     4.22     5.39
 20150724.020000     3.22     6.35   206.43     1.20     0.01     4.21     5.39
 20150724.030000     3.10     6.43   206.31     1.19     0.01     4.21     5.39
 20150724.040000     2.98     6.50   206.11     1.19     0.01     4.20     5.38
 20150724.050000     2.86     6.58   205.91     1.19     0.01     4.20     5.36
 20150724.060000     2.73     6.65   205.70     1.19     0.01     4.20     5.34
 20150724.070000     2.61     6.72   205.53     1.19     0.01     4.20     5.33
 20150724.080000     2.48     6.79   205.38     1.19     0.01     4.20     5.32
 20150724.090000     2.47     6.92   205.28     1.20     0.01     4.21     5.31
 20150724.100000     2.46     7.05   205.22     1.20     0.01     4.22     5.31
 20150724.110000     2.45     7.17   205.18     1.21     0.01     4.23     5.32
 20150724.120000     2.44     7.30   205.17     1.22     0.01     4.24     5.34
 20150724.130000     2.43     7.43   205.15     1.23     0.01     4.26     5.35
 20150724.140000     2.42     7.56   205.13     1.23     0.01     4.27     5.36
 20150724.150000     2.73     7.30   205.32     1.24     0.01     4.28     5.38
 20150724.160000     3.04     7.02   205.57     1.23     0.01     4.29     5.41
 20150724.170000     3.34     6.73   205.81     1.23     0.01     4.29     5.44
 20150724.180000     3.64     6.41   206.06     1.22     0.01     4.28     5.46
 20150724.190000     3.92     6.07   206.29     1.22     0.01     4.28     5.48
 20150724.200000     4.19     5.71   206.55     1.21     0.01     4.27     5.49
 20150724.210000     3.97     5.42   206.66     1.20     0.01     4.26     5.51
 20150724.220000     3.75     5.14   206.89     1.18     0.01     4.26     5.53
 20150724.230000     3.53     4.86   206.68     1.15     0.01     4.30     5.55
 20150725.000000     3.31     4.57   206.44     1.12     0.01     4.34     5.59
 20150725.010000     3.09     4.29   205.91     1.09     0.01     4.38     5.63
 20150725.020000     2.87     4.01   205.68     1.06     0.01     4.41     5.67
 20150725.030000     2.85     4.32   205.54     1.05     0.01     4.40     5.71
 20150725.040000     2.83     4.63   205.40     1.04     0.01     4.38     5.75
 20150725.050000     2.80     4.94   205.15     1.03     0.01     4.36     5.75
 20150725.060000     2.77     5.24   204.83     1.03     0.01     4.33     5.70
 20150725.070000     2.74     5.53   204.43     1.03     0.01     4.30     5.62
 20150725.080000     2.71     5.82   204.00     1.03     0.01     4.28     5.53
 20150725.090000     2.80     5.87   203.67     1.04     0.01     4.26     5.45
 20150725.100000     2.90     5.91   203.45     1.04     0.01     4.25     5.39
 20150725.110000     2.99     5.96   203.33     1.04     0.01     4.23     5.34
 20150725.120000     3.08     6.01   203.26     1.04     0.01     4.22     5.30
 20150725.130000     3.18     6.05   203.24     1.04     0.01     4.20     5.27
 20150725.140000     3.27     6.09   203.28     1.04     0.01     4.19     5.25
 20150725.150000     3.40     5.83   203.39     1.04     0.01     4.19     5.24
 20150725.160000     3.52     5.56   203.53     1.03     0.01     4.19     5.23
 20150725.170000     3.63     5.28   203.66     1.02     0.01     4.18     5.24
 20150725.180000     3.74     4.99   203.79     1.01     0.01     4.17     5.26
 20150725.190000     3.84     4.70   203.93     1.01     0.01     4.16     5.28
 20150725.200000     3.94     4.39   204.07     1.00     0.01     4.15     5.30
 20150725.210000     3.94     4.43   204.21     0.99     0.01     4.14     5.31
 20150725.220000     3.94     4.46   204.31     0.98     0.01     4.13     5.32
 20150725.230000     3.95     4.50   204.38     0.98     0.01     4.12     5.33
 20150726.000000     3.95     4.54   204.42     0.98     0.01     4.12     5.33
 20150726.010000     3.95     4.58   204.45     0.98     0.01     4.12     5.33
 20150726.020000     3.95     4.62   204.47     0.98     0.01     4.12     5.32
 20150726.030000     3.76     4.70   204.41     0.98     0.01     4.13     5.31
 20150726.040000     3.57     4.78   204.31     0.98     0.01     4.13     5.31
 20150726.050000     3.37     4.85   204.19     0.98     0.01     4.13     5.30
 20150726.060000     3.17     4.92   204.05     0.97     0.01     4.13     5.29
 20150726.070000     2.97     4.98   203.89     0.97     0.01     4.12     5.28
 20150726.080000     2.76     5.04   203.70     0.97     0.01     4.11     5.27
 20150726.090000     2.81     5.07   203.58     0.97     0.01     4.10     5.26
 20150726.100000     2.86     5.10   203.49     0.96     0.01     4.09     5.24
 20150726.110000     2.91     5.14   203.43     0.96     0.01     4.07     5.21
 20150726.120000     2.95     5.17   203.40     0.96     0.00     4.06     5.18
 20150726.130000     3.00     5.21   203.39     0.96     0.00     4.04     5.15
 20150726.140000     3.05     5.24   203.40     0.95     0.00     4.03     5.13
 20150726.150000     3.13     5.03   203.44     0.95     0.00     4.01     5.11
 20150726.160000     3.22     4.82   203.52     0.94     0.00     4.00     5.09
 20150726.170000     3.29     4.59   203.62     0.93     0.00     3.99     5.08
 20150726.180000     3.36     4.37   203.74     0.93     0.01     3.97     5.07
 20150726.190000     3.43     4.14   203.87     0.92     0.01     3.96     5.06
 20150726.200000     3.49     3.90   204.02     0.91     0.01     3.95     5.06
 20150726.210000     3.53     4.05   204.20     0.91     0.01     3.94     5.05
 20150726.220000     3.57     4.19   204.37     0.91     0.01     3.93     5.04
 20150726.230000     3.61     4.34   204.52     0.90     0.01     3.93     5.03
 20150727.000000     3.65     4.49   204.66     0.91     0.01     3.92     5.01
 20150727.010000     3.68     4.63   204.76     0.91     0.01     3.92     5.00
 20150727.020000     3.72     4.78   204.84     0.91     0.01     3.92     4.98
 20150727.030000     3.65     4.28   204.83     0.91     0.01     3.93     4.98
 20150727.040000     3.58     3.79   204.84     0.90     0.01     3.93     5.00
 20150727.050000     3.50     3.27   204.92     0.89     0.01     3.94     5.02
 20150727.060000     3.41     2.74   205.16     0.88     0.01     3.96     5.05
 20150727.070000     3.29     2.19   205.35     0.85     0.01     3.99     5.10
 20150727.080000     3.14     1.62   205.16     0.82     0.01     4.03     5.16
 20150727.090000     3.17     2.03   205.03     0.80     0.01     4.09     5.22
 20150727.100000     3.16     2.42   204.95     0.78     0.01     4.09     5.27
 20150727.110000     3.15     2.80   204.92     0.77     0.01     4.08     5.31
 20150727.120000     3.10     3.17   204.87     0.76     0.01     4.05     5.32
 20150727.130000     3.05     3.53   204.78     0.76     0.01     4.01     5.33
 20150727.140000     2.99     3.87   204.64     0.76     0.00     3.98     5.32
 20150727.150000     3.31     3.66   204.64     0.75     0.00     3.95     5.30
 20150727.160000     3.62     3.42   204.82     0.75     0.00     3.93     5.27
 20150727.170000     3.91     3.15   205.16     0.75     0.00     3.90     5.24
 20150727.180000     4.18     2.87   205.63     0.74     0.00     3.88     5.16
 20150727.190000     4.42     2.57   206.21     0.74     0.00     3.85     5.09
 20150727.200000     4.64     2.24   206.91     0.74     0.00     3.83     5.01
 20150727.210000     4.53     2.28   207.38     0.73     0.00     3.81     4.95
 20150727.220000     4.42     2.31   207.71     0.73     0.00     3.79     4.90
 20150727.230000     4.31     2.35   207.96     0.72     0.00     3.76     4.86
 20150728.000000     4.20     2.38   208.16     0.71     0.00     3.74     4.82
 20150728.010000     4.09     2.41   208.31     0.70     0.00     3.71     4.79
 20150728.020000     3.97     2.45   208.39     0.70     0.00     3.68     4.76
 20150728.030000     3.69     2.15   208.19     0.68     0.00     3.66     4.73
 20150728.040000     3.40     1.84   207.84     0.67     0.00     3.65     4.72
 20150728.050000     3.10     1.54   207.37     0.66     0.00     3.63     4.71
 20150728.060000     2.80     1.23   206.86     0.64     0.00     3.61     4.72
 20150728.070000     2.49     0.92   206.41     0.63     0.00     3.61     4.73
 20150728.080000     2.17     0.60   206.04     0.61     0.00     3.63     4.76
 20150728.090000     2.40     1.19   205.86     0.60     0.00     3.65     4.79
 20150728.100000     2.56     1.76   205.78     0.59     0.00     3.64     4.82
 20150728.110000     2.67     2.32   205.86     0.59     0.00     3.63     4.85
 20150728.120000     2.76     2.86   206.08     0.58     0.00     3.60     4.88
 20150728.130000     2.82     3.37   206.30     0.58     0.00     3.54     4.90
 20150728.140000     2.88     3.88   206.41     0.59     0.00     3.49     4.90
 20150728.150000     3.14     3.89   206.55     0.59     0.00     3.45     4.90
 20150728.160000     3.40     3.91   206.89     0.60     0.00     3.42     4.87
 20150728.170000     3.66     3.91   207.42     0.60     0.00     3.40     4.83
 20150728.180000     3.90     3.91   208.18     0.61     0.00     3.38     4.71
 20150728.190000     4.16     3.91   209.03     0.61     0.00     3.36     4.30
 20150728.200000     4.40     3.91   209.98     0.62     0.00     3.35     4.05
 20150728.210000     4.50     3.76   210.72     0.63     0.00     3.35     3.99
 20150728.220000     4.60     3.61   211.41     0.63     0.00     3.34     3.97
 20150728.230000     4.70     3.47   212.08     0.62     0.00     3.33     3.96
 20150729.000000     4.80     3.31   212.73     0.62     0.00     3.32     3.95
 20150729.010000     4.89     3.15   213.39     0.62     0.00     3.31     3.93
 20150729.020000     4.97     3.00   214.05     0.62     0.00     3.29     3.91
 20150729.030000     4.68     2.67   214.20     0.61     0.00     3.28     3.90
 20150729.040000     4.39     2.35   214.27     0.59     0.00     3.27     3.90
 20150729.050000     4.10     2.01   214.36     0.58     0.00     3.24     3.90
 20150729.060000     3.80     1.68   214.32     0.56     0.00     3.22     3.89
 20150729.070000     3.50     1.34   214.05     0.54     0.00     3.20     3.89
 20150729.080000     3.18     1.00   213.52     0.52     0.00     3.18     3.89
 20150729.090000     3.08     1.56   213.19     0.51     0.00     3.16     3.91
 20150729.100000     2.90     2.11   213.03     0.50     0.00     3.12     3.92
 20150729.110000     2.63     2.62   212.77     0.49     0.00     3.09     3.93
 20150729.120000     2.27     3.09   212.27     0.49     0.00     3.06     3.93
 20150729.130000     1.87     3.49   211.56     0.48     0.00     3.04     3.92
 20150729.140000     1.41     3.83   210.64     0.48     0.00     3.02     3.90
 20150729.150000     1.58     3.76   209.98     0.48     0.00     3.01     3.86
 20150729.160000     1.75     3.68   209.59     0.48     0.00     3.00     3.82
 20150729.170000     1.92     3.59   209.43     0.48     0.00     3.00     3.78
 20150729.180000     2.08     3.49   209.43     0.48     0.00     2.99     3.75
 20150729.190000     2.23     3.39   209.57     0.48     0.00     2.99     3.73
 20150729.200000     2.38     3.28   209.79     0.48     0.00     2.99     3.72
 20150729.210000     2.38     3.23   210.00     0.48     0.00     2.98     3.72
 20150729.220000     2.37     3.18   210.20     0.47     0.00     2.98     3.73
 20150729.230000     2.36     3.12   210.38     0.47     0.00     2.98     3.74
 20150730.000000     2.35     3.06   210.55     0.47     0.00     2.97     3.75
 20150730.010000     2.35     3.01   210.69     0.47     0.00     2.97     3.75
 20150730.020000     2.34     2.96   210.80     0.47     0.00     2.96     3.75
 20150730.030000     2.10     2.91   210.83     0.46     0.00     2.95     3.75
 20150730.040000     1.85     2.85   210.78     0.46     0.00     2.95     3.76
 20150730.050000     1.60     2.79   210.64     0.45     0.00     2.94     3.77
 20150730.060000     1.34     2.72   210.36     0.45     0.00     2.93     3.80
 20150730.070000     1.08     2.64   209.99     0.44     0.00     2.92     3.83
 20150730.080000     0.80     2.55   209.42     0.44     0.00     2.92     3.87
 20150730.090000     0.50     2.85   205.87     0.42     0.00     3.00     3.90
 20150730.100000     0.17     3.11   202.98     0.40     0.00     3.05     3.93
 20150730.110000    -0.16     3.33   200.55     0.39     0.00     3.04     3.96
 20150730.120000    -0.50     3.52   198.11     0.39     0.00     3.01     3.97
 20150730.130000    -0.83     3.69   195.31     0.40     0.00     2.98     3.96
 20150730.140000    -1.16     3.84   192.22     0.40     0.00     2.94     3.90
 20150730.150000    -1.00     3.64   190.02     0.40     0.00     2.93     3.72
 20150730.160000    -0.84     3.44   188.74     0.40     0.00     2.92     3.50
 20150730.170000    -0.69     3.24   187.98     0.39     0.00     2.91     3.42
 20150730.180000    -0.53     3.03   187.52     0.39     0.00     2.91     3.41
 20150730.190000    -0.36     2.82   187.25     0.38     0.00     2.90     3.41
 20150730.200000    -0.20     2.60   187.43     0.38     0.00     2.91     3.42
 20150730.210000     0.00     2.58   187.68     0.37     0.00     2.95     3.43
 20150730.220000     0.21     2.55   187.31     0.36     0.00     2.97     3.45
 20150730.230000     0.41     2.50   186.89     0.35     0.00     2.97     3.46
 20150731.000000     0.62     2.43   186.47     0.35     0.00     2.97     3.46
 20150731.010000     0.82     2.34   185.89     0.34     0.00     2.97     3.46
 20150731.020000     1.02     2.24   185.27     0.34     0.00     2.97     3.45
 20150731.030000     0.69     2.21   184.45     0.34     0.00     2.97     3.45
 20150731.040000     0.31     2.15   183.26     0.34     0.00     2.99     3.45
 20150731.050000    -0.16     2.03   181.98     0.33     0.00     3.03     3.45
 20150731.060000    -0.73     1.76   180.72     0.33     0.00     3.09     3.46
 20150731.070000    -1.29     1.20   179.53     0.32     0.00     3.14     3.48
 20150731.080000    -1.59     0.29   178.44     0.32     0.00     3.20     3.51
 20150731.090000    -1.80     0.84   177.15     0.31     0.00     3.23     3.54
 20150731.100000    -1.90     1.38   175.27     0.31     0.00     3.22     3.57
 20150731.110000    -1.94     1.89   172.43     0.32     0.00     3.17     3.60
 20150731.120000    -1.94     2.38   169.79     0.32     0.00     3.10     3.63
 20150731.130000    -1.92     2.84   167.52     0.33     0.00     3.03     3.64
 20150731.140000    -1.89     3.29   165.67     0.35     0.00     2.95     3.66
 20150731.150000    -1.63     3.07   165.15     0.35     0.00     2.92     3.66
 20150731.160000    -1.37     2.84   165.23     0.35     0.00     2.92     3.65
 20150731.170000    -1.10     2.61   165.42     0.35     0.00     2.93     3.66
 20150731.180000    -0.83     2.38   165.67     0.34     0.00     2.95     3.66
 20150731.190000    -0.56     2.13   166.52     0.33     0.00     2.99     3.68
 20150731.200000    -0.28     1.86   167.11     0.32     0.00     3.07     3.69
 20150731.210000    -0.09     1.87   166.93     0.32     0.00     3.15     3.71
 20150731.220000     0.12     1.85   166.35     0.31     0.00     3.21     3.73
 20150731.230000     0.32     1.82   165.55     0.31     0.00     3.26     3.75
 20150801.000000     0.52     1.76   164.62     0.31     0.00     3.31     3.76
 20150801.010000     0.72     1.67   163.64     0.31     0.00     3.35     3.78
 20150801.020000     0.91     1.56   162.69     0.32     0.00     3.40     3.80
 20150801.030000     0.69     1.63   161.80     0.32     0.00     3.43     3.83
 20150801.040000     0.44     1.66   161.03     0.33     0.00     3.48     3.85
 20150801.050000     0.16     1.67   160.39     0.33     0.00     3.53     3.88
 20150801.060000    -0.12     1.63   159.93     0.34     0.00     3.57     3.91
 20150801.070000    -0.43     1.53   159.62     0.35     0.00     3.62     3.95
 20150801.080000    -0.71     1.37   159.44     0.35     0.00     3.67     3.99
