  Time              windx     windy     DIR    HS      HSWEll     TMM10     TPS
 20131101.080000    -5.96   -10.76    57.17     2.57     0.44     5.90     6.83
 20131101.090000    -6.55   -10.50    57.32     2.57     0.45     5.88     6.83
 20131101.100000    -7.13   -10.20    57.75     2.56     0.46     5.93     6.82
 20131101.110000    -7.69    -9.87    58.46     2.57     0.47     5.98     6.83
 20131101.120000    -8.24    -9.52    59.16     2.59     0.47     6.01     6.84
 20131101.130000    -8.77    -9.14    59.88     2.61     0.48     6.03     6.85
 20131101.140000    -9.27    -8.73    60.61     2.63     0.48     6.05     6.85
 20131101.150000    -9.38    -8.88    61.15     2.65     0.49     6.07     6.85
 20131101.160000    -9.49    -9.02    61.55     2.67     0.50     6.09     6.85
 20131101.170000    -9.60    -9.15    61.94     2.69     0.52     6.12     6.85
 20131101.180000    -9.71    -9.30    62.38     2.72     0.54     6.16     6.86
 20131101.190000    -9.82    -9.44    62.89     2.75     0.58     6.22     6.87
 20131101.200000    -9.93    -9.58    63.45     2.79     0.63     6.29     6.89
 20131101.210000   -10.06    -9.75    63.98     2.84     0.67     6.35     6.91
 20131101.220000   -10.19    -9.93    64.40     2.89     0.70     6.40     6.94
 20131101.230000   -10.32   -10.10    64.66     2.93     0.72     6.44     6.97
 20131102.000000   -10.46   -10.27    64.75     2.97     0.73     6.46     7.00
 20131102.010000   -10.59   -10.44    64.71     3.00     0.73     6.47     7.03
 20131102.020000   -10.72   -10.61    64.58     3.03     0.72     6.47     7.05
 20131102.030000   -10.71   -10.61    64.52     3.04     0.71     6.47     7.07
 20131102.040000   -10.70   -10.60    64.50     3.03     0.70     6.44     7.07
 20131102.050000   -10.68   -10.58    64.58     3.02     0.68     6.41     7.05
 20131102.060000   -10.67   -10.57    64.79     3.01     0.67     6.39     7.02
 20131102.070000   -10.66   -10.57    65.10     2.99     0.66     6.37     6.97
 20131102.080000   -10.65   -10.56    65.41     2.98     0.65     6.34     6.92
 20131102.090000   -10.67   -10.21    65.85     2.96     0.64     6.32     6.87
 20131102.100000   -10.70    -9.86    66.35     2.93     0.62     6.28     6.83
 20131102.110000   -10.71    -9.51    66.82     2.89     0.59     6.23     6.80
 20131102.120000   -10.72    -9.16    67.25     2.86     0.57     6.19     6.76
 20131102.130000   -10.72    -8.79    67.65     2.83     0.55     6.15     6.74
 20131102.140000   -10.73    -8.44    68.06     2.80     0.53     6.12     6.72
 20131102.150000   -10.88    -8.20    68.44     2.78     0.52     6.09     6.70
 20131102.160000   -11.03    -7.96    68.83     2.77     0.51     6.07     6.69
 20131102.170000   -11.18    -7.72    69.31     2.76     0.51     6.06     6.68
 20131102.180000   -11.32    -7.47    69.88     2.76     0.52     6.05     6.67
 20131102.190000   -11.46    -7.23    70.55     2.76     0.52     6.05     6.65
 20131102.200000   -11.59    -6.97    71.28     2.76     0.53     6.04     6.64
 20131102.210000   -11.56    -7.57    71.52     2.77     0.53     6.04     6.63
 20131102.220000   -11.52    -8.17    71.30     2.79     0.52     6.05     6.62
 20131102.230000   -11.47    -8.75    70.82     2.81     0.52     6.07     6.63
 20131103.000000   -11.40    -9.31    70.12     2.84     0.51     6.08     6.64
 20131103.010000   -11.31    -9.88    69.22     2.87     0.51     6.10     6.65
 20131103.020000   -11.22   -10.43    68.16     2.89     0.50     6.11     6.66
 20131103.030000   -11.15   -10.06    67.58     2.89     0.48     6.11     6.67
 20131103.040000   -11.07    -9.69    67.32     2.87     0.47     6.09     6.68
 20131103.050000   -11.00    -9.32    67.15     2.84     0.45     6.06     6.67
 20131103.060000   -10.92    -8.94    67.05     2.81     0.43     6.02     6.67
 20131103.070000   -10.83    -8.56    66.97     2.77     0.41     5.98     6.67
 20131103.080000   -10.75    -8.18    66.97     2.74     0.39     5.95     6.66
 20131103.090000   -10.68    -8.81    66.52     2.73     0.37     5.92     6.66
 20131103.100000   -10.59    -9.43    65.85     2.74     0.37     5.92     6.66
 20131103.110000   -10.48   -10.04    65.17     2.75     0.36     5.91     6.65
 20131103.120000   -10.37   -10.63    64.50     2.75     0.37     5.90     6.63
 20131103.130000   -10.24   -11.22    63.82     2.75     0.38     5.89     6.59
 20131103.140000   -10.09   -11.79    63.07     2.75     0.39     5.87     6.55
 20131103.150000   -10.44   -11.33    62.96     2.74     0.40     5.85     6.51
 20131103.160000   -10.77   -10.85    63.34     2.74     0.40     5.84     6.47
 20131103.170000   -11.09   -10.36    63.92     2.74     0.39     5.84     6.45
 20131103.180000   -11.39    -9.84    64.59     2.74     0.37     5.84     6.46
 20131103.190000   -11.68    -9.32    65.25     2.75     0.35     5.86     6.50
 20131103.200000   -11.94    -8.78    65.83     2.78     0.32     5.89     6.55
 20131103.210000   -11.89    -8.91    65.82     2.81     0.30     5.93     6.61
 20131103.220000   -11.85    -9.05    65.36     2.85     0.29     5.98     6.66
 20131103.230000   -11.80    -9.19    64.74     2.88     0.30     6.04     6.73
 20131104.000000   -11.75    -9.32    64.10     2.92     0.31     6.10     6.83
 20131104.010000   -11.69    -9.45    63.48     2.96     0.33     6.14     6.96
 20131104.020000   -11.64    -9.58    62.94     2.99     0.35     6.19     7.06
 20131104.030000   -11.65    -9.66    62.53     3.02     0.38     6.23     7.12
 20131104.040000   -11.67    -9.75    62.23     3.06     0.40     6.28     7.16
 20131104.050000   -11.68    -9.84    61.99     3.09     0.43     6.33     7.21
 20131104.060000   -11.69    -9.92    61.81     3.13     0.46     6.38     7.26
 20131104.070000   -11.70   -10.01    61.66     3.16     0.49     6.42     7.31
 20131104.080000   -11.71   -10.10    61.55     3.20     0.52     6.46     7.35
 20131104.090000   -11.44   -10.03    61.48     3.21     0.54     6.50     7.39
 20131104.100000   -11.17    -9.97    61.40     3.19     0.55     6.50     7.42
 20131104.110000   -10.91    -9.91    61.33     3.16     0.56     6.48     7.43
 20131104.120000   -10.65    -9.84    61.27     3.12     0.56     6.46     7.42
 20131104.130000   -10.37    -9.78    61.23     3.09     0.56     6.42     7.40
 20131104.140000   -10.11    -9.71    61.17     3.04     0.55     6.40     7.38
 20131104.150000   -10.21    -9.80    61.13     3.03     0.55     6.38     7.34
 20131104.160000   -10.31    -9.88    61.12     3.04     0.56     6.39     7.32
 20131104.170000   -10.42    -9.96    61.12     3.06     0.57     6.41     7.31
 20131104.180000   -10.52   -10.04    61.12     3.08     0.59     6.43     7.31
 20131104.190000   -10.63   -10.13    61.10     3.10     0.61     6.46     7.32
 20131104.200000   -10.72   -10.21    61.09     3.12     0.62     6.48     7.33
 20131104.210000   -10.81   -10.32    61.04     3.15     0.63     6.50     7.34
 20131104.220000   -10.90   -10.43    60.97     3.17     0.65     6.53     7.35
 20131104.230000   -10.99   -10.54    60.87     3.19     0.66     6.55     7.36
 20131105.000000   -11.08   -10.65    60.75     3.22     0.67     6.57     7.37
 20131105.010000   -11.16   -10.76    60.62     3.24     0.67     6.59     7.38
 20131105.020000   -11.25   -10.87    60.47     3.26     0.68     6.60     7.39
 20131105.030000   -10.92   -10.78    60.32     3.25     0.68     6.60     7.40
 20131105.040000   -10.59   -10.69    60.18     3.21     0.66     6.57     7.39
 20131105.050000   -10.25   -10.61    60.05     3.16     0.64     6.52     7.38
 20131105.060000    -9.92   -10.52    59.93     3.10     0.61     6.46     7.35
 20131105.070000    -9.58   -10.42    59.81     3.04     0.59     6.40     7.31
 20131105.080000    -9.23   -10.33    59.70     2.97     0.56     6.34     7.27
 20131105.090000    -9.25    -9.97    59.74     2.92     0.54     6.28     7.22
 20131105.100000    -9.25    -9.61    59.92     2.87     0.52     6.22     7.17
 20131105.110000    -9.26    -9.24    60.14     2.82     0.49     6.17     7.11
 20131105.120000    -9.26    -8.87    60.42     2.76     0.47     6.10     7.03
 20131105.130000    -9.26    -8.50    60.74     2.71     0.45     6.03     6.94
 20131105.140000    -9.25    -8.12    61.06     2.65     0.42     5.97     6.86
 20131105.150000    -9.40    -7.91    61.37     2.59     0.40     5.89     6.78
 20131105.160000    -9.56    -7.69    61.65     2.56     0.38     5.83     6.72
 20131105.170000    -9.71    -7.46    61.92     2.53     0.35     5.79     6.67
 20131105.180000    -9.86    -7.24    62.18     2.51     0.33     5.74     6.63
 20131105.190000    -9.99    -7.01    62.43     2.48     0.31     5.69     6.59
 20131105.200000   -10.13    -6.78    62.72     2.45     0.28     5.64     6.55
 20131105.210000    -9.78    -6.97    62.83     2.41     0.26     5.59     6.52
 20131105.220000    -9.42    -7.15    62.78     2.36     0.24     5.53     6.48
 20131105.230000    -9.05    -7.33    62.67     2.29     0.22     5.46     6.42
 20131106.000000    -8.67    -7.49    62.50     2.23     0.19     5.38     6.34
 20131106.010000    -8.28    -7.65    62.25     2.16     0.17     5.30     6.25
 20131106.020000    -7.88    -7.80    62.07     2.10     0.16     5.23     6.18
 20131106.030000    -7.42    -7.62    62.18     2.01     0.14     5.15     6.12
 20131106.040000    -6.95    -7.43    62.65     1.91     0.12     5.08     6.08
 20131106.050000    -6.47    -7.24    63.12     1.81     0.11     5.00     6.03
 20131106.060000    -6.00    -7.05    63.48     1.71     0.10     4.93     5.99
 20131106.070000    -5.52    -6.85    63.65     1.62     0.08     4.83     5.93
 20131106.080000    -5.03    -6.65    63.92     1.53     0.07     4.74     5.89
 20131106.090000    -4.93    -6.24    64.67     1.44     0.06     4.68     5.84
 20131106.100000    -4.82    -5.83    65.54     1.36     0.06     4.62     5.78
 20131106.110000    -4.70    -5.43    66.54     1.30     0.05     4.57     5.71
 20131106.120000    -4.58    -5.02    67.59     1.25     0.04     4.52     5.64
 20131106.130000    -4.47    -4.60    68.76     1.20     0.04     4.47     5.59
 20131106.140000    -4.35    -4.18    70.07     1.16     0.03     4.42     5.55
 20131106.150000    -4.38    -4.14    71.28     1.13     0.03     4.38     5.51
 20131106.160000    -4.41    -4.09    72.26     1.10     0.03     4.36     5.47
 20131106.170000    -4.45    -4.04    72.84     1.08     0.02     4.33     5.42
 20131106.180000    -4.48    -3.99    73.27     1.06     0.02     4.30     5.39
 20131106.190000    -4.50    -3.95    73.53     1.05     0.02     4.27     5.36
 20131106.200000    -4.54    -3.90    73.69     1.04     0.02     4.24     5.33
 20131106.210000    -5.01    -4.28    73.45     1.04     0.02     4.20     5.29
 20131106.220000    -5.50    -4.66    72.96     1.05     0.02     4.17     5.24
 20131106.230000    -5.97    -5.04    72.28     1.07     0.01     4.18     5.14
 20131107.000000    -6.45    -5.42    71.42     1.12     0.01     4.21     5.04
 20131107.010000    -6.93    -5.80    70.52     1.20     0.01     4.28     5.01
 20131107.020000    -7.41    -6.19    69.56     1.31     0.01     4.36     5.05
 20131107.030000    -7.36    -6.30    69.12     1.40     0.01     4.47     5.15
 20131107.040000    -7.32    -6.40    68.97     1.46     0.02     4.58     5.33
 20131107.050000    -7.28    -6.51    68.70     1.51     0.02     4.66     5.44
 20131107.060000    -7.23    -6.62    68.30     1.54     0.02     4.73     5.50
 20131107.070000    -7.18    -6.72    67.89     1.57     0.02     4.80     5.56
 20131107.080000    -7.14    -6.83    67.46     1.60     0.02     4.86     5.64
 20131107.090000    -7.38    -6.74    67.14     1.63     0.03     4.92     5.74
 20131107.100000    -7.61    -6.65    66.93     1.67     0.03     4.98     5.83
 20131107.110000    -7.84    -6.56    66.81     1.71     0.04     5.06     5.90
 20131107.120000    -8.07    -6.47    66.77     1.76     0.05     5.13     5.96
 20131107.130000    -8.29    -6.37    66.78     1.81     0.06     5.21     6.02
 20131107.140000    -8.51    -6.27    66.87     1.86     0.07     5.29     6.09
 20131107.150000    -8.84    -6.15    67.00     1.91     0.09     5.37     6.15
 20131107.160000    -9.16    -6.02    67.13     1.96     0.11     5.44     6.22
 20131107.170000    -9.47    -5.89    67.23     2.02     0.13     5.50     6.27
 20131107.180000    -9.79    -5.76    67.32     2.08     0.14     5.56     6.32
 20131107.190000   -10.08    -5.62    67.40     2.14     0.16     5.58     6.36
 20131107.200000   -10.39    -5.47    67.52     2.21     0.17     5.61     6.40
 20131107.210000   -10.16    -5.96    67.13     2.24     0.18     5.63     6.45
 20131107.220000    -9.91    -6.45    66.54     2.25     0.18     5.65     6.49
 20131107.230000    -9.64    -6.92    65.93     2.26     0.18     5.66     6.50
 20131108.000000    -9.34    -7.38    65.33     2.26     0.18     5.65     6.51
 20131108.010000    -9.03    -7.82    64.75     2.26     0.17     5.63     6.50
 20131108.020000    -8.70    -8.25    64.14     2.25     0.17     5.60     6.50
 20131108.030000    -8.65    -8.24    63.76     2.24     0.17     5.58     6.48
 20131108.040000    -8.60    -8.24    63.63     2.22     0.17     5.55     6.45
 20131108.050000    -8.54    -8.23    63.60     2.21     0.16     5.53     6.42
 20131108.060000    -8.49    -8.22    63.62     2.19     0.16     5.50     6.38
 20131108.070000    -8.45    -8.21    63.67     2.18     0.16     5.48     6.34
 20131108.080000    -8.39    -8.21    63.74     2.16     0.16     5.45     6.29
 20131108.090000    -8.33    -7.76    64.04     2.13     0.15     5.41     6.26
 20131108.100000    -8.26    -7.31    64.51     2.08     0.15     5.35     6.22
 20131108.110000    -8.20    -6.84    65.10     2.02     0.14     5.28     6.17
 20131108.120000    -8.12    -6.38    65.76     1.95     0.13     5.19     6.11
 20131108.130000    -8.03    -5.91    66.51     1.88     0.12     5.11     6.05
 20131108.140000    -7.94    -5.43    67.42     1.82     0.11     5.03     5.99
 20131108.150000    -8.09    -5.50    67.94     1.77     0.11     4.95     5.91
 20131108.160000    -8.24    -5.57    68.40     1.74     0.11     4.90     5.80
 20131108.170000    -8.39    -5.64    68.86     1.74     0.11     4.87     5.71
 20131108.180000    -8.54    -5.72    69.30     1.74     0.11     4.87     5.67
 20131108.190000    -8.70    -5.78    69.73     1.76     0.12     4.88     5.66
 20131108.200000    -8.85    -5.86    70.13     1.77     0.13     4.91     5.68
 20131108.210000    -8.62    -5.82    70.65     1.78     0.14     4.94     5.70
 20131108.220000    -8.39    -5.79    71.21     1.77     0.16     4.95     5.74
 20131108.230000    -8.15    -5.75    71.80     1.76     0.18     4.95     5.76
 20131109.000000    -7.92    -5.71    72.43     1.74     0.19     4.95     5.76
 20131109.010000    -7.68    -5.68    73.08     1.73     0.21     4.94     5.73
 20131109.020000    -7.44    -5.63    73.78     1.71     0.22     4.93     5.70
 20131109.030000    -7.42    -5.77    74.33     1.70     0.23     4.92     5.66
 20131109.040000    -7.40    -5.89    74.78     1.69     0.24     4.91     5.61
 20131109.050000    -7.38    -6.02    75.22     1.69     0.25     4.92     5.58
 20131109.060000    -7.35    -6.15    75.64     1.69     0.26     4.93     5.56
 20131109.070000    -7.32    -6.27    76.00     1.70     0.26     4.93     5.55
 20131109.080000    -7.29    -6.39    76.30     1.70     0.27     4.94     5.54
 20131109.090000    -7.37    -6.21    76.72     1.70     0.27     4.95     5.54
 20131109.100000    -7.45    -6.03    77.25     1.70     0.27     4.94     5.54
 20131109.110000    -7.53    -5.84    77.81     1.70     0.28     4.94     5.54
 20131109.120000    -7.60    -5.65    78.44     1.69     0.28     4.94     5.53
 20131109.130000    -7.67    -5.46    79.16     1.69     0.28     4.95     5.52
 20131109.140000    -7.74    -5.27    79.97     1.69     0.29     4.95     5.51
 20131109.150000    -7.94    -5.05    80.81     1.69     0.30     4.96     5.49
 20131109.160000    -8.13    -4.82    81.67     1.69     0.30     4.98     5.48
 20131109.170000    -8.31    -4.59    82.58     1.70     0.31     4.99     5.47
 20131109.180000    -8.48    -4.36    83.56     1.71     0.31     5.01     5.47
 20131109.190000    -8.65    -4.13    84.50     1.71     0.31     5.02     5.47
 20131109.200000    -8.81    -3.88    85.37     1.72     0.31     5.03     5.46
 20131109.210000    -8.36    -3.96    86.37     1.70     0.31     5.03     5.48
 20131109.220000    -7.91    -4.04    87.50     1.68     0.30     5.00     5.48
 20131109.230000    -7.45    -4.12    89.02     1.65     0.29     4.99     5.49
 20131110.000000    -6.98    -4.19    91.54     1.59     0.29     5.00     5.49
 20131110.010000    -6.50    -4.26    94.61     1.54     0.29     5.04     5.51
 20131110.020000    -6.00    -4.31    97.75     1.50     0.29     5.08     5.51
 20131110.030000    -5.91    -4.11   101.16     1.47     0.31     5.14     5.48
 20131110.040000    -5.84    -3.92   104.63     1.45     0.33     5.22     5.45
 20131110.050000    -5.74    -3.71   108.43     1.45     0.37     5.33     5.41
 20131110.060000    -5.65    -3.51   112.76     1.46     0.41     5.49     5.37
 20131110.070000    -5.57    -3.30   117.65     1.48     0.47     5.71     5.33
 20131110.080000    -5.47    -3.09   123.00     1.52     0.54     5.97     6.07
 20131110.090000    -5.50    -3.06   128.47     1.56     0.61     6.26    15.05
 20131110.100000    -5.54    -3.05   133.77     1.61     0.69     6.55    15.04
 20131110.110000    -5.57    -3.02   138.68     1.66     0.76     6.83    14.98
 20131110.120000    -5.61    -3.00   142.99     1.72     0.83     7.06    14.87
 20131110.130000    -5.64    -2.97   146.63     1.78     0.89     7.25    14.58
 20131110.140000    -5.67    -2.95   149.61     1.83     0.94     7.38    14.25
 20131110.150000    -5.78    -3.03   151.89     1.87     0.98     7.46    13.96
 20131110.160000    -5.88    -3.12   153.55     1.91     1.01     7.49    13.69
 20131110.170000    -5.99    -3.21   154.69     1.93     1.02     7.48    13.39
 20131110.180000    -6.10    -3.29   155.35     1.95     1.03     7.43    13.08
 20131110.190000    -6.20    -3.38   155.55     1.95     1.02     7.36    12.85
 20131110.200000    -6.31    -3.46   155.30     1.95     1.00     7.25    12.68
 20131110.210000    -6.98    -4.18   153.35     1.95     0.97     7.09    12.52
 20131110.220000    -7.63    -4.87   148.13     1.97     0.93     6.85    12.38
 20131110.230000    -8.28    -5.58   138.46     2.03     0.88     6.55    12.18
 20131111.000000    -8.93    -6.28   125.39     2.13     0.83     6.26    10.54
 20131111.010000    -9.57    -6.97   111.52     2.23     0.77     6.04     5.51
 20131111.020000   -10.21    -7.67    99.59     2.35     0.71     5.90     5.63
 20131111.030000   -10.29    -7.79    91.25     2.43     0.65     5.87     5.90
 20131111.040000   -10.36    -7.92    84.89     2.47     0.60     5.86     6.05
 20131111.050000   -10.43    -8.04    79.55     2.50     0.55     5.86     6.12
 20131111.060000   -10.50    -8.17    75.26     2.52     0.51     5.85     6.20
 20131111.070000   -10.57    -8.29    71.94     2.54     0.48     5.86     6.34
 20131111.080000   -10.65    -8.42    69.44     2.56     0.46     5.86     6.44
 20131111.090000   -10.83    -8.62    67.48     2.60     0.44     5.87     6.50
 20131111.100000   -11.01    -8.81    65.99     2.64     0.42     5.90     6.54
 20131111.110000   -11.19    -9.01    64.85     2.70     0.41     5.96     6.59
 20131111.120000   -11.36    -9.21    63.95     2.77     0.41     6.02     6.66
 20131111.130000   -11.54    -9.41    63.25     2.85     0.41     6.08     6.73
 20131111.140000   -11.71    -9.60    62.66     2.92     0.42     6.15     6.82
 20131111.150000   -11.92    -9.66    62.14     3.00     0.43     6.21     6.94
 20131111.160000   -12.13    -9.72    61.65     3.07     0.45     6.25     7.04
 20131111.170000   -12.34    -9.77    61.38     3.14     0.46     6.28     7.12
 20131111.180000   -12.55    -9.84    61.20     3.19     0.48     6.32     7.17
 20131111.190000   -12.76    -9.89    61.07     3.24     0.50     6.36     7.22
 20131111.200000   -12.97    -9.95    60.97     3.29     0.53     6.41     7.27
 20131111.210000   -12.78    -9.89    60.88     3.32     0.56     6.46     7.32
 20131111.220000   -12.59    -9.82    60.78     3.32     0.58     6.48     7.36
 20131111.230000   -12.40    -9.76    60.69     3.30     0.58     6.47     7.37
 20131112.000000   -12.21    -9.69    60.60     3.28     0.58     6.45     7.36
 20131112.010000   -12.02    -9.63    60.54     3.24     0.57     6.42     7.33
 20131112.020000   -11.84    -9.56    60.51     3.20     0.55     6.38     7.29
 20131112.030000   -11.86    -9.68    60.47     3.18     0.53     6.34     7.24
 20131112.040000   -11.89    -9.81    60.46     3.17     0.51     6.32     7.20
 20131112.050000   -11.91    -9.93    60.47     3.18     0.50     6.31     7.19
 20131112.060000   -11.93   -10.04    60.51     3.19     0.50     6.32     7.20
 20131112.070000   -11.95   -10.16    60.54     3.21     0.50     6.34     7.22
 20131112.080000   -11.98   -10.29    60.57     3.23     0.51     6.37     7.24
 20131112.090000   -11.59   -10.32    60.56     3.23     0.52     6.38     7.27
 20131112.100000   -11.21   -10.34    60.49     3.20     0.52     6.36     7.29
 20131112.110000   -10.82   -10.37    60.36     3.15     0.50     6.31     7.27
 20131112.120000   -10.43   -10.39    60.18     3.08     0.47     6.24     7.21
 20131112.130000   -10.03   -10.41    59.95     2.99     0.44     6.15     7.13
 20131112.140000    -9.62   -10.43    59.70     2.90     0.40     6.04     7.00
 20131112.150000    -9.56   -10.26    59.54     2.82     0.36     5.94     6.87
 20131112.160000    -9.50   -10.09    59.53     2.75     0.32     5.85     6.76
 20131112.170000    -9.43    -9.93    59.55     2.70     0.29     5.77     6.69
 20131112.180000    -9.37    -9.76    59.60     2.65     0.26     5.70     6.64
 20131112.190000    -9.30    -9.59    59.68     2.60     0.24     5.64     6.60
 20131112.200000    -9.24    -9.43    59.76     2.56     0.22     5.59     6.57
 20131112.210000    -8.74    -9.17    59.87     2.50     0.20     5.53     6.54
 20131112.220000    -8.25    -8.91    60.03     2.39     0.19     5.49     6.50
 20131112.230000    -7.75    -8.64    60.10     2.26     0.18     5.42     6.44
 20131113.000000    -7.25    -8.38    60.17     2.14     0.16     5.33     6.35
 20131113.010000    -6.75    -8.11    60.30     2.02     0.15     5.22     6.24
 20131113.020000    -6.25    -7.84    60.57     1.92     0.14     5.11     6.15
 20131113.030000    -6.33    -7.91    60.70     1.84     0.12     5.01     6.03
 20131113.040000    -6.41    -8.00    60.63     1.80     0.11     4.93     5.91
 20131113.050000    -6.49    -8.07    60.55     1.77     0.09     4.88     5.80
 20131113.060000    -6.58    -8.15    60.50     1.77     0.08     4.85     5.74
 20131113.070000    -6.67    -8.22    60.43     1.77     0.06     4.85     5.73
 20131113.080000    -6.75    -8.30    60.35     1.78     0.05     4.86     5.77
 20131113.090000    -6.95    -8.52    60.15     1.81     0.05     4.89     5.82
 20131113.100000    -7.15    -8.74    59.94     1.86     0.05     4.96     5.89
 20131113.110000    -7.36    -8.95    59.76     1.91     0.06     5.06     5.96
 20131113.120000    -7.57    -9.17    59.59     1.99     0.07     5.17     6.04
 20131113.130000    -7.77    -9.39    59.41     2.07     0.08     5.29     6.12
 20131113.140000    -7.98    -9.61    59.21     2.16     0.11     5.42     6.23
 20131113.150000    -8.12    -9.46    59.18     2.23     0.13     5.53     6.36
 20131113.160000    -8.26    -9.31    59.17     2.27     0.16     5.61     6.47
 20131113.170000    -8.40    -9.16    59.11     2.30     0.19     5.66     6.53
 20131113.180000    -8.53    -9.00    59.06     2.31     0.21     5.68     6.56
 20131113.190000    -8.67    -8.84    59.05     2.31     0.22     5.69     6.56
 20131113.200000    -8.80    -8.68    59.11     2.30     0.23     5.69     6.54
 20131113.210000    -8.49    -8.77    59.07     2.29     0.23     5.68     6.52
 20131113.220000    -8.18    -8.86    58.99     2.26     0.23     5.66     6.50
 20131113.230000    -7.85    -8.94    58.92     2.24     0.23     5.63     6.47
 20131114.000000    -7.52    -9.02    58.87     2.21     0.23     5.59     6.44
 20131114.010000    -7.19    -9.09    58.82     2.18     0.22     5.55     6.41
 20131114.020000    -6.86    -9.16    58.76     2.14     0.21     5.50     6.37
 20131114.030000    -6.80    -9.05    58.79     2.11     0.20     5.46     6.32
 20131114.040000    -6.75    -8.94    58.89     2.09     0.19     5.41     6.28
 20131114.050000    -6.70    -8.82    59.05     2.07     0.18     5.37     6.24
 20131114.060000    -6.65    -8.72    59.26     2.04     0.17     5.34     6.22
 20131114.070000    -6.60    -8.61    59.50     2.02     0.16     5.31     6.20
 20131114.080000    -6.55    -8.50    59.74     2.01     0.15     5.28     6.19
 20131114.090000    -6.08    -8.07    60.18     1.96     0.14     5.25     6.20
 20131114.100000    -5.62    -7.63    60.72     1.89     0.14     5.19     6.22
 20131114.110000    -5.15    -7.20    61.20     1.81     0.13     5.12     6.23
 20131114.120000    -4.68    -6.76    62.30     1.71     0.12     5.07     6.22
 20131114.130000    -4.21    -6.33    63.40     1.60     0.11     5.04     6.21
 20131114.140000    -3.74    -5.89    64.22     1.51     0.10     5.01     6.20
 20131114.150000    -3.66    -5.81    64.84     1.43     0.09     4.97     6.18
 20131114.160000    -3.58    -5.72    65.19     1.38     0.08     4.90     6.15
 20131114.170000    -3.50    -5.63    65.51     1.35     0.07     4.83     6.10
 20131114.180000    -3.42    -5.55    65.82     1.32     0.06     4.76     6.04
 20131114.190000    -3.33    -5.46    66.15     1.29     0.05     4.70     5.97
 20131114.200000    -3.25    -5.37    66.43     1.27     0.05     4.65     5.90
 20131114.210000    -3.19    -5.52    66.59     1.25     0.04     4.60     5.84
 20131114.220000    -3.12    -5.68    66.60     1.24     0.03     4.55     5.78
 20131114.230000    -3.06    -5.83    66.51     1.22     0.03     4.50     5.73
 20131115.000000    -2.99    -5.98    66.37     1.21     0.02     4.46     5.68
 20131115.010000    -2.92    -6.12    66.19     1.21     0.02     4.43     5.64
 20131115.020000    -2.84    -6.26    65.97     1.20     0.02     4.41     5.61
 20131115.030000    -3.19    -6.62    65.51     1.21     0.02     4.39     5.58
 20131115.040000    -3.53    -6.97    64.97     1.22     0.02     4.39     5.55
 20131115.050000    -3.88    -7.31    64.44     1.24     0.02     4.41     5.51
 20131115.060000    -4.22    -7.65    64.01     1.28     0.02     4.47     5.49
 20131115.070000    -4.56    -8.00    63.67     1.34     0.02     4.55     5.50
 20131115.080000    -4.90    -8.34    63.29     1.42     0.02     4.66     5.54
 20131115.090000    -5.12    -8.05    63.30     1.49     0.03     4.77     5.64
 20131115.100000    -5.34    -7.76    63.78     1.54     0.03     4.89     5.79
 20131115.110000    -5.54    -7.45    64.16     1.57     0.04     4.98     5.92
 20131115.120000    -5.74    -7.13    64.39     1.60     0.05     5.05     6.01
 20131115.130000    -5.93    -6.80    64.53     1.61     0.06     5.10     6.08
 20131115.140000    -6.11    -6.45    64.66     1.62     0.07     5.13     6.14
 20131115.150000    -6.73    -6.55    64.59     1.65     0.08     5.15     6.16
 20131115.160000    -7.34    -6.62    64.61     1.70     0.09     5.19     6.13
 20131115.170000    -7.94    -6.69    64.78     1.78     0.10     5.25     6.11
 20131115.180000    -8.54    -6.75    64.98     1.88     0.11     5.31     6.11
 20131115.190000    -9.12    -6.81    65.07     1.99     0.13     5.39     6.15
 20131115.200000    -9.70    -6.86    65.10     2.10     0.14     5.48     6.20
 20131115.210000    -9.17    -7.00    65.01     2.16     0.15     5.56     6.30
 20131115.220000    -8.62    -7.13    64.80     2.15     0.16     5.59     6.40
 20131115.230000    -8.05    -7.25    64.60     2.12     0.17     5.57     6.46
 20131116.000000    -7.47    -7.36    64.44     2.07     0.17     5.52     6.45
 20131116.010000    -6.88    -7.45    64.35     2.01     0.17     5.47     6.43
 20131116.020000    -6.27    -7.53    64.29     1.95     0.17     5.41     6.40
 20131116.030000    -5.67    -7.60    64.24     1.89     0.17     5.35     6.36
 20131116.040000    -5.06    -7.64    64.17     1.84     0.16     5.29     6.33
 20131116.050000    -4.42    -7.66    63.91     1.77     0.16     5.23     6.29
 20131116.060000    -3.77    -7.66    63.23     1.71     0.15     5.17     6.26
 20131116.070000    -3.09    -7.62    62.53     1.64     0.14     5.11     6.23
 20131116.080000    -2.40    -7.54    61.81     1.58     0.13     5.05     6.21
 20131116.090000    -2.70    -6.95    61.53     1.52     0.12     5.01     6.20
 20131116.100000    -3.00    -6.32    62.02     1.45     0.11     4.98     6.20
 20131116.110000    -3.28    -5.66    63.05     1.40     0.10     4.94     6.20
 20131116.120000    -3.55    -4.95    64.18     1.34     0.09     4.90     6.19
 20131116.130000    -3.78    -4.17    65.84     1.29     0.08     4.88     6.18
 20131116.140000    -3.96    -3.33    67.91     1.23     0.07     4.88     6.15
 20131116.150000    -4.00    -3.53    69.48     1.19     0.06     4.86     6.12
 20131116.160000    -4.03    -3.73    70.47     1.16     0.05     4.81     6.07
 20131116.170000    -4.07    -3.93    71.20     1.14     0.05     4.74     5.99
 20131116.180000    -4.10    -4.12    71.77     1.13     0.04     4.67     5.89
 20131116.190000    -4.13    -4.32    72.20     1.12     0.03     4.62     5.78
 20131116.200000    -4.16    -4.51    72.50     1.11     0.03     4.58     5.70
 20131116.210000    -4.15    -4.78    72.61     1.11     0.02     4.55     5.64
 20131116.220000    -4.14    -5.04    72.57     1.11     0.02     4.53     5.60
 20131116.230000    -4.12    -5.30    72.39     1.12     0.02     4.52     5.57
 20131117.000000    -4.10    -5.55    72.10     1.13     0.02     4.53     5.57
 20131117.010000    -4.07    -5.81    71.73     1.16     0.02     4.57     5.58
 20131117.020000    -4.05    -6.05    71.30     1.19     0.02     4.63     5.62
 20131117.030000    -4.12    -6.23    70.91     1.23     0.02     4.70     5.68
 20131117.040000    -4.19    -6.40    70.53     1.27     0.02     4.78     5.76
 20131117.050000    -4.26    -6.57    70.02     1.31     0.03     4.86     5.85
 20131117.060000    -4.33    -6.75    69.37     1.35     0.04     4.93     5.93
 20131117.070000    -4.40    -6.92    68.54     1.38     0.05     4.98     6.00
 20131117.080000    -4.47    -7.09    67.51     1.42     0.05     5.01     6.06
 20131117.090000    -4.62    -7.04    66.96     1.46     0.06     5.04     6.11
 20131117.100000    -4.78    -6.98    66.60     1.49     0.08     5.08     6.16
 20131117.110000    -4.93    -6.93    66.33     1.51     0.09     5.12     6.21
 20131117.120000    -5.08    -6.87    66.16     1.53     0.10     5.16     6.25
 20131117.130000    -5.22    -6.81    66.04     1.56     0.11     5.21     6.28
 20131117.140000    -5.37    -6.74    65.97     1.58     0.13     5.26     6.31
 20131117.150000    -5.69    -6.61    65.95     1.60     0.14     5.30     6.34
 20131117.160000    -6.02    -6.47    65.97     1.63     0.15     5.35     6.36
 20131117.170000    -6.33    -6.32    66.05     1.66     0.16     5.39     6.37
 20131117.180000    -6.63    -6.17    66.13     1.70     0.17     5.43     6.36
 20131117.190000    -6.93    -6.00    66.24     1.73     0.17     5.46     6.36
 20131117.200000    -7.21    -5.83    66.45     1.78     0.17     5.47     6.37
 20131117.210000    -7.02    -6.16    66.52     1.81     0.18     5.49     6.39
 20131117.220000    -6.80    -6.47    66.41     1.82     0.18     5.51     6.42
 20131117.230000    -6.57    -6.78    66.21     1.82     0.17     5.50     6.44
 20131118.000000    -6.33    -7.08    65.99     1.81     0.17     5.48     6.42
 20131118.010000    -6.09    -7.36    65.74     1.79     0.17     5.43     6.37
 20131118.020000    -5.83    -7.64    65.45     1.77     0.16     5.38     6.30
 20131118.030000    -6.08    -7.85    65.06     1.76     0.15     5.32     6.21
 20131118.040000    -6.34    -8.08    64.65     1.76     0.14     5.28     6.12
 20131118.050000    -6.59    -8.29    64.22     1.79     0.13     5.26     6.06
 20131118.060000    -6.84    -8.50    63.66     1.82     0.12     5.26     6.04
 20131118.070000    -7.10    -8.72    62.67     1.88     0.12     5.25     6.04
 20131118.080000    -7.35    -8.93    62.03     1.95     0.12     5.25     6.06
 20131118.090000    -7.36    -8.64    61.95     1.99     0.12     5.30     6.11
 20131118.100000    -7.36    -8.35    61.97     2.00     0.12     5.33     6.18
 20131118.110000    -7.35    -8.06    62.00     2.00     0.13     5.34     6.23
 20131118.120000    -7.34    -7.76    62.07     1.99     0.14     5.35     6.27
 20131118.130000    -7.33    -7.46    62.24     1.98     0.15     5.36     6.31
 20131118.140000    -7.32    -7.16    62.52     1.97     0.17     5.37     6.34
 20131118.150000    -7.49    -6.83    62.82     1.97     0.18     5.38     6.36
 20131118.160000    -7.65    -6.49    63.19     1.97     0.19     5.40     6.38
 20131118.170000    -7.81    -6.14    63.58     1.96     0.19     5.40     6.39
 20131118.180000    -7.95    -5.78    64.10     1.95     0.20     5.42     6.39
 20131118.190000    -8.08    -5.42    64.66     1.94     0.20     5.42     6.38
 20131118.200000    -8.21    -5.04    65.10     1.93     0.20     5.40     6.35
 20131118.210000    -8.09    -5.22    65.34     1.91     0.19     5.38     6.31
 20131118.220000    -7.97    -5.40    65.48     1.89     0.19     5.34     6.27
 20131118.230000    -7.85    -5.58    65.57     1.87     0.18     5.30     6.22
 20131119.000000    -7.73    -5.74    65.61     1.84     0.17     5.24     6.18
 20131119.010000    -7.59    -5.91    65.60     1.82     0.16     5.18     6.12
 20131119.020000    -7.46    -6.08    65.55     1.79     0.15     5.13     6.07
 20131119.030000    -7.42    -6.30    65.42     1.77     0.14     5.07     6.00
 20131119.040000    -7.38    -6.52    65.24     1.75     0.12     5.01     5.93
 20131119.050000    -7.34    -6.75    65.05     1.74     0.11     4.97     5.87
 20131119.060000    -7.29    -6.96    64.87     1.73     0.10     4.95     5.83
 20131119.070000    -7.24    -7.18    64.68     1.73     0.09     4.94     5.81
 20131119.080000    -7.19    -7.39    64.47     1.73     0.09     4.94     5.82
 20131119.090000    -7.25    -7.11    64.53     1.73     0.08     4.94     5.84
 20131119.100000    -7.31    -6.83    64.71     1.72     0.08     4.93     5.86
 20131119.110000    -7.36    -6.54    64.91     1.71     0.08     4.92     5.88
 20131119.120000    -7.42    -6.25    65.10     1.70     0.08     4.90     5.88
 20131119.130000    -7.46    -5.95    65.28     1.69     0.08     4.89     5.88
 20131119.140000    -7.50    -5.64    65.47     1.67     0.08     4.87     5.86
 20131119.150000    -7.74    -5.62    65.54     1.67     0.08     4.85     5.83
 20131119.160000    -7.97    -5.60    65.58     1.68     0.09     4.86     5.79
 20131119.170000    -8.21    -5.58    65.66     1.70     0.09     4.88     5.76
 20131119.180000    -8.44    -5.56    65.75     1.72     0.09     4.91     5.76
 20131119.190000    -8.67    -5.54    65.84     1.75     0.10     4.95     5.78
 20131119.200000    -8.90    -5.51    65.92     1.78     0.10     4.99     5.82
 20131119.210000    -8.73    -5.75    65.86     1.80     0.10     5.03     5.86
 20131119.220000    -8.54    -5.97    65.70     1.81     0.11     5.05     5.91
 20131119.230000    -8.35    -6.20    65.52     1.81     0.11     5.06     5.93
 20131120.000000    -8.14    -6.42    65.36     1.80     0.11     5.05     5.94
 20131120.010000    -7.94    -6.63    65.23     1.79     0.11     5.04     5.93
 20131120.020000    -7.73    -6.84    65.09     1.78     0.11     5.02     5.92
 20131120.030000    -7.67    -6.95    65.00     1.77     0.11     4.99     5.90
 20131120.040000    -7.62    -7.06    64.92     1.77     0.11     4.98     5.87
 20131120.050000    -7.57    -7.17    64.87     1.76     0.11     4.97     5.85
 20131120.060000    -7.51    -7.29    64.81     1.76     0.11     4.96     5.84
 20131120.070000    -7.46    -7.39    64.74     1.76     0.11     4.96     5.84
 20131120.080000    -7.40    -7.51    64.67     1.77     0.11     4.96     5.84
 20131120.090000    -7.36    -7.31    64.78     1.76     0.11     4.97     5.85
 20131120.100000    -7.31    -7.10    65.01     1.75     0.11     4.95     5.86
 20131120.110000    -7.26    -6.90    65.25     1.73     0.11     4.92     5.85
 20131120.120000    -7.21    -6.69    65.49     1.70     0.11     4.87     5.82
 20131120.130000    -7.16    -6.49    65.75     1.67     0.10     4.82     5.76
 20131120.140000    -7.11    -6.28    66.04     1.63     0.10     4.77     5.69
 20131120.150000    -7.08    -6.08    66.36     1.59     0.10     4.70     5.62
 20131120.160000    -7.06    -5.87    66.72     1.56     0.10     4.64     5.55
 20131120.170000    -7.03    -5.66    67.19     1.52     0.09     4.58     5.49
 20131120.180000    -7.01    -5.46    67.79     1.49     0.09     4.54     5.43
 20131120.190000    -6.98    -5.25    68.47     1.45     0.09     4.49     5.37
 20131120.200000    -6.95    -5.04    69.65     1.41     0.10     4.47     5.30
 20131120.210000    -6.93    -5.24    70.73     1.39     0.10     4.44     5.20
 20131120.220000    -6.92    -5.43    71.39     1.37     0.10     4.43     5.14
 20131120.230000    -6.90    -5.63    71.80     1.37     0.10     4.42     5.09
 20131121.000000    -6.88    -5.82    72.08     1.37     0.10     4.42     5.07
 20131121.010000    -6.85    -6.01    72.18     1.38     0.10     4.42     5.06
 20131121.020000    -6.83    -6.20    72.11     1.38     0.10     4.43     5.06
 20131121.030000    -6.69    -6.23    72.17     1.38     0.10     4.44     5.07
 20131121.040000    -6.56    -6.25    72.28     1.38     0.10     4.44     5.08
 20131121.050000    -6.43    -6.26    72.34     1.37     0.10     4.44     5.09
 20131121.060000    -6.30    -6.28    72.38     1.37     0.10     4.43     5.10
 20131121.070000    -6.16    -6.29    72.39     1.36     0.10     4.42     5.11
 20131121.080000    -6.02    -6.30    72.40     1.36     0.10     4.42     5.11
 20131121.090000    -6.20    -6.23    72.34     1.36     0.10     4.41     5.11
 20131121.100000    -6.38    -6.15    72.29     1.36     0.10     4.41     5.11
 20131121.110000    -6.57    -6.07    72.32     1.37     0.10     4.43     5.11
 20131121.120000    -6.74    -5.99    72.41     1.38     0.10     4.46     5.13
 20131121.130000    -6.91    -5.91    72.53     1.40     0.09     4.48     5.17
 20131121.140000    -7.08    -5.82    72.65     1.41     0.09     4.52     5.22
 20131121.150000    -7.56    -5.90    72.48     1.45     0.09     4.56     5.28
 20131121.160000    -8.04    -5.99    72.21     1.50     0.09     4.63     5.35
 20131121.170000    -8.51    -6.08    71.92     1.57     0.09     4.72     5.42
 20131121.180000    -8.98    -6.15    71.59     1.65     0.09     4.83     5.49
 20131121.190000    -9.45    -6.23    71.21     1.74     0.09     4.95     5.58
 20131121.200000    -9.91    -6.30    70.77     1.85     0.09     5.06     5.71
 20131121.210000    -9.67    -6.79    69.82     1.94     0.09     5.16     5.88
 20131121.220000    -9.41    -7.27    68.31     2.00     0.09     5.23     5.96
 20131121.230000    -9.14    -7.74    66.82     2.05     0.09     5.28     6.02
 20131122.000000    -8.83    -8.20    65.47     2.08     0.09     5.31     6.06
 20131122.010000    -8.52    -8.64    64.30     2.10     0.09     5.34     6.10
 20131122.020000    -8.19    -9.06    63.20     2.11     0.10     5.35     6.13
 20131122.030000    -7.99    -8.77    62.65     2.10     0.10     5.35     6.16
 20131122.040000    -7.78    -8.48    62.43     2.07     0.10     5.32     6.17
 20131122.050000    -7.58    -8.20    62.37     2.02     0.11     5.28     6.16
 20131122.060000    -7.38    -7.90    62.49     1.97     0.11     5.22     6.13
 20131122.070000    -7.18    -7.62    62.69     1.92     0.11     5.16     6.09
 20131122.080000    -6.98    -7.33    63.01     1.86     0.11     5.09     6.05
 20131122.090000    -7.39    -7.25    63.21     1.83     0.11     5.03     5.98
 20131122.100000    -7.79    -7.17    63.30     1.83     0.11     5.01     5.90
 20131122.110000    -8.19    -7.07    63.45     1.85     0.11     5.03     5.86
 20131122.120000    -8.58    -6.97    63.66     1.88     0.11     5.07     5.87
 20131122.130000    -8.96    -6.87    63.91     1.92     0.11     5.12     5.92
 20131122.140000    -9.33    -6.75    64.18     1.97     0.10     5.19     5.98
 20131122.150000    -9.62    -7.08    64.22     2.04     0.10     5.26     6.03
 20131122.160000    -9.90    -7.41    64.09     2.11     0.10     5.35     6.10
 20131122.170000   -10.19    -7.73    63.88     2.20     0.11     5.45     6.18
 20131122.180000   -10.47    -8.06    63.59     2.30     0.11     5.56     6.28
 20131122.190000   -10.75    -8.39    63.24     2.41     0.12     5.66     6.43
 20131122.200000   -11.03    -8.71    62.81     2.53     0.14     5.74     6.53
 20131122.210000   -10.71    -8.85    62.30     2.60     0.16     5.80     6.61
 20131122.220000   -10.38    -8.98    61.70     2.61     0.18     5.82     6.66
 20131122.230000   -10.04    -9.12    61.13     2.60     0.18     5.80     6.68
 20131123.000000    -9.70    -9.24    60.61     2.56     0.18     5.77     6.68
 20131123.010000    -9.35    -9.36    60.13     2.52     0.18     5.72     6.66
 20131123.020000    -9.00    -9.47    59.67     2.48     0.18     5.67     6.62
 20131123.030000    -8.61    -9.30    59.40     2.42     0.17     5.60     6.58
 20131123.040000    -8.23    -9.14    59.21     2.35     0.16     5.53     6.52
 20131123.050000    -7.84    -8.96    59.00     2.27     0.15     5.44     6.44
 20131123.060000    -7.46    -8.79    58.83     2.19     0.14     5.35     6.34
 20131123.070000    -7.07    -8.61    58.85     2.10     0.13     5.26     6.24
 20131123.080000    -6.68    -8.43    58.85     2.01     0.12     5.18     6.16
 20131123.090000    -6.86    -7.92    59.23     1.92     0.11     5.11     6.09
 20131123.100000    -7.02    -7.39    59.93     1.86     0.10     5.03     6.01
 20131123.110000    -7.18    -6.85    60.92     1.79     0.09     4.95     5.94
 20131123.120000    -7.31    -6.29    62.03     1.73     0.08     4.88     5.85
 20131123.130000    -7.42    -5.70    63.42     1.67     0.07     4.81     5.75
 20131123.140000    -7.52    -5.10    64.93     1.61     0.06     4.75     5.65
 20131123.150000    -7.62    -5.05    66.05     1.56     0.06     4.68     5.56
 20131123.160000    -7.72    -4.99    66.87     1.54     0.06     4.62     5.48
 20131123.170000    -7.83    -4.93    67.60     1.52     0.06     4.58     5.41
 20131123.180000    -7.92    -4.88    68.29     1.50     0.06     4.55     5.37
 20131123.190000    -8.02    -4.82    68.94     1.49     0.06     4.52     5.34
 20131123.200000    -8.13    -4.76    69.55     1.49     0.06     4.51     5.32
 20131123.210000    -7.84    -4.56    70.23     1.47     0.06     4.48     5.33
 20131123.220000    -7.55    -4.36    70.93     1.44     0.06     4.44     5.32
 20131123.230000    -7.27    -4.16    71.65     1.40     0.07     4.38     5.31
 20131124.000000    -6.99    -3.96    72.83     1.34     0.07     4.35     5.31
 20131124.010000    -6.70    -3.75    74.61     1.28     0.07     4.34     5.32
 20131124.020000    -6.42    -3.55    76.68     1.23     0.08     4.36     5.35
 20131124.030000    -5.91    -4.04    78.82     1.20     0.08     4.37     5.35
 20131124.040000    -5.33    -4.49    81.02     1.18     0.09     4.40     5.36
 20131124.050000    -4.68    -4.91    83.39     1.18     0.10     4.46     5.37
 20131124.060000    -3.96    -5.29    86.16     1.17     0.12     4.53     5.39
 20131124.070000    -3.16    -5.58    89.37     1.18     0.13     4.62     5.44
 20131124.080000    -2.32    -5.79    92.67     1.19     0.14     4.72     5.50
 20131124.090000    -1.62    -6.08    95.75     1.20     0.16     4.81     5.57
 20131124.100000    -0.88    -6.29    98.38     1.22     0.18     4.90     6.30
 20131124.110000    -0.09    -6.41   100.56     1.25     0.19     4.96     6.57
 20131124.120000     0.72    -6.43   102.20     1.27     0.21     5.01     6.96
 20131124.130000     1.52    -6.35   103.72     1.28     0.21     5.06     7.13
 20131124.140000     2.31    -6.17   104.96     1.28     0.22     5.08     7.23
 20131124.150000     2.41    -5.60   107.11     1.27     0.21     5.11     7.31
 20131124.160000     2.51    -5.01   110.58     1.24     0.20     5.13     7.35
 20131124.170000     2.60    -4.39   114.71     1.21     0.19     5.15     7.36
 20131124.180000     2.69    -3.75   119.10     1.18     0.18     5.18     7.33
 20131124.190000     2.75    -3.07   123.02     1.15     0.17     5.20     7.29
 20131124.200000     2.77    -2.34   126.81     1.11     0.16     5.25     7.24
 20131124.210000     2.56    -3.02   129.79     1.07     0.14     5.28     7.19
 20131124.220000     2.28    -3.64   131.92     1.04     0.13     5.26     7.13
 20131124.230000     1.93    -4.20   133.53     1.02     0.11     5.19     7.07
 20131125.000000     1.55    -4.70   134.62     1.00     0.10     5.09     7.00
 20131125.010000     1.14    -5.16   134.87     1.00     0.09     4.95     6.91
 20131125.020000     0.72    -5.56   133.81     0.99     0.07     4.79     6.82
 20131125.030000     0.47    -6.06   130.71     1.00     0.06     4.62     6.75
 20131125.040000     0.22    -6.55   123.90     1.00     0.05     4.47     6.68
 20131125.050000    -0.04    -7.02   109.40     1.00     0.04     4.32     6.62
 20131125.060000    -0.30    -7.48    85.45     1.00     0.03     4.19     6.26
 20131125.070000    -0.55    -7.93    61.56     1.02     0.03     4.08     3.55
 20131125.080000    -0.81    -8.38    47.89     1.04     0.02     4.01     3.77
 20131125.090000    -1.40    -8.10    45.85     1.05     0.02     4.01     3.98
 20131125.100000    -1.99    -7.76    48.91     1.07     0.01     4.06     4.53
 20131125.110000    -2.58    -7.37    53.16     1.08     0.01     4.15     4.94
 20131125.120000    -3.16    -6.92    57.24     1.11     0.01     4.27     5.26
 20131125.130000    -3.71    -6.39    60.88     1.14     0.01     4.38     5.53
 20131125.140000    -4.22    -5.82    64.03     1.17     0.01     4.50     5.64
 20131125.150000    -4.81    -5.92    65.86     1.21     0.02     4.58     5.70
 20131125.160000    -5.38    -6.01    66.93     1.26     0.02     4.66     5.77
 20131125.170000    -5.95    -6.08    67.67     1.33     0.03     4.77     5.84
 20131125.180000    -6.50    -6.15    68.19     1.43     0.04     4.89     5.89
 20131125.190000    -7.05    -6.21    68.45     1.55     0.06     5.02     5.94
 20131125.200000    -7.59    -6.26    68.35     1.69     0.08     5.15     6.03
 20131125.210000    -7.85    -6.74    67.85     1.83     0.11     5.31     6.14
 20131125.220000    -8.11    -7.22    66.92     1.97     0.14     5.45     6.26
 20131125.230000    -8.36    -7.70    65.79     2.10     0.18     5.57     6.43
 20131126.000000    -8.62    -8.18    64.74     2.22     0.21     5.69     6.55
 20131126.010000    -8.87    -8.66    63.81     2.33     0.25     5.79     6.63
 20131126.020000    -9.12    -9.13    62.84     2.44     0.29     5.87     6.70
 20131126.030000    -8.86    -9.30    62.11     2.52     0.32     5.92     6.76
 20131126.040000    -8.59    -9.48    61.45     2.55     0.34     5.95     6.81
 20131126.050000    -8.31    -9.64    60.96     2.55     0.36     5.96     6.84
 20131126.060000    -8.04    -9.80    60.51     2.54     0.36     5.95     6.85
 20131126.070000    -7.75    -9.96    60.13     2.53     0.36     5.93     6.83
 20131126.080000    -7.46   -10.10    59.78     2.50     0.36     5.90     6.80
 20131126.090000    -7.45    -9.75    59.67     2.47     0.35     5.85     6.76
 20131126.100000    -7.45    -9.38    59.72     2.42     0.33     5.79     6.72
 20131126.110000    -7.44    -9.01    59.81     2.37     0.31     5.71     6.66
 20131126.120000    -7.43    -8.64    59.95     2.31     0.29     5.63     6.60
 20131126.130000    -7.41    -8.26    60.17     2.24     0.27     5.54     6.53
 20131126.140000    -7.39    -7.88    60.45     2.17     0.24     5.45     6.46
 20131126.150000    -7.60    -7.61    60.92     2.11     0.23     5.37     6.36
 20131126.160000    -7.80    -7.33    61.61     2.06     0.21     5.31     6.25
 20131126.170000    -7.98    -7.04    62.20     2.01     0.20     5.25     6.16
 20131126.180000    -8.17    -6.75    62.80     1.97     0.19     5.19     6.09
 20131126.190000    -8.34    -6.45    63.34     1.93     0.18     5.13     6.02
 20131126.200000    -8.50    -6.14    63.93     1.90     0.17     5.06     5.96
 20131126.210000    -8.06    -6.18    64.44     1.84     0.16     4.99     5.90
 20131126.220000    -7.61    -6.21    64.91     1.78     0.15     4.90     5.83
 20131126.230000    -7.16    -6.24    65.50     1.71     0.14     4.82     5.73
 20131127.000000    -6.69    -6.26    66.38     1.63     0.14     4.76     5.65
 20131127.010000    -6.22    -6.27    66.88     1.55     0.13     4.71     5.61
 20131127.020000    -5.74    -6.27    67.32     1.49     0.12     4.63     5.59
 20131127.030000    -5.20    -6.44    67.68     1.43     0.11     4.55     5.58
 20131127.040000    -4.63    -6.58    67.87     1.37     0.09     4.49     5.57
 20131127.050000    -4.04    -6.69    67.63     1.31     0.08     4.42     5.55
 20131127.060000    -3.42    -6.78    67.20     1.26     0.08     4.36     5.51
 20131127.070000    -2.78    -6.82    66.35     1.20     0.07     4.29     5.47
 20131127.080000    -2.12    -6.82    65.46     1.16     0.06     4.22     5.42
 20131127.090000    -2.61    -6.64    64.61     1.13     0.05     4.14     5.36
 20131127.100000    -3.10    -6.42    64.04     1.10     0.05     4.07     5.25
 20131127.110000    -3.57    -6.16    64.00     1.08     0.05     4.02     5.08
 20131127.120000    -4.03    -5.86    64.51     1.06     0.04     3.98     4.95
 20131127.130000    -4.47    -5.54    65.38     1.05     0.04     3.95     4.85
 20131127.140000    -4.88    -5.17    66.83     1.04     0.04     3.94     4.79
 20131127.150000    -4.65    -5.45    68.18     1.03     0.03     3.95     4.77
 20131127.160000    -4.40    -5.71    68.59     1.03     0.03     3.95     4.78
 20131127.170000    -4.13    -5.97    68.45     1.03     0.03     3.97     4.84
 20131127.180000    -3.86    -6.20    68.09     1.04     0.03     3.98     4.93
 20131127.190000    -3.58    -6.43    67.58     1.05     0.03     4.01     5.02
 20131127.200000    -3.29    -6.64    67.02     1.07     0.02     4.05     5.08
 20131127.210000    -3.51    -7.10    65.98     1.09     0.02     4.09     5.12
 20131127.220000    -3.73    -7.57    64.96     1.14     0.02     4.18     5.15
 20131127.230000    -3.96    -8.04    64.29     1.22     0.02     4.33     5.28
 20131128.000000    -4.17    -8.51    63.63     1.33     0.02     4.51     5.46
 20131128.010000    -4.39    -8.98    62.90     1.47     0.03     4.70     5.60
 20131128.020000    -4.62    -9.45    62.32     1.62     0.05     4.90     5.82
 20131128.030000    -4.65    -9.53    62.01     1.76     0.08     5.11     6.03
 20131128.040000    -4.68    -9.60    61.49     1.86     0.11     5.28     6.19
 20131128.050000    -4.71    -9.68    60.63     1.92     0.15     5.39     6.35
 20131128.060000    -4.74    -9.77    59.64     1.96     0.19     5.46     6.46
 20131128.070000    -4.77    -9.84    58.66     1.98     0.22     5.50     6.51
 20131128.080000    -4.80    -9.92    57.81     1.99     0.23     5.52     6.51
 20131128.090000    -5.02    -9.59    57.38     1.99     0.24     5.52     6.49
 20131128.100000    -5.23    -9.25    57.33     1.98     0.25     5.52     6.47
 20131128.110000    -5.42    -8.90    57.54     1.96     0.24     5.50     6.45
 20131128.120000    -5.62    -8.53    57.92     1.95     0.24     5.49     6.44
 20131128.130000    -5.81    -8.16    58.44     1.93     0.24     5.48     6.44
 20131128.140000    -5.99    -7.77    59.01     1.92     0.23     5.47     6.44
 20131128.150000    -5.63    -7.64    59.48     1.90     0.23     5.47     6.46
 20131128.160000    -5.27    -7.50    59.81     1.87     0.23     5.46     6.49
 20131128.170000    -4.91    -7.35    60.06     1.84     0.23     5.44     6.51
 20131128.180000    -4.54    -7.20    60.22     1.80     0.23     5.40     6.51
 20131128.190000    -4.17    -7.05    60.35     1.77     0.23     5.37     6.49
 20131128.200000    -3.80    -6.88    60.49     1.73     0.22     5.33     6.46
 20131128.210000    -3.47    -7.30    60.38     1.70     0.22     5.28     6.42
 20131128.220000    -3.12    -7.69    60.00     1.68     0.21     5.23     6.35
 20131128.230000    -2.76    -8.06    59.46     1.66     0.20     5.17     6.28
 20131129.000000    -2.39    -8.41    58.72     1.65     0.19     5.12     6.23
 20131129.010000    -2.02    -8.74    57.75     1.64     0.18     5.07     6.18
 20131129.020000    -1.64    -9.03    56.50     1.62     0.17     5.02     6.13
 20131129.030000    -1.96    -9.05    55.38     1.61     0.16     4.97     6.07
 20131129.040000    -2.29    -9.06    54.53     1.60     0.15     4.92     6.00
 20131129.050000    -2.62    -9.05    53.95     1.58     0.13     4.88     5.93
 20131129.060000    -2.94    -9.03    53.59     1.57     0.12     4.83     5.86
 20131129.070000    -3.27    -9.01    53.41     1.56     0.11     4.79     5.79
 20131129.080000    -3.58    -8.97    53.36     1.56     0.09     4.76     5.73
 20131129.090000    -3.71    -8.70    53.62     1.54     0.08     4.73     5.71
 20131129.100000    -3.85    -8.42    53.94     1.52     0.07     4.70     5.71
 20131129.110000    -3.97    -8.14    54.27     1.50     0.07     4.66     5.70
 20131129.120000    -4.09    -7.85    54.60     1.48     0.06     4.62     5.69
 20131129.130000    -4.21    -7.55    54.98     1.46     0.06     4.59     5.68
 20131129.140000    -4.33    -7.26    55.43     1.44     0.06     4.55     5.67
 20131129.150000    -4.69    -7.04    55.88     1.42     0.06     4.53     5.64
 20131129.160000    -5.04    -6.81    56.59     1.42     0.06     4.52     5.60
 20131129.170000    -5.39    -6.55    58.25     1.42     0.06     4.56     5.58
 20131129.180000    -5.72    -6.28    59.88     1.43     0.06     4.61     5.59
 20131129.190000    -6.02    -6.00    61.28     1.45     0.06     4.67     5.62
 20131129.200000    -6.32    -5.69    62.41     1.47     0.07     4.73     5.66
 20131129.210000    -6.57    -6.13    63.06     1.52     0.07     4.80     5.71
 20131129.220000    -6.81    -6.57    63.38     1.57     0.08     4.87     5.76
 20131129.230000    -7.05    -7.00    63.42     1.64     0.08     4.96     5.82
 20131130.000000    -7.29    -7.43    63.23     1.70     0.09     5.04     5.87
 20131130.010000    -7.53    -7.86    62.87     1.77     0.09     5.11     5.92
 20131130.020000    -7.77    -8.29    62.27     1.84     0.10     5.14     5.94
 20131130.030000    -7.24    -8.44    61.70     1.88     0.10     5.16     5.98
 20131130.040000    -6.71    -8.57    61.14     1.87     0.10     5.15     6.00
 20131130.050000    -6.15    -8.69    60.59     1.84     0.11     5.11     6.00
 20131130.060000    -5.59    -8.78    60.04     1.79     0.11     5.05     5.99
 20131130.070000    -5.01    -8.85    59.48     1.74     0.11     4.99     5.95
 20131130.080000    -4.41    -8.90    58.90     1.70     0.11     4.92     5.90
 20131130.090000    -4.41    -8.24    58.91     1.64     0.12     4.85     5.87
 20131130.100000    -4.41    -7.58    59.43     1.58     0.13     4.78     5.84
 20131130.110000    -4.41    -6.89    60.58     1.51     0.13     4.72     5.81
 20131130.120000    -4.40    -6.20    62.29     1.43     0.13     4.69     5.78
 20131130.130000    -4.38    -5.49    64.44     1.34     0.14     4.66     5.74
 20131130.140000    -4.34    -4.75    66.87     1.27     0.13     4.64     5.70
 20131130.150000    -4.38    -4.60    68.86     1.21     0.13     4.60     5.66
 20131130.160000    -4.41    -4.44    70.49     1.17     0.13     4.54     5.61
 20131130.170000    -4.44    -4.28    71.96     1.13     0.12     4.48     5.55
 20131130.180000    -4.47    -4.12    73.25     1.11     0.11     4.42     5.49
 20131130.190000    -4.50    -3.94    74.34     1.09     0.10     4.36     5.43
 20131130.200000    -4.52    -3.78    75.24     1.07     0.10     4.31     5.37
 20131130.210000    -4.59    -4.08    75.64     1.05     0.09     4.26     5.32
 20131130.220000    -4.66    -4.39    75.65     1.05     0.08     4.21     5.27
 20131130.230000    -4.72    -4.69    75.30     1.04     0.08     4.17     5.21
 20131201.000000    -4.79    -5.00    74.62     1.04     0.07     4.15     5.16
 20131201.010000    -4.84    -5.29    73.70     1.04     0.06     4.13     5.14
 20131201.020000    -4.90    -5.58    72.61     1.05     0.06     4.14     5.13
 20131201.030000    -4.62    -5.85    71.59     1.06     0.05     4.16     5.14
 20131201.040000    -4.34    -6.09    70.65     1.07     0.05     4.18     5.18
 20131201.050000    -4.04    -6.33    69.70     1.08     0.04     4.20     5.23
 20131201.060000    -3.72    -6.55    68.75     1.09     0.04     4.22     5.27
 20131201.070000    -3.40    -6.75    67.76     1.10     0.03     4.24     5.31
 20131201.080000    -3.07    -6.94    66.76     1.11     0.03     4.25     5.36
