  Time              windx     windy     DIR    HS      HSWEll     TMM10     TPS
 20060501.080000     2.30     2.56   209.88     0.41     0.00     2.89     3.45
 20060501.110000     3.80     4.11   211.61     0.45     0.00     2.78     3.29
 20060501.140000     5.31     5.68   213.77     0.69     0.00     3.03     3.39
 20060501.170000     5.00     5.13   214.74     0.80     0.00     3.38     3.81
 20060501.200000     4.69     4.59   215.38     0.79     0.00     3.40     4.02
 20060501.230000     4.89     3.56   216.99     0.73     0.00     3.33     4.04
 20060502.020000     5.09     2.52   220.54     0.67     0.00     3.20     3.96
 20060502.050000     4.88     2.76   223.64     0.62     0.00     3.06     3.82
 20060502.080000     4.67     3.00   224.24     0.60     0.00     2.99     3.70
 20060502.110000     4.43     2.71   223.77     0.58     0.00     2.97     3.68
 20060502.140000     4.18     2.42   222.39     0.56     0.00     3.00     3.73
 20060502.170000     4.41     0.29   224.86     0.53     0.00     3.04     3.78
 20060502.200000     4.63    -1.83   236.03     0.52     0.00     2.98     3.77
 20060502.230000     2.36    -1.63   238.09     0.45     0.00     3.04     3.77
 20060503.020000     0.08    -1.42   230.23     0.35     0.00     3.22     3.82
 20060503.050000    -2.64    -2.28   227.18     0.33     0.00     3.04     3.87
 20060503.080000    -5.38    -3.15    70.70     0.48     0.00     2.55     2.47
 20060503.110000    -5.27    -2.64    71.82     0.57     0.00     2.89     3.19
 20060503.140000    -5.15    -2.12    72.85     0.60     0.00     3.04     3.55
 20060503.170000    -5.59    -3.84    69.23     0.65     0.00     3.14     3.63
 20060503.200000    -6.03    -5.54    63.27     0.82     0.00     3.39     3.82
 20060503.230000    -5.50    -3.84    66.41     0.87     0.00     3.62     4.24
 20060504.020000    -4.97    -2.14    68.42     0.79     0.00     3.60     4.52
 20060504.050000    -6.35    -3.34    68.69     0.79     0.00     3.50     4.44
 20060504.080000    -7.72    -4.53    68.03     0.99     0.01     3.72     4.21
 20060504.110000    -7.47    -3.06    73.20     1.11     0.01     4.05     4.66
 20060504.140000    -7.21    -1.58    78.49     1.07     0.02     4.04     4.91
 20060504.170000    -6.69    -0.68    83.38     0.98     0.02     3.88     4.83
 20060504.200000    -6.16     0.21    88.25     0.88     0.02     3.69     4.59
 20060504.230000    -4.75     0.49    94.61     0.77     0.03     3.62     4.44
 20060505.020000    -3.33     0.77   100.31     0.68     0.03     3.74     4.40
 20060505.050000    -3.59     1.07   103.94     0.65     0.03     3.84     4.42
 20060505.080000    -3.85     1.36   107.75     0.67     0.02     3.92     4.48
 20060505.110000    -2.87     2.99   113.22     0.70     0.02     4.02     4.66
 20060505.140000    -1.89     4.61   121.58     0.74     0.02     4.06     4.97
 20060505.170000    -1.50     4.19   126.62     0.78     0.02     4.14     5.18
 20060505.200000    -1.11     3.76   128.67     0.79     0.02     4.20     5.32
 20060505.230000     0.21     3.58   130.08     0.77     0.01     4.21     5.34
 20060506.020000     1.52     3.42   133.10     0.74     0.01     4.17     5.27
 20060506.050000     2.27     2.92   136.92     0.71     0.01     4.07     5.09
 20060506.080000     3.03     2.41   141.67     0.68     0.01     3.96     4.95
 20060506.110000     3.52     3.56   153.17     0.68     0.01     3.78     4.85
 20060506.140000     4.01     4.72   180.45     0.72     0.01     3.52     4.55
 20060506.170000     3.83     3.35   191.42     0.70     0.01     3.46     4.13
 20060506.200000     3.65     1.98   196.29     0.64     0.00     3.40     4.06
 20060506.230000     4.06     1.78   201.80     0.58     0.00     3.33     4.05
 20060507.020000     4.47     1.58   208.36     0.56     0.00     3.22     3.98
 20060507.050000     3.14     2.32   209.63     0.54     0.00     3.21     3.97
 20060507.080000     1.81     3.06   207.67     0.52     0.00     3.24     4.05
 20060507.110000     2.82     3.80   206.55     0.53     0.00     3.26     4.14
 20060507.140000     3.83     4.53   209.54     0.60     0.00     3.26     3.90
 20060507.170000     2.17     3.78   209.43     0.62     0.00     3.41     3.99
 20060507.200000     0.51     3.04   206.58     0.57     0.00     3.57     4.15
 20060507.230000    -0.59     1.07   204.74     0.52     0.00     3.85     4.41
 20060508.020000    -1.69    -0.90   203.74     0.48     0.00     4.05     4.78
 20060508.050000    -2.68    -0.40   200.29     0.47     0.00     4.05     4.92
 20060508.080000    -3.67     0.10   188.18     0.49     0.00     3.80     4.95
 20060508.110000    -2.06     2.16   177.32     0.50     0.00     3.67     4.93
 20060508.140000    -0.45     4.21   176.08     0.51     0.00     3.48     4.88
 20060508.170000    -0.50     3.53   181.02     0.51     0.00     3.38     4.83
 20060508.200000    -0.55     2.86   184.05     0.49     0.00     3.36     4.73
 20060508.230000     0.62     2.83   185.74     0.47     0.00     3.38     4.65
 20060509.020000     1.77     2.79   187.03     0.47     0.00     3.36     4.62
 20060509.050000     1.94     1.82   187.31     0.46     0.00     3.41     4.59
 20060509.080000     2.10     0.85   188.75     0.44     0.00     3.56     4.58
 20060509.110000     2.40     2.25   192.30     0.44     0.00     3.56     4.56
 20060509.140000     2.68     3.65   201.60     0.49     0.00     3.26     4.54
 20060509.170000     2.40     4.12   206.73     0.54     0.00     3.15     4.30
 20060509.200000     2.11     4.58   208.91     0.55     0.00     3.16     3.94
 20060509.230000     2.23     3.96   210.01     0.55     0.00     3.17     3.90
 20060510.020000     2.34     3.34   210.00     0.54     0.00     3.16     3.91
 20060510.050000     2.68     1.91   209.78     0.50     0.00     3.23     3.99
 20060510.080000     3.01     0.49   209.83     0.47     0.00     3.30     4.08
 20060510.110000     3.26     1.39   211.02     0.46     0.00     3.28     4.13
 20060510.140000     3.50     2.30   212.64     0.47     0.00     3.23     4.13
 20060510.170000     2.71     3.00   212.59     0.47     0.00     3.21     4.07
 20060510.200000     1.91     3.71   211.54     0.48     0.00     3.18     3.96
 20060510.230000    -0.40     0.77   208.74     0.44     0.00     3.43     3.97
 20060511.020000    -2.71    -2.16   203.51     0.42     0.00     3.44     4.06
 20060511.050000    -5.01    -3.36   117.66     0.54     0.00     2.88     2.50
 20060511.080000    -7.32    -4.56    71.95     0.77     0.00     3.15     3.39
 20060511.110000    -8.43    -5.60    65.31     1.22     0.00     4.00     4.49
 20060511.140000    -9.55    -6.64    62.84     1.73     0.01     4.82     5.45
 20060511.170000    -8.99    -6.24    62.78     1.93     0.04     5.19     6.01
 20060511.200000    -8.43    -5.84    63.46     1.89     0.06     5.17     6.13
 20060511.230000    -8.47    -5.97    64.25     1.85     0.07     5.11     6.07
 20060512.020000    -8.51    -6.10    64.80     1.81     0.07     5.03     5.94
 20060512.050000    -7.78    -6.54    64.91     1.73     0.05     4.87     5.71
 20060512.080000    -7.05    -6.98    64.74     1.63     0.03     4.70     5.55
 20060512.110000    -5.80    -5.79    66.56     1.41     0.03     4.51     5.52
 20060512.140000    -4.55    -4.61    70.53     1.17     0.03     4.34     5.48
 20060512.170000    -4.42    -2.45    77.70     0.99     0.04     4.28     5.40
 20060512.200000    -4.29    -0.29    86.69     0.88     0.04     4.25     5.31
 20060512.230000    -4.17    -1.85    94.31     0.82     0.04     4.18     5.15
 20060513.020000    -4.06    -3.41    96.79     0.81     0.05     4.07     4.89
 20060513.050000    -4.03    -4.44    93.70     0.84     0.06     3.99     4.41
 20060513.080000    -4.01    -5.47    88.24     0.89     0.07     4.01     4.42
 20060513.110000    -5.14    -5.84    82.76     0.99     0.08     4.10     4.45
 20060513.140000    -6.27    -6.20    77.71     1.18     0.08     4.27     4.65
 20060513.170000    -7.27    -8.12    71.35     1.52     0.08     4.64     5.12
 20060513.200000    -8.28   -10.03    64.96     2.11     0.08     5.31     6.00
 20060513.230000    -8.34   -10.57    59.95     2.60     0.28     5.96     6.78
 20060514.020000    -8.40   -11.10    57.36     2.78     0.46     6.20     7.11
 20060514.050000    -7.58   -12.05    55.50     2.80     0.45     6.17     7.05
 20060514.080000    -6.76   -12.99    53.72     2.81     0.40     6.12     7.03
 20060514.110000    -8.02   -12.11    53.57     2.84     0.40     6.13     7.06
 20060514.140000    -9.27   -11.22    54.76     2.92     0.44     6.21     7.12
 20060514.170000    -9.89   -10.19    56.24     2.94     0.46     6.26     7.21
 20060514.200000   -10.52    -9.16    57.77     2.91     0.44     6.23     7.19
 20060514.230000   -10.07   -10.20    57.84     2.90     0.43     6.21     7.15
 20060515.020000    -9.62   -11.24    56.85     2.90     0.41     6.16     7.02
 20060515.050000    -8.85   -11.56    55.68     2.80     0.34     6.04     6.87
 20060515.080000    -8.09   -11.89    54.63     2.73     0.27     5.92     6.79
 20060515.110000    -8.46   -10.39    55.00     2.63     0.26     5.81     6.76
 20060515.140000    -8.82    -8.88    56.37     2.47     0.31     5.68     6.61
 20060515.170000    -9.65    -8.41    59.40     2.47     0.43     5.76     6.44
 20060515.200000   -10.48    -7.94    63.04     2.62     0.56     6.01     6.57
 20060515.230000   -10.87    -8.39    65.19     2.80     0.66     6.25     6.77
 20060516.020000   -11.28    -8.83    66.08     2.92     0.70     6.36     6.86
 20060516.050000   -10.97   -10.27    65.80     3.02     0.75     6.45     6.85
 20060516.080000   -10.66   -11.70    65.98     3.24     0.93     6.71     6.98
 20060516.110000   -10.68    -9.33    72.60     3.34     1.22     7.09     7.06
 20060516.140000   -10.71    -6.95    85.47     3.28     1.42     7.39     6.84
 20060516.170000    -9.78    -6.73    96.79     3.17     1.46     7.38     7.86
 20060516.200000    -8.84    -6.51   103.76     3.00     1.37     7.19     7.68
 20060516.230000   -10.61    -6.68   101.76     3.05     1.34     7.08     7.54
 20060517.020000   -12.37    -6.85   102.21     3.50     1.62     7.61     6.68
 20060517.050000   -13.46    -6.52   106.24     4.03     2.05     8.25     7.22
 20060517.080000   -14.54    -6.18   106.99     4.44     2.36     8.54     8.58
 20060517.110000   -15.70    -0.77   117.55     4.63     2.60     8.71     9.59
 20060517.140000   -16.85     4.65   135.39     4.99     2.96     8.91    12.92
 20060517.170000   -14.97     8.50   150.29     5.34     3.44     9.30    12.67
 20060517.200000   -13.08    12.35   157.20     5.54     3.59     9.25    12.26
 20060517.230000    -5.74    13.14   164.23     5.10     3.21     8.97    11.18
 20060518.020000     1.59    13.93   172.72     4.68     2.60     8.45    10.16
 20060518.050000     7.34     7.12   183.17     3.78     1.88     7.97     9.69
 20060518.080000    13.09     0.33   200.78     3.17     1.22     7.03     9.17
 20060518.110000    10.82     0.30   219.04     2.64     0.66     6.25     7.95
 20060518.140000     8.54     0.28   223.93     2.02     0.33     5.63     7.47
 20060518.170000     7.36    -0.90   221.43     1.60     0.18     5.18     7.24
 20060518.200000     6.18    -2.08   218.33     1.37     0.11     4.94     7.16
 20060518.230000     5.82    -3.41   221.12     1.26     0.08     4.73     7.11
 20060519.020000     5.45    -4.73   229.62     1.20     0.06     4.52     7.06
 20060519.050000     4.31    -4.22   231.53     1.12     0.05     4.42     7.00
 20060519.080000     3.15    -3.70   221.26     1.01     0.04     4.43     6.92
 20060519.110000     0.27    -2.74   202.34     0.88     0.03     4.69     6.78
 20060519.140000    -2.62    -1.77   190.51     0.81     0.03     4.90     6.69
 20060519.170000    -4.07    -1.54   181.76     0.79     0.03     4.83     6.62
 20060519.200000    -5.53    -1.31   156.59     0.84     0.02     4.43     6.56
 20060519.230000    -5.97    -2.29   127.62     0.90     0.02     4.24     6.51
 20060520.020000    -6.40    -3.27   104.91     0.96     0.02     4.18     4.05
 20060520.050000    -6.34    -4.21    86.56     1.03     0.02     4.14     4.24
 20060520.080000    -6.28    -5.14    75.54     1.08     0.01     4.16     4.50
 20060520.110000    -6.50    -4.62    71.55     1.09     0.01     4.16     4.58
 20060520.140000    -6.72    -4.10    70.63     1.07     0.01     4.12     4.58
 20060520.170000    -5.38    -3.78    72.25     1.00     0.01     4.04     4.69
 20060520.200000    -4.05    -3.47    76.67     0.89     0.01     3.97     4.69
 20060520.230000    -3.95    -3.66    81.78     0.84     0.01     3.92     4.73
 20060521.020000    -3.84    -3.86    84.05     0.81     0.01     3.84     4.67
 20060521.050000    -4.22    -3.84    84.25     0.80     0.01     3.76     4.53
 20060521.080000    -4.59    -3.82    86.49     0.80     0.01     3.77     4.47
 20060521.110000    -4.70    -2.00    93.63     0.80     0.01     3.87     4.67
 20060521.140000    -4.81    -0.19   101.46     0.78     0.01     3.91     5.35
 20060521.170000    -5.06     0.14   106.43     0.76     0.01     3.87     5.41
 20060521.200000    -5.32     0.47   109.37     0.75     0.01     3.80     5.38
 20060521.230000    -3.84     2.32   117.09     0.75     0.01     3.87     5.30
 20060522.020000    -2.37     4.16   128.90     0.78     0.01     4.00     5.28
 20060522.050000    -1.31     4.71   136.01     0.81     0.01     4.08     5.25
 20060522.080000    -0.26     5.26   141.20     0.83     0.01     4.07     5.19
 20060522.110000    -0.10     4.66   143.63     0.83     0.01     4.09     5.18
 20060522.140000     0.05     4.06   145.75     0.81     0.01     4.10     5.22
 20060522.170000    -0.28     2.95   149.37     0.77     0.01     4.15     5.16
 20060522.200000    -0.60     1.84   155.94     0.71     0.00     4.37     5.08
 20060522.230000     0.63     1.30   162.91     0.67     0.00     4.51     5.04
 20060523.020000     1.87     0.75   168.94     0.64     0.00     4.58     5.02
 20060523.050000     1.15     1.17   173.35     0.60     0.00     4.57     5.00
 20060523.080000     0.41     1.60   176.33     0.57     0.00     4.53     4.99
 20060523.110000     1.23     1.11   178.41     0.53     0.00     4.47     4.97
 20060523.140000     2.04     0.63   180.86     0.51     0.00     4.38     4.94
 20060523.170000     1.55     0.13   183.64     0.49     0.00     4.26     4.90
 20060523.200000     1.06    -0.37   186.43     0.48     0.00     4.19     4.83
 20060523.230000    -1.11    -1.24   188.60     0.47     0.00     4.17     4.72
 20060524.020000    -3.27    -2.12   178.15     0.50     0.00     3.78     4.63
 20060524.050000    -4.71    -2.41   122.76     0.61     0.00     3.34     4.46
 20060524.080000    -6.15    -2.71    90.90     0.71     0.00     3.36     3.74
 20060524.110000    -5.13    -2.70    83.18     0.72     0.00     3.48     4.09
 20060524.140000    -4.13    -2.70    78.74     0.68     0.00     3.48     4.22
 20060524.170000    -5.40    -3.68    73.45     0.70     0.00     3.39     4.16
 20060524.200000    -6.67    -4.65    68.12     0.86     0.00     3.51     3.98
 20060524.230000    -4.76    -2.68    72.02     0.87     0.00     3.76     4.53
 20060525.020000    -2.86    -0.71    74.90     0.72     0.00     3.89     4.65
 20060525.050000    -3.44    -1.73    76.62     0.62     0.00     3.82     4.68
 20060525.080000    -4.02    -2.74    76.88     0.60     0.00     3.54     4.65
 20060525.110000    -2.52     0.24    81.53     0.53     0.00     3.50     4.53
 20060525.140000    -1.01     3.24    94.22     0.48     0.00     3.47     4.42
 20060525.170000     0.39     3.05   110.74     0.45     0.00     3.33     4.31
 20060525.200000     1.79     2.86   130.67     0.43     0.00     3.20     4.21
 20060525.230000     2.14     3.40   158.60     0.43     0.00     3.06     4.17
 20060526.020000     2.49     3.94   185.18     0.45     0.00     2.96     3.06
 20060526.050000     3.10     3.30   196.45     0.46     0.00     2.94     3.19
 20060526.080000     3.70     2.67   203.04     0.45     0.00     2.89     3.22
 20060526.110000     4.87     3.62   214.80     0.52     0.00     2.83     3.10
 20060526.140000     6.03     4.57   220.91     0.69     0.00     3.12     3.44
 20060526.170000     4.96     3.80   223.44     0.73     0.00     3.32     3.81
 20060526.200000     3.88     3.01   223.12     0.64     0.00     3.25     3.91
 20060526.230000     4.44     3.53   222.31     0.59     0.00     3.09     3.83
 20060527.020000     5.00     4.03   222.21     0.61     0.00     3.07     3.52
 20060527.050000     4.97     2.98   222.46     0.61     0.00     3.09     3.64
 20060527.080000     4.95     1.92   223.70     0.57     0.00     3.01     3.69
 20060527.110000     5.78     1.84   227.68     0.57     0.00     2.97     3.51
 20060527.140000     6.62     1.76   231.21     0.64     0.00     3.12     3.53
 20060527.170000     6.05     1.29   232.40     0.68     0.00     3.27     3.82
 20060527.200000     5.49     0.83   234.01     0.66     0.00     3.26     4.05
 20060527.230000     5.30     1.15   235.93     0.63     0.00     3.15     4.04
 20060528.020000     5.12     1.47   236.59     0.59     0.00     3.03     3.88
 20060528.050000     5.14     2.44   235.37     0.58     0.00     2.96     3.50
 20060528.080000     5.17     3.41   230.96     0.62     0.00     3.06     3.49
 20060528.110000     2.87     1.56   224.38     0.56     0.00     3.26     3.86
 20060528.140000     0.57    -0.27   218.30     0.46     0.00     3.49     3.94
 20060528.170000     1.66     0.53   215.56     0.40     0.00     3.57     3.96
 20060528.200000     2.76     1.34   217.37     0.41     0.01     3.37     3.98
 20060528.230000    -0.73    -1.82   217.03     0.47     0.01     3.53     4.05
 20060529.020000    -4.22    -4.97   103.18     0.64     0.01     3.25     4.29
 20060529.050000    -5.44    -5.04    55.39     0.83     0.01     3.50     3.89
 20060529.080000    -6.66    -5.10    57.47     0.98     0.01     3.76     4.24
 20060529.110000    -4.89    -4.70    60.57     0.96     0.01     3.86     4.61
 20060529.140000    -3.12    -4.30    62.69     0.84     0.01     3.78     4.69
 20060529.170000    -4.20    -4.91    61.01     0.78     0.01     3.58     4.62
 20060529.200000    -5.29    -5.51    59.82     0.80     0.01     3.48     4.05
 20060529.230000    -5.55    -3.93    61.21     0.79     0.00     3.46     4.09
 20060530.020000    -5.79    -2.35    62.93     0.74     0.00     3.34     4.09
 20060530.050000    -6.38    -3.27    64.83     0.74     0.00     3.28     3.81
 20060530.080000    -6.97    -4.18    65.68     0.85     0.00     3.49     3.97
 20060530.110000    -5.24    -4.78    66.11     0.86     0.00     3.63     4.21
 20060530.140000    -3.51    -5.37    63.97     0.80     0.00     3.54     4.36
 20060530.170000    -5.83    -5.48    60.25     0.83     0.00     3.48     4.09
 20060530.200000    -8.15    -5.59    61.71     1.13     0.00     3.87     4.35
 20060530.230000    -5.70    -3.05    66.35     1.08     0.00     4.08     4.93
 20060531.020000    -3.25    -0.51    69.38     0.86     0.00     4.11     5.04
 20060531.050000    -3.28     0.33    72.59     0.71     0.00     4.16     5.08
 20060531.080000    -3.29     1.17    78.92     0.65     0.00     4.00     5.06
 20060531.110000    -2.29     2.42    91.39     0.60     0.00     3.80     4.97
 20060531.140000    -1.29     3.67   118.61     0.58     0.00     3.62     4.83
 20060531.170000    -1.40     3.86   150.15     0.56     0.00     3.50     4.51
 20060531.200000    -1.50     4.04   166.70     0.55     0.00     3.41     4.39
 20060531.230000     0.11     5.13   178.64     0.58     0.00     3.28     4.29
 20060601.020000     1.73     6.22   189.97     0.66     0.00     3.29     4.04
 20060601.050000     2.68     5.70   196.32     0.72     0.00     3.43     4.03
 20060601.080000     3.62     5.19   199.68     0.74     0.00     3.49     4.20
