  Time              windx     windy     DIR    HS      HSWEll     TMM10     TPS
 19960701.080000     1.99     4.27   208.98     0.72     0.00     3.77     4.66
 19960701.110000     2.44     5.09   208.73     0.73     0.00     3.70     4.61
 19960701.140000     2.88     5.91   209.00     0.76     0.00     3.68     4.53
 19960701.170000     2.69     4.66   210.07     0.76     0.00     3.73     4.58
 19960701.200000     2.48     3.39   210.65     0.72     0.00     3.73     4.64
 19960701.230000     2.00     3.73   210.49     0.69     0.00     3.67     4.67
 19960702.020000     1.46     4.01   210.04     0.67     0.00     3.62     4.69
 19960702.050000     1.19     4.05   209.35     0.66     0.00     3.56     4.71
 19960702.080000     0.93     4.07   208.28     0.64     0.00     3.50     4.71
 19960702.110000     1.08     4.10   207.14     0.62     0.00     3.44     4.64
 19960702.140000     1.24     4.12   206.36     0.61     0.00     3.40     4.50
 19960702.170000     0.57     3.39   205.18     0.59     0.00     3.43     4.38
 19960702.200000    -0.13     2.56   204.03     0.55     0.00     3.62     4.48
 19960702.230000    -0.45     2.87   203.49     0.52     0.00     3.72     4.68
 19960703.020000    -0.77     3.15   202.07     0.51     0.00     3.68     4.81
 19960703.050000    -0.45     2.49   200.76     0.49     0.00     3.63     4.82
 19960703.080000    -0.13     1.81   200.35     0.46     0.00     3.69     4.79
 19960703.110000    -0.02     2.58   199.57     0.44     0.00     3.79     4.78
 19960703.140000     0.08     3.34   198.16     0.44     0.00     3.70     4.81
 19960703.170000    -0.48     2.62   196.69     0.44     0.00     3.67     4.84
 19960703.200000    -1.01     1.70   194.39     0.43     0.00     3.73     4.79
 19960703.230000    -1.55     2.11   187.68     0.42     0.00     3.73     4.63
 19960704.020000    -2.08     2.51   176.78     0.43     0.00     3.62     4.53
 19960704.050000    -1.31     2.08   169.36     0.44     0.00     3.61     4.45
 19960704.080000    -0.48     1.58   165.74     0.43     0.00     3.72     4.38
 19960704.110000    -0.39     2.30   162.97     0.42     0.00     3.78     4.35
 19960704.140000    -0.31     3.00   161.34     0.43     0.00     3.66     4.33
 19960704.170000    -0.56     2.83   159.82     0.43     0.00     3.58     4.31
 19960704.200000    -0.81     2.64   158.18     0.43     0.00     3.56     4.31
 19960704.230000    -0.39     2.12   156.71     0.43     0.00     3.60     4.34
 19960705.020000     0.03     1.55   154.96     0.42     0.00     3.79     4.39
 19960705.050000    -0.12     1.31   154.07     0.41     0.00     3.89     4.43
 19960705.080000    -0.27     1.04   153.70     0.40     0.00     3.93     4.44
 19960705.110000     0.41     2.03   153.67     0.38     0.00     3.92     4.41
 19960705.140000     1.10     2.86   158.05     0.39     0.00     3.63     4.36
 19960705.170000     0.39     2.55   159.95     0.38     0.00     3.47     4.28
 19960705.200000    -0.36     2.07   159.17     0.36     0.00     3.40     4.21
 19960705.230000     0.38     2.55   158.63     0.34     0.00     3.34     4.15
 19960706.020000     1.11     2.83   161.04     0.34     0.00     3.19     4.09
 19960706.050000     1.35     1.94   161.36     0.34     0.00     3.14     4.04
 19960706.080000     1.46     0.81   157.57     0.32     0.00     3.27     4.00
 19960706.110000     1.54     1.48   154.97     0.30     0.00     3.33     3.96
 19960706.140000     1.55     2.10   156.71     0.30     0.00     3.24     3.93
 19960706.170000     1.15     2.44   158.74     0.30     0.00     3.14     3.91
 19960706.200000     0.72     2.68   160.08     0.31     0.00     3.06     3.90
 19960706.230000     1.38     3.01   165.32     0.32     0.00     2.92     3.91
 19960707.020000     2.02     3.27   177.30     0.35     0.00     2.76     3.88
 19960707.050000     2.55     2.14   184.50     0.35     0.00     2.75     2.93
 19960707.080000     2.74     0.62   188.28     0.34     0.00     2.78     3.03
 19960707.110000     2.34     1.22   191.49     0.32     0.00     2.80     3.13
 19960707.140000     1.73     1.74   191.81     0.31     0.00     2.82     3.18
 19960707.170000     1.28     2.06   190.68     0.29     0.00     2.85     3.23
 19960707.200000     0.74     2.29   188.91     0.28     0.00     2.87     3.26
 19960707.230000     1.40     2.14   188.93     0.27     0.00     2.83     3.28
 19960708.020000     1.98     1.84   191.10     0.27     0.00     2.77     3.27
 19960708.050000     2.04     1.16   192.03     0.27     0.00     2.78     3.24
 19960708.080000     1.95     0.38   189.45     0.25     0.00     2.90     3.24
 19960708.110000     1.77     0.66   186.00     0.24     0.00     2.99     3.25
 19960708.140000     1.53     0.92   182.64     0.23     0.00     3.05     3.26
 19960708.170000     1.10     1.23   179.56     0.23     0.00     3.10     3.27
 19960708.200000     0.53     1.43   177.28     0.22     0.00     3.14     3.28
 19960708.230000     0.61     1.15   175.94     0.22     0.00     3.16     3.29
 19960709.020000     0.68     0.83   175.33     0.21     0.00     3.17     3.30
 19960709.050000     1.42     0.86   175.33     0.21     0.00     3.18     3.30
 19960709.080000     2.09     0.84   186.81     0.22     0.00     2.84     3.29
 19960709.110000     1.72     1.19   188.41     0.22     0.00     2.86     3.26
 19960709.140000     1.25     1.48   187.98     0.21     0.00     2.88     3.22
 19960709.170000     1.27     1.93   189.98     0.21     0.00     2.78     3.18
 19960709.200000     1.27     2.35   193.75     0.22     0.00     2.63     3.14
 19960709.230000     1.89     2.25   199.05     0.24     0.00     2.50     3.05
 19960710.020000     2.45     2.06   205.08     0.26     0.00     2.45     2.89
 19960710.050000     2.76     2.14   210.48     0.28     0.00     2.44     2.81
 19960710.080000     3.06     2.21   215.05     0.30     0.00     2.45     2.84
 19960710.110000     3.08     2.87   216.76     0.33     0.00     2.48     2.89
 19960710.140000     3.05     3.49   216.16     0.37     0.00     2.58     2.99
 19960710.170000     2.72     3.55   215.26     0.39     0.00     2.69     3.13
 19960710.200000     2.38     3.59   214.41     0.40     0.00     2.77     3.22
 19960710.230000     3.30     4.37   214.01     0.47     0.00     2.80     3.20
 19960711.020000     4.21     5.14   214.61     0.61     0.00     3.08     3.42
 19960711.050000     4.10     4.78   212.80     0.71     0.00     3.42     3.85
 19960711.080000     3.99     4.41   210.43     0.76     0.00     3.64     4.26
 19960711.110000     4.29     5.18   209.51     0.82     0.00     3.80     4.57
 19960711.140000     4.58     5.92   210.04     0.92     0.00     3.94     4.69
 19960711.170000     4.31     5.12   211.07     0.96     0.00     4.05     4.92
 19960711.200000     4.03     4.30   212.30     0.94     0.00     4.08     5.04
 19960711.230000     3.04     5.43   212.37     0.93     0.00     4.04     5.08
 19960712.020000     1.86     6.28   210.85     0.92     0.00     3.99     5.07
 19960712.050000     2.67     5.11   210.45     0.89     0.00     3.94     5.05
 19960712.080000     3.38     3.67   211.09     0.85     0.00     3.89     5.04
 19960712.110000     3.77     3.51   211.73     0.82     0.00     3.81     5.01
 19960712.140000     4.15     3.33   212.03     0.80     0.01     3.72     4.92
 19960712.170000     3.15     2.80   211.30     0.76     0.01     3.68     4.85
 19960712.200000     2.13     2.26   208.52     0.68     0.01     3.82     4.85
 19960712.230000     2.57     2.42   207.32     0.63     0.01     3.80     4.87
 19960713.020000     3.00     2.57   207.11     0.62     0.00     3.74     4.89
 19960713.050000     2.21     2.07   206.42     0.60     0.00     3.72     4.92
 19960713.080000     1.41     1.58   205.30     0.58     0.00     3.74     4.94
 19960713.110000     1.93     1.92   203.44     0.54     0.00     3.87     4.95
 19960713.140000     2.46     2.26   203.22     0.52     0.00     3.80     4.94
 19960713.170000     1.91     2.11   202.71     0.50     0.00     3.74     4.92
 19960713.200000     1.33     1.95   201.80     0.49     0.00     3.70     4.89
 19960713.230000     0.79     1.61   200.50     0.46     0.00     3.69     4.85
 19960714.020000     0.23     1.22   199.20     0.42     0.01     3.82     4.79
 19960714.050000    -0.02     1.46   197.34     0.39     0.00     3.91     4.70
 19960714.080000    -0.29     1.65   195.98     0.37     0.00     3.96     4.63
 19960714.110000     0.03     2.50   194.34     0.37     0.00     3.84     4.59
 19960714.140000     0.35     3.32   193.35     0.38     0.00     3.58     4.55
 19960714.170000     0.27     2.53   193.31     0.38     0.00     3.44     4.52
 19960714.200000     0.20     1.76   193.90     0.37     0.00     3.47     4.48
 19960714.230000     0.10     2.95   193.22     0.36     0.00     3.41     4.44
 19960715.020000     0.01     4.15   190.12     0.40     0.00     3.08     4.40
 19960715.050000     0.62     3.46   189.49     0.41     0.00     3.00     4.31
 19960715.080000     1.20     2.62   189.13     0.40     0.00     3.02     4.19
 19960715.110000     1.39     2.90   188.33     0.39     0.00     3.04     4.14
 19960715.140000     1.58     3.18   186.87     0.40     0.00     3.03     4.14
 19960715.170000     0.52     2.64   183.09     0.39     0.00     3.08     4.14
 19960715.200000    -0.66     1.72   176.90     0.37     0.00     3.30     4.17
 19960715.230000     0.33     2.47   171.24     0.36     0.00     3.43     4.20
 19960716.020000     1.37     2.84   170.46     0.37     0.00     3.36     4.23
 19960716.050000     1.31     2.27   169.85     0.38     0.00     3.33     4.25
 19960716.080000     1.23     1.69   168.47     0.37     0.00     3.35     4.23
 19960716.110000     1.01     2.76   169.66     0.36     0.00     3.30     4.20
 19960716.140000     0.72     3.71   173.99     0.38     0.00     3.08     4.17
 19960716.170000     0.24     2.72   174.40     0.37     0.00     3.02     4.12
 19960716.200000    -0.25     1.67   173.29     0.34     0.00     3.15     4.06
 19960716.230000     0.37     2.69   174.50     0.32     0.00     3.12     4.00
 19960717.020000     0.99     3.60   180.59     0.34     0.00     2.87     3.93
 19960717.050000     0.56     3.08   183.48     0.34     0.00     2.81     3.76
 19960717.080000     0.11     2.52   183.69     0.33     0.00     2.83     3.65
 19960717.110000     0.57     3.09   184.28     0.33     0.00     2.81     3.60
 19960717.140000     1.03     3.61   187.23     0.34     0.00     2.75     3.53
 19960717.170000     0.53     3.01   188.63     0.34     0.00     2.80     3.46
 19960717.200000     0.02     2.36   188.62     0.33     0.00     2.92     3.52
 19960717.230000    -0.12     2.77   188.31     0.33     0.00     3.02     3.62
 19960718.020000    -0.26     3.18   188.49     0.35     0.00     3.06     3.73
 19960718.050000    -1.17     3.07   187.15     0.37     0.00     3.09     3.82
 19960718.080000    -2.03     2.70   184.39     0.38     0.00     3.11     3.89
 19960718.110000    -1.98     3.49   179.78     0.41     0.00     3.08     3.94
 19960718.140000    -1.90     4.24   175.18     0.45     0.00     3.04     3.75
 19960718.170000    -1.73     3.22   174.38     0.46     0.00     3.11     3.73
 19960718.200000    -1.53     2.17   175.04     0.45     0.00     3.23     3.88
 19960718.230000    -2.53     2.65   173.08     0.46     0.00     3.31     4.07
 19960719.020000    -3.51     3.10   164.97     0.51     0.01     3.30     4.22
 19960719.050000    -3.84     2.97   159.50     0.57     0.01     3.44     4.32
 19960719.080000    -4.16     2.82   155.69     0.64     0.01     3.64     4.45
 19960719.110000    -3.22     2.83   154.48     0.68     0.02     3.91     4.61
 19960719.140000    -2.19     2.79   154.90     0.72     0.02     4.22     4.82
 19960719.170000    -2.88     2.23   156.10     0.76     0.02     4.46     5.03
 19960719.200000    -3.41     1.53   158.59     0.78     0.03     4.61     5.19
 19960719.230000    -3.88     1.62   161.23     0.80     0.02     4.64     5.37
 19960720.020000    -4.35     1.70   162.27     0.82     0.02     4.62     5.49
 19960720.050000    -4.39     1.08   162.16     0.85     0.02     4.65     5.63
 19960720.080000    -4.35     0.43   160.47     0.88     0.02     4.77     5.94
 19960720.110000    -5.11     0.55   155.29     0.95     0.02     4.88     6.14
 19960720.140000    -5.86     0.67   148.88     1.03     0.03     4.94     6.24
 19960720.170000    -5.06     0.53   145.63     1.07     0.03     5.00     6.26
 19960720.200000    -4.25     0.40   143.64     1.04     0.03     4.99     6.22
 19960720.230000    -5.16     1.24   141.29     1.01     0.03     4.87     6.15
 19960721.020000    -6.00     2.06   139.60     1.04     0.04     4.76     6.09
 19960721.050000    -6.23     2.23   140.19     1.11     0.05     4.79     6.05
 19960721.080000    -6.46     2.39   140.81     1.17     0.05     4.88     6.07
 19960721.110000    -6.78     2.95   140.97     1.21     0.05     4.88     6.07
 19960721.140000    -7.07     3.51   141.62     1.28     0.04     4.89     6.04
 19960721.170000    -6.36     3.94   143.82     1.36     0.04     4.98     6.14
 19960721.200000    -5.58     4.33   146.26     1.39     0.05     5.13     6.33
 19960721.230000    -5.55     4.18   147.79     1.38     0.05     5.15     6.47
 19960722.020000    -5.50     4.02   148.99     1.36     0.05     5.09     6.48
 19960722.050000    -6.03     3.95   150.04     1.34     0.06     5.03     6.41
 19960722.080000    -6.54     3.87   152.26     1.37     0.10     5.09     6.33
 19960722.110000    -6.16     4.90   157.62     1.48     0.20     5.38     6.48
 19960722.140000    -5.66     5.87   164.01     1.64     0.32     5.78     7.04
 19960722.170000    -4.93     5.07   169.60     1.73     0.45     6.17     7.72
 19960722.200000    -4.21     4.28   174.10     1.76     0.54     6.47     8.34
 19960722.230000    -3.81     4.37   177.46     1.78     0.61     6.66     8.67
 19960723.020000    -3.38     4.44   179.59     1.79     0.65     6.75     8.93
 19960723.050000    -3.68     4.27   180.25     1.78     0.63     6.73     9.22
 19960723.080000    -3.97     4.08   179.96     1.74     0.59     6.61     9.25
 19960723.110000    -3.78     4.29   179.64     1.69     0.55     6.48     9.05
 19960723.140000    -3.57     4.49   179.94     1.65     0.54     6.40     8.95
 19960723.170000    -3.45     3.94   180.96     1.63     0.52     6.34     8.97
 19960723.200000    -3.31     3.38   182.04     1.58     0.47     6.25     8.90
 19960723.230000    -2.72     3.23   182.74     1.51     0.40     6.13     8.68
 19960724.020000    -2.09     3.06   182.99     1.41     0.32     5.97     8.49
 19960724.050000    -2.74     1.69   183.78     1.30     0.25     5.89     8.27
 19960724.080000    -2.71    -0.31   184.87     1.20     0.20     5.85     8.05
 19960724.110000    -2.57    -1.04   185.61     1.11     0.16     5.80     7.91
 19960724.140000    -2.23    -1.71   185.78     1.05     0.13     5.69     7.80
 19960724.170000    -1.89    -3.12   185.39     1.01     0.14     5.58     7.65
 19960724.200000    -1.32    -4.29   183.35     1.01     0.18     5.48     7.44
 19960724.230000    -0.11    -4.22   179.25     1.03     0.22     5.48     7.36
 19960725.020000     1.17    -3.78   175.20     1.07     0.25     5.57     7.36
 19960725.050000     0.55    -5.40   172.79     1.12     0.25     5.54     7.43
 19960725.080000    -0.08    -6.90   164.16     1.21     0.24     5.30     7.54
 19960725.110000     0.17    -5.12   154.98     1.22     0.21     5.30     7.62
 19960725.140000     0.43    -3.31   156.94     1.16     0.19     5.40     7.59
 19960725.170000    -0.75    -6.21   156.71     1.13     0.18     5.30     7.52
 19960725.200000    -1.93    -8.97    85.02     1.30     0.18     4.79     4.95
 19960725.230000    -0.89    -9.21    59.12     1.45     0.20     4.88     5.14
 19960726.020000     0.17    -9.34    52.36     1.56     0.24     5.09     5.61
 19960726.050000     0.19    -9.26    49.85     1.65     0.28     5.30     6.01
 19960726.080000     0.22    -9.19    49.36     1.66     0.30     5.36     6.18
 19960726.110000     0.82    -6.73    58.98     1.53     0.30     5.36     6.29
 19960726.140000     1.42    -4.13   103.08     1.37     0.31     5.55     6.45
 19960726.170000     3.95    -3.01   161.50     1.36     0.34     5.95     7.02
 19960726.200000     5.52    -0.60   181.99     1.45     0.39     6.20     7.88
 19960726.230000     5.20     1.59   187.64     1.52     0.45     6.33     8.05
 19960727.020000     3.85     3.68   186.88     1.58     0.52     6.48     7.94
 19960727.050000     4.25     4.33   185.63     1.66     0.55     6.57     7.90
 19960727.080000     4.65     4.97   185.30     1.76     0.54     6.57     8.05
 19960727.110000     4.63     5.80   184.56     1.87     0.56     6.61     8.12
 19960727.140000     4.59     6.60   185.25     1.98     0.58     6.60     8.21
 19960727.170000     4.38     7.02   187.35     2.00     0.56     6.54     8.26
 19960727.200000     4.15     7.43   189.84     1.98     0.49     6.39     8.17
 19960727.230000     3.12     7.83   191.31     1.94     0.40     6.22     7.95
 19960728.020000     2.02     8.08   191.94     1.89     0.32     6.06     7.70
 19960728.050000     2.55     7.34   192.95     1.80     0.25     5.90     7.37
 19960728.080000     3.06     6.53   194.24     1.69     0.18     5.68     7.17
 19960728.110000     2.05     6.47   194.68     1.57     0.12     5.44     6.90
 19960728.140000     1.01     6.27   194.19     1.46     0.08     5.21     6.64
 19960728.170000     0.06     5.50   192.45     1.34     0.05     5.06     6.49
 19960728.200000    -0.89     4.56   189.89     1.23     0.03     4.96     6.36
 19960728.230000    -1.38     3.81   187.01     1.13     0.03     4.88     6.20
 19960729.020000    -1.82     2.95   185.10     1.04     0.02     4.81     6.09
 19960729.050000    -2.64     3.04   182.85     0.97     0.02     4.69     6.00
 19960729.080000    -3.41     3.07   179.47     0.93     0.02     4.54     5.93
 19960729.110000    -2.61     1.97   177.90     0.89     0.02     4.46     5.87
 19960729.140000    -1.77     0.83   177.27     0.83     0.02     4.52     5.82
 19960729.170000    -3.34    -1.59   176.52     0.78     0.03     4.72     5.81
 19960729.200000    -3.70    -3.98   165.12     0.83     0.03     4.48     5.85
 19960729.230000    -3.08    -3.91   154.41     0.87     0.04     4.44     5.92
 19960730.020000    -2.44    -3.80   153.93     0.87     0.04     4.48     6.01
 19960730.050000    -1.86    -5.48   147.58     0.89     0.05     4.45     6.12
 19960730.080000    -1.18    -6.96   114.55     0.98     0.06     4.35     6.20
 19960730.110000    -1.10    -6.35    92.54     1.04     0.07     4.46     5.22
 19960730.140000    -1.02    -5.75    87.52     1.05     0.07     4.57     5.61
 19960730.170000     0.63    -4.84    89.85     1.02     0.07     4.64     5.80
 19960730.200000     2.30    -3.18    98.51     0.99     0.07     4.81     5.92
 19960730.230000     3.12    -3.10   101.89     0.99     0.07     5.00     6.09
 19960731.020000     3.89    -2.96   103.34     1.01     0.08     5.06     6.28
 19960731.050000     4.15    -2.59   112.68     1.03     0.10     5.09     6.44
 19960731.080000     4.37    -2.19   129.51     1.03     0.12     5.12     6.51
 19960731.110000     4.93    -2.49   150.90     1.06     0.13     5.12     6.56
 19960731.140000     5.48    -2.78   174.69     1.11     0.14     5.11     6.63
 19960731.170000     6.90    -2.62   204.52     1.22     0.15     5.00     6.63
 19960731.200000     8.28    -2.42   222.93     1.38     0.16     5.02     6.16
 19960731.230000     7.80    -2.52   225.07     1.49     0.17     5.22     6.38
 19960801.020000     7.32    -2.60   223.49     1.51     0.19     5.38     6.68
 19960801.050000     8.51    -0.90   226.34     1.54     0.21     5.37     6.74
 19960801.080000     9.28     0.89   226.90     1.62     0.20     5.29     6.64
