20150101
20150102
20150108
20150111
20150112
20150113
20150117
20150119
20150120
20150128
20150131
20150208
20150209
20150219
20150304
20150305
20150309
20150310
20150311
20150324
20150325
20150406
20150407
20150408
20150511
20150521
20150523
20150524
20150622
20150623
20150624
20150706
20150707
20150708
20150709
20150712
20150713
20150716
20150717
20150719
20150720
20150721
20150722
20150821
20150822
20150823
20150824
20151003
20151004
20151016
20151017
20151018
20151019
20151021
20151031
20151110
20151111
20151127
20151203
20151204
20151205
20151207
20151208
20151216
20151217
20151218
20151219
20151228
20151229
20151231
