20150101	6
20150102	1
20150108	3
20150111	1
20150112	8
20150113	2
20150117	4
20150119	4
20150120	1
20150128	8
20150131	4
20150208	3
20150209	4
20150219	3
20150304	3
20150305	1
20150309	1
20150310	8
20150311	1
20150324	5
20150325	8
20150406	4
20150407	6
20150408	5
20150511	7
20150521	7
20150523	1
20150524	5
20150622	2
20150623	8
20150624	1
20150706	2
20150707	5
20150708	2
20150709	4
20150712	3
20150713	3
20150716	8
20150717	1
20150719	5
20150720	8
20150721	8
20150722	1
20150821	6
20150822	8
20150823	8
20150824	1
20151003	2
20151004	3
20151016	1
20151017	8
20151018	6
20151019	1
20151021	2
20151031	1
20151110	3
20151111	1
20151127	3
20151203	3
20151204	4
20151205	3
20151207	1
20151208	8
20151216	1
20151217	8
20151218	3
20151219	1
20151228	3
20151229	2
20151231	3
