  Time              windx     windy     DIR    HS      HSWEll     TMM10     TPS
 20130501.080000    -9.68    -9.41   201.02     1.70     0.01     4.72     5.46
 20130501.090000    -9.92    -9.29   160.90     1.60     0.03     4.56     5.49
 20130501.100000   -10.15    -9.17    61.99     1.91     0.08     4.87     5.48
 20130501.110000   -10.39    -9.06    58.56     2.38     0.18     5.49     6.08
 20130501.120000   -10.61    -8.92    59.54     2.66     0.29     5.87     6.60
 20130501.130000   -10.83    -8.80    60.14     2.80     0.37     6.07     6.83
 20130501.140000   -11.05    -8.67    60.48     2.87     0.42     6.14     6.98
 20130501.150000   -10.87    -8.54    60.64     2.89     0.43     6.17     7.05
 20130501.160000   -10.68    -8.42    60.74     2.87     0.43     6.14     7.05
 20130501.170000   -10.49    -8.30    60.79     2.81     0.41     6.08     7.00
 20130501.180000   -10.31    -8.17    60.87     2.75     0.38     6.00     6.92
 20130501.190000   -10.12    -8.05    60.94     2.68     0.34     5.90     6.82
 20130501.200000    -9.93    -7.93    61.05     2.60     0.31     5.80     6.73
 20130501.210000    -9.78    -8.12    61.08     2.54     0.27     5.70     6.64
 20130501.220000    -9.62    -8.30    61.01     2.49     0.24     5.62     6.57
 20130501.230000    -9.46    -8.48    60.86     2.45     0.21     5.55     6.50
 20130502.000000    -9.29    -8.65    60.67     2.42     0.19     5.50     6.46
 20130502.010000    -9.13    -8.82    60.45     2.40     0.17     5.46     6.42
 20130502.020000    -8.96    -8.99    60.18     2.38     0.16     5.43     6.39
 20130502.030000    -8.99    -9.16    59.91     2.37     0.15     5.41     6.37
 20130502.040000    -9.04    -9.32    59.67     2.38     0.14     5.41     6.36
 20130502.050000    -9.07    -9.49    59.49     2.39     0.14     5.42     6.36
 20130502.060000    -9.12    -9.65    59.36     2.41     0.14     5.45     6.39
 20130502.070000    -9.15    -9.81    59.26     2.44     0.15     5.48     6.43
 20130502.080000    -9.19    -9.98    59.19     2.46     0.15     5.52     6.47
 20130502.090000    -9.05    -9.86    59.21     2.47     0.16     5.55     6.51
 20130502.100000    -8.89    -9.74    59.25     2.46     0.16     5.55     6.53
 20130502.110000    -8.74    -9.62    59.24     2.44     0.16     5.52     6.53
 20130502.120000    -8.59    -9.51    59.18     2.41     0.15     5.48     6.51
 20130502.130000    -8.44    -9.39    59.09     2.37     0.14     5.43     6.46
 20130502.140000    -8.29    -9.28    58.97     2.32     0.13     5.37     6.40
 20130502.150000    -8.63    -9.23    58.83     2.30     0.12     5.31     6.31
 20130502.160000    -8.96    -9.19    58.81     2.30     0.11     5.29     6.24
 20130502.170000    -9.29    -9.14    58.90     2.30     0.10     5.29     6.20
 20130502.180000    -9.61    -9.09    59.06     2.32     0.10     5.31     6.19
 20130502.190000    -9.94    -9.03    59.28     2.34     0.10     5.33     6.20
 20130502.200000   -10.26    -8.97    59.58     2.37     0.10     5.37     6.22
 20130502.210000   -10.12    -9.01    59.77     2.39     0.11     5.40     6.25
 20130502.220000    -9.99    -9.04    59.85     2.39     0.11     5.40     6.27
 20130502.230000    -9.86    -9.07    59.92     2.38     0.12     5.39     6.28
 20130503.000000    -9.72    -9.10    60.00     2.37     0.12     5.38     6.27
 20130503.010000    -9.58    -9.13    60.13     2.36     0.13     5.37     6.25
 20130503.020000    -9.44    -9.15    60.29     2.35     0.15     5.35     6.22
 20130503.030000    -9.44    -9.04    60.54     2.34     0.16     5.34     6.19
 20130503.040000    -9.44    -8.93    60.88     2.33     0.17     5.33     6.17
 20130503.050000    -9.44    -8.81    61.26     2.32     0.17     5.32     6.15
 20130503.060000    -9.44    -8.69    61.68     2.31     0.18     5.31     6.14
 20130503.070000    -9.43    -8.57    62.13     2.30     0.18     5.30     6.14
 20130503.080000    -9.43    -8.45    62.58     2.29     0.19     5.30     6.14
 20130503.090000    -9.14    -8.50    62.91     2.28     0.19     5.30     6.14
 20130503.100000    -8.85    -8.56    63.09     2.27     0.19     5.29     6.15
 20130503.110000    -8.56    -8.61    63.15     2.25     0.19     5.27     6.16
 20130503.120000    -8.27    -8.66    63.12     2.23     0.19     5.25     6.16
 20130503.130000    -7.96    -8.70    63.11     2.19     0.19     5.24     6.16
 20130503.140000    -7.67    -8.74    62.94     2.16     0.18     5.24     6.16
 20130503.150000    -7.67    -8.72    62.92     2.13     0.18     5.23     6.15
 20130503.160000    -7.67    -8.69    62.78     2.11     0.17     5.22     6.14
 20130503.170000    -7.67    -8.66    62.65     2.10     0.17     5.20     6.12
 20130503.180000    -7.66    -8.63    62.51     2.08     0.17     5.18     6.10
 20130503.190000    -7.66    -8.59    62.36     2.06     0.16     5.15     6.07
 20130503.200000    -7.66    -8.57    62.20     2.04     0.16     5.12     6.03
 20130503.210000    -7.50    -8.39    62.18     2.02     0.15     5.08     6.00
 20130503.220000    -7.34    -8.21    62.29     1.96     0.14     5.04     5.97
 20130503.230000    -7.17    -8.03    62.40     1.92     0.14     4.99     5.92
 20130504.000000    -7.02    -7.84    62.67     1.86     0.13     4.94     5.87
 20130504.010000    -6.85    -7.67    63.01     1.81     0.13     4.89     5.79
 20130504.020000    -6.69    -7.49    63.77     1.76     0.13     4.86     5.72
 20130504.030000    -6.75    -7.41    64.44     1.71     0.13     4.83     5.67
 20130504.040000    -6.81    -7.33    64.99     1.68     0.13     4.80     5.61
 20130504.050000    -6.88    -7.26    65.53     1.67     0.13     4.78     5.57
 20130504.060000    -6.94    -7.18    66.04     1.66     0.12     4.76     5.55
 20130504.070000    -7.00    -7.11    66.42     1.66     0.12     4.75     5.54
 20130504.080000    -7.05    -7.03    66.70     1.65     0.11     4.73     5.54
 20130504.090000    -7.18    -7.22    66.63     1.65     0.10     4.72     5.53
 20130504.100000    -7.31    -7.41    66.38     1.66     0.09     4.72     5.52
 20130504.110000    -7.44    -7.60    66.12     1.68     0.08     4.75     5.54
 20130504.120000    -7.57    -7.79    65.90     1.71     0.07     4.79     5.58
 20130504.130000    -7.69    -7.97    65.73     1.75     0.07     4.85     5.63
 20130504.140000    -7.82    -8.16    65.61     1.81     0.06     4.93     5.73
 20130504.150000    -8.04    -8.13    65.67     1.86     0.06     5.02     5.87
 20130504.160000    -8.25    -8.09    65.76     1.91     0.06     5.10     5.95
 20130504.170000    -8.46    -8.05    65.69     1.95     0.05     5.17     6.00
 20130504.180000    -8.67    -8.01    65.51     1.98     0.06     5.21     6.03
 20130504.190000    -8.88    -7.97    65.27     2.00     0.06     5.24     6.06
 20130504.200000    -9.09    -7.92    65.02     2.02     0.06     5.26     6.07
 20130504.210000    -8.71    -7.82    64.77     2.02     0.06     5.25     6.08
 20130504.220000    -8.33    -7.72    64.52     1.98     0.06     5.22     6.08
 20130504.230000    -7.96    -7.62    64.32     1.94     0.06     5.17     6.06
 20130505.000000    -7.58    -7.52    64.19     1.89     0.06     5.12     6.04
 20130505.010000    -7.20    -7.41    64.16     1.85     0.06     5.06     6.02
 20130505.020000    -6.81    -7.30    64.20     1.80     0.06     5.01     6.00
 20130505.030000    -6.64    -6.88    64.45     1.76     0.06     4.96     5.99
 20130505.040000    -6.46    -6.47    64.92     1.70     0.06     4.90     5.98
 20130505.050000    -6.28    -6.05    65.54     1.65     0.05     4.84     5.97
 20130505.060000    -6.09    -5.64    66.35     1.58     0.05     4.79     5.95
 20130505.070000    -5.91    -5.21    67.81     1.51     0.04     4.78     5.94
 20130505.080000    -5.72    -4.79    69.02     1.44     0.04     4.76     5.94
 20130505.090000    -5.72    -4.90    70.14     1.39     0.04     4.72     5.92
 20130505.100000    -5.72    -5.00    71.00     1.36     0.04     4.68     5.90
 20130505.110000    -5.72    -5.09    71.75     1.34     0.04     4.64     5.87
 20130505.120000    -5.73    -5.20    72.38     1.33     0.04     4.61     5.85
 20130505.130000    -5.72    -5.30    72.91     1.32     0.04     4.58     5.83
 20130505.140000    -5.72    -5.40    73.26     1.31     0.04     4.54     5.82
 20130505.150000    -6.00    -5.27    73.45     1.29     0.03     4.50     5.79
 20130505.160000    -6.27    -5.15    73.50     1.29     0.03     4.47     5.75
 20130505.170000    -6.54    -5.01    73.47     1.28     0.03     4.43     5.66
 20130505.180000    -6.80    -4.87    73.38     1.27     0.02     4.40     5.52
 20130505.190000    -7.05    -4.73    73.28     1.27     0.02     4.37     5.34
 20130505.200000    -7.30    -4.58    73.19     1.27     0.02     4.36     5.19
 20130505.210000    -7.28    -4.64    73.03     1.27     0.01     4.35     5.16
 20130505.220000    -7.27    -4.71    72.76     1.27     0.01     4.35     5.15
 20130505.230000    -7.26    -4.77    72.35     1.27     0.01     4.34     5.14
 20130506.000000    -7.25    -4.83    71.87     1.26     0.01     4.32     5.14
 20130506.010000    -7.23    -4.90    71.34     1.26     0.01     4.30     5.13
 20130506.020000    -7.22    -4.96    70.77     1.25     0.01     4.28     5.12
 20130506.030000    -6.91    -4.61    70.50     1.23     0.01     4.25     5.12
 20130506.040000    -6.60    -4.26    70.33     1.19     0.01     4.19     5.16
 20130506.050000    -6.28    -3.92    70.14     1.15     0.00     4.12     5.20
 20130506.060000    -5.97    -3.57    70.03     1.11     0.00     4.05     5.19
 20130506.070000    -5.65    -3.22    70.57     1.05     0.00     4.02     5.16
 20130506.080000    -5.34    -2.86    70.98     1.00     0.00     3.99     5.13
 20130506.090000    -5.23    -2.93    71.38     0.95     0.00     3.94     5.10
 20130506.100000    -5.13    -2.99    71.63     0.92     0.00     3.89     5.05
 20130506.110000    -5.02    -3.05    71.88     0.90     0.00     3.82     4.98
 20130506.120000    -4.91    -3.11    72.13     0.87     0.00     3.76     4.91
 20130506.130000    -4.80    -3.17    72.38     0.85     0.00     3.70     4.84
 20130506.140000    -4.69    -3.23    72.66     0.84     0.00     3.64     4.76
 20130506.150000    -4.60    -3.20    73.03     0.82     0.00     3.58     4.67
 20130506.160000    -4.51    -3.16    73.48     0.80     0.00     3.53     4.59
 20130506.170000    -4.41    -3.12    74.02     0.78     0.00     3.47     4.53
 20130506.180000    -4.32    -3.10    74.66     0.77     0.00     3.43     4.48
 20130506.190000    -4.23    -3.06    75.34     0.75     0.00     3.40     4.43
 20130506.200000    -4.13    -3.02    76.15     0.73     0.00     3.38     4.40
 20130506.210000    -4.61    -3.00    76.95     0.72     0.00     3.39     4.39
 20130506.220000    -5.08    -2.96    77.60     0.72     0.00     3.39     4.36
 20130506.230000    -5.54    -2.92    77.93     0.72     0.00     3.40     4.29
 20130507.000000    -5.98    -2.88    78.11     0.74     0.00     3.42     4.16
 20130507.010000    -6.42    -2.83    78.30     0.77     0.00     3.46     4.01
 20130507.020000    -6.86    -2.78    78.46     0.80     0.00     3.53     4.04
 20130507.030000    -6.86    -2.83    78.61     0.83     0.00     3.61     4.13
 20130507.040000    -6.85    -2.89    78.60     0.86     0.00     3.69     4.20
 20130507.050000    -6.85    -2.94    78.38     0.88     0.00     3.75     4.26
 20130507.060000    -6.84    -2.99    77.98     0.90     0.00     3.81     4.35
 20130507.070000    -6.84    -3.05    77.49     0.92     0.00     3.86     4.47
 20130507.080000    -6.83    -3.10    77.00     0.93     0.00     3.90     4.53
 20130507.090000    -6.71    -2.92    76.71     0.93     0.00     3.92     4.58
 20130507.100000    -6.59    -2.75    76.48     0.93     0.00     3.93     4.63
 20130507.110000    -6.46    -2.59    76.32     0.92     0.00     3.92     4.67
 20130507.120000    -6.34    -2.42    76.24     0.91     0.00     3.90     4.70
 20130507.130000    -6.21    -2.25    76.27     0.90     0.00     3.88     4.72
 20130507.140000    -6.07    -2.07    76.42     0.88     0.00     3.86     4.73
 20130507.150000    -6.27    -2.24    76.52     0.88     0.00     3.83     4.73
 20130507.160000    -6.47    -2.42    76.64     0.88     0.01     3.81     4.71
 20130507.170000    -6.67    -2.59    76.81     0.89     0.01     3.81     4.67
 20130507.180000    -6.86    -2.75    77.00     0.90     0.01     3.84     4.61
 20130507.190000    -7.05    -2.93    77.20     0.92     0.01     3.87     4.54
 20130507.200000    -7.25    -3.10    77.36     0.95     0.01     3.93     4.52
 20130507.210000    -6.98    -3.13    77.79     0.97     0.01     3.99     4.58
 20130507.220000    -6.72    -3.17    78.23     0.98     0.01     4.04     4.65
 20130507.230000    -6.45    -3.20    78.44     0.98     0.01     4.06     4.72
 20130508.000000    -6.17    -3.24    78.40     0.97     0.01     4.06     4.81
 20130508.010000    -5.90    -3.28    78.16     0.96     0.01     4.04     4.87
 20130508.020000    -5.62    -3.30    77.81     0.94     0.01     4.01     4.90
 20130508.030000    -5.74    -3.11    77.38     0.93     0.00     3.98     4.90
 20130508.040000    -5.84    -2.92    77.04     0.92     0.00     3.95     4.89
 20130508.050000    -5.95    -2.72    76.84     0.91     0.00     3.92     4.88
 20130508.060000    -6.04    -2.52    76.79     0.90     0.00     3.89     4.86
 20130508.070000    -6.13    -2.32    76.92     0.89     0.00     3.87     4.84
 20130508.080000    -6.22    -2.11    77.29     0.89     0.00     3.85     4.82
 20130508.090000    -6.06    -2.46    77.71     0.88     0.01     3.83     4.80
 20130508.100000    -5.88    -2.81    78.34     0.88     0.01     3.83     4.77
 20130508.110000    -5.67    -3.15    79.22     0.87     0.01     3.83     4.71
 20130508.120000    -5.44    -3.47    80.47     0.87     0.01     3.86     4.67
 20130508.130000    -5.19    -3.79    82.14     0.88     0.01     3.89     4.64
 20130508.140000    -4.92    -4.09    84.27     0.88     0.01     3.94     4.63
 20130508.150000    -5.03    -3.84    87.17     0.90     0.01     4.01     4.64
 20130508.160000    -5.13    -3.58    90.62     0.92     0.02     4.09     4.66
 20130508.170000    -5.22    -3.31    94.26     0.94     0.02     4.18     4.71
 20130508.180000    -5.30    -3.04    97.75     0.96     0.02     4.26     4.89
 20130508.190000    -5.36    -2.75   100.82     0.98     0.02     4.34     6.10
 20130508.200000    -5.42    -2.47   103.36     0.99     0.02     4.39     6.22
 20130508.210000    -5.44    -2.54   105.15     1.00     0.02     4.43     6.30
 20130508.220000    -5.45    -2.62   106.36     1.01     0.02     4.46     6.36
 20130508.230000    -5.46    -2.71   107.23     1.02     0.02     4.48     6.39
 20130509.000000    -5.48    -2.78   107.93     1.03     0.02     4.49     6.41
 20130509.010000    -5.49    -2.86   108.58     1.03     0.02     4.51     6.43
 20130509.020000    -5.50    -2.94   109.23     1.04     0.03     4.54     6.46
 20130509.030000    -5.15    -2.78   110.40     1.05     0.03     4.58     6.48
 20130509.040000    -4.79    -2.62   111.93     1.05     0.03     4.62     6.50
 20130509.050000    -4.45    -2.46   113.50     1.05     0.03     4.66     6.53
 20130509.060000    -4.09    -2.29   115.07     1.04     0.03     4.70     6.55
 20130509.070000    -3.74    -2.13   116.69     1.04     0.03     4.73     6.56
 20130509.080000    -3.39    -1.97   118.79     1.02     0.03     4.79     6.57
 20130509.090000    -3.08    -1.78   121.52     1.01     0.03     4.86     6.57
 20130509.100000    -2.77    -1.59   123.94     0.99     0.03     4.93     6.57
 20130509.110000    -2.46    -1.40   126.02     0.96     0.03     4.99     6.57
 20130509.120000    -2.15    -1.21   127.80     0.94     0.03     5.02     6.56
 20130509.130000    -1.83    -1.02   129.43     0.92     0.03     5.04     6.54
 20130509.140000    -1.52    -0.83   130.98     0.90     0.02     5.07     6.52
 20130509.150000    -1.54    -1.18   132.25     0.88     0.02     5.07     6.48
 20130509.160000    -1.53    -1.51   133.28     0.86     0.02     5.05     6.44
 20130509.170000    -1.48    -1.82   134.15     0.85     0.02     5.01     6.39
 20130509.180000    -1.41    -2.12   134.91     0.83     0.01     4.96     6.30
 20130509.190000    -1.34    -2.40   135.53     0.81     0.01     4.90     6.11
 20130509.200000    -1.25    -2.67   136.01     0.79     0.01     4.84     5.98
 20130509.210000    -1.40    -2.41   136.51     0.78     0.01     4.78     5.89
 20130509.220000    -1.61    -2.08   137.09     0.76     0.01     4.73     5.80
 20130509.230000    -1.88    -1.62   137.73     0.73     0.01     4.68     5.71
 20130510.000000    -2.16    -0.85   138.45     0.71     0.00     4.63     5.60
 20130510.010000    -2.11     0.52   139.30     0.69     0.00     4.60     5.51
 20130510.020000    -0.58     1.93   140.26     0.67     0.00     4.58     5.45
 20130510.030000    -0.47     1.64   141.10     0.65     0.00     4.56     5.39
 20130510.040000    -0.36     1.35   141.82     0.63     0.00     4.54     5.34
 20130510.050000    -0.25     1.06   142.45     0.61     0.00     4.52     5.29
 20130510.060000    -0.15     0.77   142.94     0.59     0.00     4.49     5.23
 20130510.070000    -0.04     0.48   143.29     0.58     0.00     4.47     5.16
 20130510.080000     0.07     0.16   143.50     0.57     0.00     4.44     5.09
 20130510.090000     0.29     0.60   143.60     0.56     0.00     4.41     5.04
 20130510.100000     0.52     1.05   143.62     0.55     0.00     4.39     5.00
 20130510.110000     0.74     1.49   143.63     0.54     0.00     4.36     4.97
 20130510.120000     0.96     1.94   143.84     0.53     0.00     4.33     4.94
 20130510.130000     1.18     2.38   144.97     0.53     0.00     4.24     4.92
 20130510.140000     1.40     2.82   147.02     0.53     0.00     4.12     4.89
 20130510.150000     1.66     3.07   149.68     0.53     0.00     4.00     4.86
 20130510.160000     1.92     3.30   153.47     0.53     0.00     3.85     4.83
 20130510.170000     2.17     3.54   158.36     0.54     0.00     3.70     4.79
 20130510.180000     2.42     3.78   164.74     0.55     0.00     3.52     4.73
 20130510.190000     2.66     4.01   172.45     0.58     0.00     3.36     4.61
 20130510.200000     2.91     4.23   179.29     0.59     0.00     3.28     4.46
 20130510.210000     3.19     4.43   185.24     0.60     0.00     3.23     4.23
 20130510.220000     3.46     4.62   190.60     0.61     0.00     3.21     4.04
 20130510.230000     3.73     4.82   195.20     0.63     0.00     3.20     3.95
 20130511.000000     4.00     5.01   199.01     0.65     0.00     3.21     3.69
 20130511.010000     4.27     5.19   202.06     0.67     0.00     3.25     3.65
 20130511.020000     4.54     5.39   204.50     0.71     0.00     3.28     3.73
 20130511.030000     4.61     4.87   205.90     0.74     0.00     3.33     3.80
 20130511.040000     4.67     4.34   206.83     0.74     0.00     3.35     3.86
 20130511.050000     4.70     3.78   207.63     0.73     0.00     3.36     3.95
 20130511.060000     4.71     3.20   208.49     0.71     0.00     3.35     4.04
 20130511.070000     4.69     2.59   209.48     0.69     0.00     3.33     4.07
 20130511.080000     4.63     1.95   210.87     0.66     0.00     3.32     4.09
 20130511.090000     4.45     2.05   212.29     0.64     0.00     3.28     4.10
 20130511.100000     4.27     2.15   213.16     0.62     0.00     3.25     4.10
 20130511.110000     4.09     2.25   213.78     0.61     0.00     3.22     4.11
 20130511.120000     3.90     2.34   214.01     0.60     0.00     3.20     4.11
 20130511.130000     3.71     2.44   214.02     0.59     0.00     3.18     4.11
 20130511.140000     3.50     2.53   213.79     0.58     0.00     3.17     4.11
 20130511.150000     3.91     3.37   213.81     0.58     0.00     3.14     4.11
 20130511.160000     3.99     4.49   213.52     0.60     0.00     3.12     4.07
 20130511.170000     3.33     5.96   211.13     0.64     0.00     3.12     3.91
 20130511.180000     0.81     7.58   205.04     0.70     0.00     3.17     3.66
 20130511.190000    -5.48     6.38   192.95     0.75     0.00     3.20     3.77
 20130511.200000    -8.51    -4.00   174.68     0.74     0.00     3.15     3.87
 20130511.210000    -8.01    -3.94   128.86     0.75     0.00     3.06     3.37
 20130511.220000    -7.51    -3.89    80.34     0.82     0.00     3.16     3.40
 20130511.230000    -7.01    -3.84    69.75     0.87     0.00     3.39     3.75
 20130512.000000    -6.50    -3.79    67.63     0.89     0.00     3.53     3.99
 20130512.010000    -5.99    -3.73    67.09     0.89     0.00     3.59     4.16
 20130512.020000    -5.48    -3.67    66.88     0.87     0.00     3.61     4.25
 20130512.030000    -5.36    -3.57    66.53     0.85     0.00     3.59     4.35
 20130512.040000    -5.25    -3.47    66.20     0.83     0.00     3.56     4.42
 20130512.050000    -5.15    -3.37    66.05     0.81     0.00     3.52     4.43
 20130512.060000    -5.04    -3.27    66.02     0.79     0.00     3.48     4.42
 20130512.070000    -4.93    -3.17    66.06     0.77     0.00     3.43     4.39
 20130512.080000    -4.82    -3.07    66.52     0.74     0.00     3.39     4.34
 20130512.090000    -4.61    -3.21    66.79     0.72     0.00     3.33     4.26
 20130512.100000    -4.39    -3.34    67.09     0.70     0.00     3.28     4.18
 20130512.110000    -4.16    -3.47    67.28     0.68     0.00     3.23     4.11
 20130512.120000    -3.93    -3.59    67.42     0.66     0.00     3.18     4.05
 20130512.130000    -3.69    -3.70    67.47     0.64     0.00     3.14     4.01
 20130512.140000    -3.43    -3.80    67.20     0.61     0.00     3.12     3.99
 20130512.150000    -3.75    -3.61    66.42     0.60     0.00     3.11     3.96
 20130512.160000    -4.06    -3.39    66.17     0.59     0.00     3.08     3.91
 20130512.170000    -4.35    -3.16    66.20     0.59     0.00     3.05     3.85
 20130512.180000    -4.62    -2.91    66.44     0.58     0.00     3.04     3.79
 20130512.190000    -4.88    -2.65    66.83     0.58     0.00     3.02     3.73
 20130512.200000    -5.11    -2.38    67.32     0.58     0.00     3.01     3.65
 20130512.210000    -4.74    -2.40    67.51     0.57     0.00     3.01     3.65
 20130512.220000    -4.37    -2.43    67.63     0.56     0.00     2.99     3.67
 20130512.230000    -3.99    -2.44    67.88     0.55     0.00     2.97     3.67
 20130513.000000    -3.60    -2.45    68.59     0.53     0.00     2.96     3.67
 20130513.010000    -3.20    -2.46    70.71     0.51     0.00     2.99     3.70
 20130513.020000    -2.79    -2.46    73.09     0.49     0.00     3.05     3.79
 20130513.030000    -2.80    -2.71    75.10     0.47     0.00     3.08     3.93
 20130513.040000    -2.81    -2.97    76.75     0.47     0.00     3.08     4.02
 20130513.050000    -2.81    -3.22    78.07     0.47     0.00     3.08     4.07
 20130513.060000    -2.81    -3.47    78.79     0.48     0.00     3.08     4.11
 20130513.070000    -2.81    -3.70    78.81     0.49     0.00     3.08     4.13
 20130513.080000    -2.80    -3.94    78.33     0.50     0.00     3.09     4.11
 20130513.090000    -3.47    -3.40    78.79     0.51     0.00     3.10     4.06
 20130513.100000    -4.08    -2.67    80.05     0.51     0.00     3.10     4.00
 20130513.110000    -4.57    -1.75    81.89     0.52     0.00     3.10     3.96
 20130513.120000    -4.88    -0.66    84.34     0.53     0.00     3.11     3.94
 20130513.130000    -4.91     0.53    88.07     0.53     0.00     3.09     3.93
 20130513.140000    -4.66     1.72    93.43     0.54     0.00     3.09     3.91
 20130513.150000    -4.47     1.52    98.39     0.54     0.00     3.09     3.89
 20130513.160000    -4.27     1.34   101.79     0.53     0.00     3.09     3.91
 20130513.170000    -4.07     1.15   104.59     0.53     0.00     3.10     3.95
 20130513.180000    -3.87     0.95   106.98     0.52     0.00     3.09     3.96
 20130513.190000    -3.67     0.76   109.35     0.50     0.00     3.12     3.97
 20130513.200000    -3.45     0.57   111.53     0.48     0.00     3.15     3.99
 20130513.210000    -3.51     0.18   113.11     0.47     0.00     3.17     4.01
 20130513.220000    -3.51    -0.24   113.84     0.46     0.00     3.17     4.02
 20130513.230000    -3.46    -0.65   114.04     0.45     0.00     3.17     4.04
 20130514.000000    -3.37    -1.07   113.80     0.45     0.00     3.16     4.06
 20130514.010000    -3.22    -1.48   113.35     0.45     0.00     3.14     4.07
 20130514.020000    -3.02    -1.87   112.68     0.44     0.00     3.13     4.08
 20130514.030000    -3.46    -2.11   110.06     0.44     0.00     3.09     4.08
 20130514.040000    -3.90    -2.35   103.41     0.46     0.00     3.02     4.08
 20130514.050000    -4.33    -2.60    92.66     0.48     0.00     2.92     4.03
 20130514.060000    -4.77    -2.83    84.45     0.52     0.00     2.88     2.90
 20130514.070000    -5.21    -3.07    78.93     0.55     0.00     2.91     2.96
 20130514.080000    -5.64    -3.32    75.42     0.59     0.00     2.96     3.15
 20130514.090000    -5.87    -2.87    74.79     0.62     0.00     3.04     3.26
 20130514.100000    -6.08    -2.40    75.67     0.64     0.00     3.08     3.41
 20130514.110000    -6.24    -1.92    76.91     0.65     0.00     3.11     3.46
 20130514.120000    -6.37    -1.41    78.27     0.65     0.00     3.13     3.49
 20130514.130000    -6.45    -0.89    79.73     0.66     0.00     3.14     3.53
 20130514.140000    -6.50    -0.37    81.25     0.66     0.00     3.13     3.54
 20130514.150000    -6.43    -0.40    82.16     0.66     0.00     3.12     3.55
 20130514.160000    -6.37    -0.44    82.65     0.65     0.00     3.10     3.54
 20130514.170000    -6.30    -0.47    82.95     0.64     0.00     3.08     3.52
 20130514.180000    -6.23    -0.51    83.13     0.64     0.00     3.07     3.50
 20130514.190000    -6.16    -0.55    83.23     0.63     0.00     3.05     3.49
 20130514.200000    -6.09    -0.58    83.29     0.63     0.00     3.03     3.47
 20130514.210000    -5.52    -0.15    84.37     0.60     0.00     3.02     3.49
 20130514.220000    -4.92     0.29    86.95     0.57     0.00     3.02     3.52
 20130514.230000    -4.27     0.74    91.18     0.53     0.00     3.01     3.53
 20130515.000000    -3.53     1.22    96.73     0.50     0.00     3.03     3.53
 20130515.010000    -2.65     1.68   103.62     0.47     0.00     3.07     3.54
 20130515.020000    -1.53     2.02   111.17     0.45     0.00     3.14     3.56
 20130515.030000    -1.22     2.34   118.98     0.45     0.00     3.18     3.57
 20130515.040000    -0.84     2.60   127.13     0.45     0.00     3.20     3.59
 20130515.050000    -0.42     2.80   134.90     0.45     0.00     3.22     3.61
 20130515.060000     0.03     2.93   142.03     0.46     0.00     3.25     3.64
 20130515.070000     0.50     2.98   148.34     0.47     0.00     3.29     3.69
 20130515.080000     0.95     2.97   153.86     0.49     0.00     3.33     3.75
 20130515.090000     1.05     3.41   159.01     0.51     0.00     3.35     3.80
 20130515.100000     1.14     3.85   163.95     0.53     0.00     3.37     3.83
 20130515.110000     1.23     4.29   168.86     0.56     0.00     3.35     3.87
 20130515.120000     1.33     4.74   173.15     0.60     0.00     3.33     3.89
 20130515.130000     1.41     5.18   176.73     0.63     0.00     3.33     3.93
 20130515.140000     1.51     5.62   179.74     0.66     0.00     3.34     3.99
 20130515.150000     1.52     5.60   182.20     0.68     0.00     3.39     4.05
 20130515.160000     1.53     5.57   184.35     0.70     0.00     3.44     4.10
 20130515.170000     1.54     5.54   186.29     0.71     0.00     3.48     4.15
 20130515.180000     1.56     5.51   187.99     0.73     0.00     3.52     4.18
 20130515.190000     1.58     5.49   189.47     0.74     0.00     3.56     4.22
 20130515.200000     1.59     5.46   190.72     0.75     0.00     3.61     4.25
 20130515.210000     1.54     5.50   191.76     0.77     0.00     3.66     4.30
 20130515.220000     1.48     5.55   192.61     0.78     0.00     3.71     4.38
 20130515.230000     1.43     5.60   193.32     0.80     0.00     3.76     4.47
 20130516.000000     1.37     5.64   193.87     0.81     0.00     3.80     4.53
 20130516.010000     1.32     5.69   194.27     0.82     0.00     3.83     4.57
 20130516.020000     1.26     5.73   194.54     0.83     0.00     3.85     4.60
 20130516.030000     1.57     5.68   194.80     0.83     0.00     3.87     4.63
 20130516.040000     1.87     5.60   195.07     0.84     0.00     3.88     4.65
 20130516.050000     2.16     5.51   195.37     0.84     0.00     3.88     4.66
 20130516.060000     2.45     5.40   195.73     0.84     0.00     3.89     4.68
 20130516.070000     2.74     5.28   196.17     0.85     0.00     3.91     4.70
 20130516.080000     3.02     5.15   196.69     0.86     0.00     3.92     4.73
 20130516.090000     2.88     5.58   197.13     0.87     0.00     3.94     4.76
 20130516.100000     2.74     6.00   197.47     0.89     0.00     3.97     4.79
 20130516.110000     2.58     6.41   197.73     0.92     0.00     4.00     4.81
 20130516.120000     2.42     6.80   197.78     0.97     0.00     4.03     4.83
 20130516.130000     2.26     7.18   197.78     1.02     0.00     4.07     4.85
 20130516.140000     2.09     7.56   197.74     1.07     0.00     4.12     4.88
 20130516.150000     2.55     7.55   198.05     1.12     0.00     4.19     4.94
 20130516.160000     3.00     7.52   198.70     1.16     0.00     4.26     5.00
 20130516.170000     3.45     7.47   199.38     1.19     0.00     4.32     5.04
 20130516.180000     3.89     7.40   200.05     1.22     0.00     4.36     5.08
 20130516.190000     4.32     7.31   200.72     1.24     0.00     4.39     5.11
 20130516.200000     4.74     7.20   201.66     1.26     0.01     4.40     5.13
 20130516.210000     5.02     6.63   202.66     1.26     0.01     4.41     5.17
 20130516.220000     5.29     6.01   203.33     1.25     0.01     4.41     5.27
 20130516.230000     5.52     5.35   203.84     1.23     0.01     4.40     5.35
 20130517.000000     5.73     4.65   204.44     1.20     0.01     4.39     5.42
 20130517.010000     5.89     3.91   205.15     1.18     0.01     4.39     5.47
 20130517.020000     6.00     3.13   205.95     1.16     0.01     4.41     5.51
 20130517.030000     5.97     2.74   206.72     1.15     0.01     4.42     5.56
 20130517.040000     5.93     2.35   207.40     1.14     0.01     4.44     5.61
 20130517.050000     5.87     1.95   207.90     1.13     0.01     4.46     5.66
 20130517.060000     5.79     1.54   208.31     1.12     0.01     4.48     5.72
 20130517.070000     5.68     1.13   208.71     1.12     0.01     4.49     5.77
 20130517.080000     5.55     0.70   209.12     1.11     0.01     4.52     5.82
 20130517.090000     5.07     1.22   209.24     1.09     0.01     4.54     5.86
 20130517.100000     4.48     1.79   209.06     1.07     0.01     4.56     5.90
 20130517.110000     3.73     2.41   208.40     1.06     0.01     4.59     5.93
 20130517.120000     2.71     3.00   207.21     1.03     0.01     4.66     5.96
 20130517.130000     1.34     3.42   205.83     1.00     0.01     4.75     5.98
 20130517.140000    -0.35     3.27   204.69     0.98     0.01     4.80     5.99
 20130517.150000     1.01     3.99   203.99     0.98     0.01     4.82     5.98
 20130517.160000     2.45     4.30   204.11     1.00     0.01     4.81     5.96
 20130517.170000     3.83     4.34   205.13     1.05     0.01     4.78     5.93
 20130517.180000     5.11     4.21   206.72     1.12     0.01     4.74     5.86
 20130517.190000     6.31     3.98   208.29     1.20     0.01     4.70     5.76
 20130517.200000     7.42     3.70   210.01     1.28     0.01     4.67     5.67
 20130517.210000     7.11     3.47   210.62     1.34     0.01     4.70     5.66
 20130517.220000     6.80     3.23   210.66     1.34     0.01     4.71     5.70
 20130517.230000     6.47     2.98   210.79     1.31     0.01     4.69     5.74
 20130518.000000     6.16     2.75   211.23     1.27     0.01     4.63     5.77
 20130518.010000     5.84     2.50   211.83     1.22     0.01     4.56     5.78
 20130518.020000     5.52     2.26   212.48     1.17     0.01     4.48     5.78
 20130518.030000     5.18     1.97   212.75     1.11     0.01     4.44     5.78
 20130518.040000     4.83     1.67   212.76     1.05     0.01     4.42     5.78
 20130518.050000     4.48     1.37   212.72     1.00     0.01     4.40     5.78
 20130518.060000     4.12     1.07   212.33     0.95     0.01     4.39     5.79
 20130518.070000     3.76     0.76   211.71     0.91     0.01     4.38     5.80
 20130518.080000     3.38     0.45   210.54     0.87     0.01     4.41     5.81
 20130518.090000     3.63     1.23   209.50     0.84     0.01     4.43     5.82
 20130518.100000     3.77     2.02   208.98     0.83     0.01     4.42     5.82
 20130518.110000     3.80     2.78   208.75     0.82     0.01     4.37     5.81
 20130518.120000     3.77     3.50   208.55     0.82     0.01     4.31     5.81
 20130518.130000     3.70     4.17   208.28     0.83     0.01     4.25     5.79
 20130518.140000     3.58     4.82   207.75     0.85     0.01     4.18     5.75
 20130518.150000     4.12     4.89   207.69     0.87     0.01     4.12     5.65
 20130518.160000     4.64     4.95   208.16     0.90     0.01     4.08     5.49
 20130518.170000     5.15     4.99   208.92     0.94     0.01     4.07     5.32
 20130518.180000     5.65     5.03   209.70     0.98     0.01     4.07     5.18
 20130518.190000     6.14     5.05   210.58     1.02     0.01     4.09     4.96
 20130518.200000     6.62     5.06   211.50     1.07     0.01     4.12     4.79
 20130518.210000     6.48     4.84   211.84     1.10     0.01     4.18     4.86
 20130518.220000     6.34     4.62   211.91     1.11     0.01     4.22     5.02
 20130518.230000     6.20     4.40   211.94     1.11     0.01     4.23     5.14
 20130519.000000     6.05     4.18   212.00     1.10     0.01     4.24     5.22
 20130519.010000     5.91     3.95   212.08     1.09     0.01     4.24     5.26
 20130519.020000     5.77     3.73   212.15     1.08     0.01     4.24     5.30
 20130519.030000     6.14     3.83   212.50     1.08     0.01     4.22     5.32
 20130519.040000     6.51     3.94   212.84     1.09     0.01     4.22     5.33
 20130519.050000     6.89     4.04   213.13     1.11     0.01     4.23     5.32
 20130519.060000     7.26     4.15   213.39     1.14     0.01     4.27     5.29
 20130519.070000     7.63     4.25   213.74     1.17     0.01     4.31     5.24
 20130519.080000     8.00     4.35   214.75     1.22     0.01     4.34     5.20
 20130519.090000     8.01     4.50   215.34     1.28     0.01     4.37     5.19
 20130519.100000     8.04     4.65   215.38     1.32     0.01     4.42     5.22
 20130519.110000     8.04     4.80   215.37     1.35     0.01     4.46     5.27
 20130519.120000     8.06     4.95   215.43     1.37     0.01     4.50     5.33
 20130519.130000     8.07     5.09   215.55     1.40     0.01     4.54     5.37
 20130519.140000     8.08     5.24   215.68     1.42     0.01     4.58     5.40
 20130519.150000     7.62     5.11   215.52     1.42     0.01     4.61     5.45
 20130519.160000     7.17     4.97   215.29     1.40     0.01     4.61     5.50
 20130519.170000     6.71     4.85   215.09     1.36     0.01     4.58     5.54
 20130519.180000     6.25     4.71   214.86     1.32     0.01     4.54     5.57
 20130519.190000     5.79     4.57   214.60     1.27     0.01     4.48     5.58
 20130519.200000     5.32     4.43   214.09     1.22     0.01     4.43     5.59
 20130519.210000     5.48     4.19   213.80     1.18     0.01     4.38     5.59
 20130519.220000     5.63     3.94   213.83     1.14     0.01     4.32     5.59
 20130519.230000     5.77     3.68   213.91     1.12     0.01     4.27     5.57
 20130520.000000     5.90     3.42   213.94     1.10     0.01     4.23     5.56
 20130520.010000     6.02     3.15   214.06     1.08     0.01     4.20     5.54
 20130520.020000     6.13     2.87   214.22     1.07     0.01     4.17     5.52
 20130520.030000     6.02     3.13   214.23     1.07     0.01     4.15     5.50
 20130520.040000     5.90     3.39   214.13     1.07     0.01     4.14     5.48
 20130520.050000     5.76     3.63   213.99     1.06     0.01     4.14     5.47
 20130520.060000     5.62     3.88   213.85     1.06     0.01     4.14     5.47
 20130520.070000     5.47     4.12   213.71     1.06     0.01     4.14     5.47
 20130520.080000     5.31     4.35   213.60     1.07     0.01     4.14     5.47
 20130520.090000     4.64     3.98   213.24     1.06     0.01     4.15     5.47
 20130520.100000     3.96     3.61   212.46     1.04     0.01     4.18     5.50
 20130520.110000     3.28     3.23   211.14     1.00     0.01     4.26     5.53
 20130520.120000     2.58     2.85   209.82     0.97     0.01     4.36     5.57
 20130520.130000     1.87     2.45   208.66     0.94     0.01     4.47     5.60
 20130520.140000     1.14     2.03   207.85     0.91     0.01     4.58     5.63
 20130520.150000     1.95     2.83   207.29     0.89     0.01     4.63     5.65
 20130520.160000     2.75     3.63   207.12     0.89     0.01     4.62     5.67
 20130520.170000     3.55     4.42   207.41     0.91     0.01     4.52     5.66
 20130520.180000     4.34     5.21   208.25     0.96     0.01     4.36     5.63
 20130520.190000     5.13     5.99   209.08     1.05     0.01     4.22     5.53
 20130520.200000     5.92     6.77   209.91     1.16     0.01     4.19     5.25
 20130520.210000     5.99     6.73   210.62     1.25     0.01     4.25     4.99
 20130520.220000     6.05     6.70   211.13     1.29     0.01     4.32     5.02
 20130520.230000     6.12     6.66   211.47     1.32     0.01     4.36     5.06
 20130521.000000     6.19     6.62   211.75     1.34     0.01     4.39     5.09
 20130521.010000     6.25     6.58   211.98     1.35     0.01     4.43     5.12
 20130521.020000     6.31     6.54   212.11     1.37     0.02     4.46     5.16
 20130521.030000     6.35     6.03   212.16     1.37     0.02     4.49     5.22
 20130521.040000     6.38     5.50   212.15     1.36     0.02     4.51     5.34
 20130521.050000     6.39     4.95   212.13     1.34     0.02     4.52     5.45
 20130521.060000     6.39     4.39   212.06     1.32     0.02     4.53     5.55
 20130521.070000     6.36     3.81   212.07     1.30     0.02     4.54     5.64
 20130521.080000     6.31     3.22   212.12     1.29     0.02     4.56     5.73
 20130521.090000     6.84     3.82   212.65     1.29     0.02     4.56     5.80
 20130521.100000     7.35     4.40   213.15     1.31     0.02     4.57     5.82
 20130521.110000     7.87     4.99   213.51     1.36     0.03     4.59     5.77
 20130521.120000     8.37     5.57   213.92     1.42     0.03     4.62     5.69
 20130521.130000     8.88     6.16   214.46     1.50     0.03     4.65     5.57
 20130521.140000     9.37     6.74   214.92     1.61     0.03     4.69     5.50
 20130521.150000     8.58     6.75   214.40     1.65     0.03     4.73     5.53
 20130521.160000     7.76     6.75   213.67     1.63     0.03     4.72     5.56
 20130521.170000     6.93     6.73   212.71     1.58     0.03     4.68     5.59
 20130521.180000     6.06     6.70   211.41     1.52     0.03     4.64     5.63
 20130521.190000     5.16     6.64   210.00     1.46     0.03     4.59     5.73
 20130521.200000     4.23     6.53   208.10     1.40     0.03     4.58     5.81
 20130521.210000     4.37     6.87   206.43     1.36     0.03     4.56     5.84
 20130521.220000     4.51     7.21   205.46     1.36     0.02     4.54     5.77
 20130521.230000     4.65     7.55   204.87     1.38     0.02     4.55     5.54
 20130522.000000     4.78     7.89   204.50     1.41     0.02     4.57     5.39
 20130522.010000     4.92     8.24   204.23     1.46     0.02     4.63     5.38
 20130522.020000     5.06     8.58   203.96     1.52     0.02     4.70     5.43
 20130522.030000     4.55     8.65   203.33     1.56     0.02     4.78     5.50
 20130522.040000     4.03     8.69   202.52     1.59     0.02     4.84     5.55
 20130522.050000     3.49     8.72   201.71     1.60     0.02     4.88     5.61
 20130522.060000     2.94     8.72   200.94     1.61     0.02     4.92     5.67
 20130522.070000     2.38     8.68   200.24     1.61     0.02     4.94     5.78
 20130522.080000     1.81     8.63   199.59     1.61     0.02     4.97     5.86
 20130522.090000     3.32     8.23   199.57     1.63     0.02     5.00     5.92
 20130522.100000     4.89     7.49   200.23     1.65     0.03     5.04     5.97
 20130522.110000     6.40     6.33   201.52     1.68     0.03     5.11     6.02
 20130522.120000     7.70     4.78   203.35     1.72     0.03     5.19     6.08
 20130522.130000     8.65     2.89   205.62     1.76     0.04     5.25     6.17
 20130522.140000     9.15     0.80   207.83     1.80     0.05     5.32     6.33
 20130522.150000     8.36     0.75   209.02     1.80     0.07     5.39     6.49
 20130522.160000     7.57     0.69   209.29     1.78     0.07     5.43     6.58
 20130522.170000     6.79     0.64   209.37     1.72     0.07     5.43     6.63
 20130522.180000     6.00     0.59   209.24     1.62     0.07     5.41     6.66
 20130522.190000     5.21     0.53   208.90     1.51     0.06     5.39     6.66
 20130522.200000     4.43     0.48   208.20     1.40     0.05     5.36     6.66
 20130522.210000     4.20     0.36   207.46     1.31     0.04     5.34     6.64
 20130522.220000     3.97     0.23   206.90     1.23     0.04     5.31     6.62
 20130522.230000     3.74     0.11   206.35     1.16     0.03     5.28     6.60
 20130523.000000     3.51    -0.03   205.56     1.11     0.03     5.28     6.57
 20130523.010000     3.27    -0.15   204.71     1.06     0.03     5.27     6.54
 20130523.020000     3.02    -0.28   203.88     1.03     0.03     5.23     6.51
 20130523.030000     2.80    -0.63   203.15     1.00     0.02     5.21     6.48
 20130523.040000     2.50    -1.03   202.36     0.98     0.02     5.18     6.44
 20130523.050000     2.07    -1.47   201.66     0.95     0.02     5.16     6.40
 20130523.060000     1.43    -1.90   201.10     0.93     0.02     5.14     6.36
 20130523.070000     0.51    -2.17   200.71     0.91     0.02     5.12     6.31
 20130523.080000    -0.62    -1.98   200.38     0.89     0.02     5.10     6.26
 20130523.090000    -0.71    -2.04   199.88     0.87     0.02     5.12     6.22
 20130523.100000    -0.85    -2.06   199.27     0.85     0.01     5.13     6.18
 20130523.110000    -1.06    -2.03   198.79     0.83     0.01     5.12     6.15
 20130523.120000    -1.42    -1.80   198.36     0.82     0.01     5.10     6.11
 20130523.130000    -1.96    -0.71   197.87     0.81     0.01     5.08     6.08
 20130523.140000     0.41     2.53   197.32     0.80     0.01     5.06     6.05
 20130523.150000     0.78     2.55   197.02     0.79     0.01     5.04     6.02
 20130523.160000     1.14     2.50   196.86     0.78     0.01     5.03     5.99
 20130523.170000     1.50     2.42   196.83     0.77     0.01     5.02     5.97
 20130523.180000     1.84     2.30   196.93     0.77     0.01     4.99     5.94
 20130523.190000     2.15     2.14   197.15     0.76     0.01     4.96     5.91
 20130523.200000     2.45     1.95   197.51     0.76     0.01     4.93     5.88
 20130523.210000     2.31     1.68   197.82     0.75     0.01     4.91     5.85
 20130523.220000     2.16     1.39   198.07     0.74     0.01     4.89     5.82
 20130523.230000     2.01     1.10   198.25     0.73     0.01     4.88     5.80
 20130524.000000     1.85     0.81   198.38     0.72     0.01     4.87     5.78
 20130524.010000     1.66     0.50   198.35     0.71     0.01     4.90     5.76
 20130524.020000     1.45     0.18   198.29     0.70     0.01     4.92     5.74
 20130524.030000     1.98    -0.68   198.34     0.69     0.01     4.93     5.73
 20130524.040000     1.82    -2.02   198.71     0.68     0.01     4.92     5.72
 20130524.050000     0.82    -3.25   199.45     0.68     0.01     4.85     5.72
 20130524.060000    -0.71    -3.95   199.43     0.69     0.01     4.74     5.72
 20130524.070000    -2.36    -4.05   196.68     0.72     0.01     4.52     5.72
 20130524.080000    -3.86    -3.70   187.21     0.76     0.01     4.24     5.72
 20130524.090000    -4.32    -3.36   172.15     0.81     0.01     4.07     5.72
 20130524.100000    -4.75    -2.97   158.66     0.83     0.01     4.01     5.73
 20130524.110000    -5.13    -2.55   148.08     0.84     0.01     3.98     5.73
 20130524.120000    -5.47    -2.10   139.85     0.85     0.01     3.96     5.74
 20130524.130000    -5.76    -1.62   133.14     0.85     0.00     3.94     5.73
 20130524.140000    -6.01    -1.13   127.69     0.85     0.00     3.92     5.73
 20130524.150000    -5.78    -1.12   124.45     0.84     0.00     3.91     5.73
 20130524.160000    -5.54    -1.12   122.57     0.83     0.00     3.89     5.72
 20130524.170000    -5.32    -1.12   121.24     0.82     0.00     3.86     5.72
 20130524.180000    -5.09    -1.11   120.19     0.80     0.00     3.84     5.72
 20130524.190000    -4.85    -1.11   119.64     0.79     0.00     3.82     5.71
 20130524.200000    -4.62    -1.10   119.90     0.78     0.00     3.80     5.69
 20130524.210000    -4.94    -1.61   118.19     0.77     0.00     3.77     5.67
 20130524.220000    -5.23    -2.11   113.45     0.77     0.00     3.73     5.64
 20130524.230000    -5.49    -2.61   106.53     0.78     0.00     3.70     5.61
 20130525.000000    -5.75    -3.10    98.58     0.79     0.00     3.67     3.67
 20130525.010000    -5.98    -3.58    90.80     0.81     0.00     3.66     3.67
 20130525.020000    -6.21    -4.06    84.01     0.83     0.00     3.66     3.74
 20130525.030000    -6.29    -4.09    79.82     0.86     0.00     3.68     3.80
 20130525.040000    -6.38    -4.14    77.22     0.88     0.00     3.70     3.87
 20130525.050000    -6.46    -4.18    75.48     0.89     0.00     3.73     4.02
 20130525.060000    -6.55    -4.22    74.17     0.91     0.00     3.76     4.10
 20130525.070000    -6.63    -4.26    73.09     0.92     0.00     3.79     4.15
 20130525.080000    -6.72    -4.30    72.19     0.94     0.00     3.82     4.19
 20130525.090000    -6.56    -3.81    72.06     0.94     0.00     3.84     4.26
 20130525.100000    -6.38    -3.31    72.32     0.93     0.00     3.84     4.41
 20130525.110000    -6.18    -2.80    72.60     0.92     0.00     3.83     4.53
 20130525.120000    -5.96    -2.28    72.82     0.89     0.00     3.80     4.59
 20130525.130000    -5.72    -1.75    73.03     0.87     0.00     3.77     4.62
 20130525.140000    -5.45    -1.21    73.43     0.84     0.00     3.74     4.64
 20130525.150000    -5.32    -1.11    74.23     0.80     0.00     3.71     4.66
 20130525.160000    -5.18    -1.02    75.24     0.78     0.00     3.69     4.69
 20130525.170000    -5.05    -0.93    76.03     0.76     0.00     3.64     4.71
 20130525.180000    -4.91    -0.83    76.74     0.74     0.00     3.59     4.73
 20130525.190000    -4.77    -0.74    77.45     0.73     0.00     3.54     4.73
 20130525.200000    -4.63    -0.65    78.20     0.71     0.00     3.49     4.71
 20130525.210000    -4.68    -0.71    78.95     0.70     0.00     3.44     4.68
 20130525.220000    -4.71    -0.78    79.72     0.68     0.00     3.39     4.59
 20130525.230000    -4.76    -0.84    80.47     0.67     0.00     3.34     4.46
 20130526.000000    -4.79    -0.91    81.16     0.66     0.00     3.29     4.21
 20130526.010000    -4.83    -0.97    81.77     0.65     0.00     3.25     3.89
 20130526.020000    -4.87    -1.04    82.30     0.64     0.00     3.20     3.81
 20130526.030000    -4.61    -0.95    82.88     0.62     0.00     3.17     3.76
 20130526.040000    -4.34    -0.87    83.79     0.60     0.00     3.16     3.74
 20130526.050000    -4.08    -0.78    85.53     0.57     0.00     3.19     3.75
 20130526.060000    -3.82    -0.69    87.59     0.55     0.00     3.22     3.79
 20130526.070000    -3.55    -0.61    90.13     0.53     0.00     3.23     3.83
 20130526.080000    -3.29    -0.52    93.55     0.52     0.00     3.26     3.90
 20130526.090000    -3.25    -0.02    97.82     0.50     0.00     3.29     3.98
 20130526.100000    -3.13     0.54   102.99     0.49     0.00     3.31     4.06
 20130526.110000    -2.88     1.14   108.92     0.49     0.00     3.34     4.12
 20130526.120000    -2.48     1.72   115.64     0.48     0.00     3.37     4.14
 20130526.130000    -1.90     2.25   122.26     0.48     0.00     3.39     4.15
 20130526.140000    -1.16     2.63   129.33     0.48     0.00     3.44     4.14
 20130526.150000    -0.86     3.53   136.86     0.49     0.00     3.43     4.13
 20130526.160000    -0.52     4.37   145.84     0.52     0.00     3.34     4.11
 20130526.170000    -0.18     5.16   154.94     0.56     0.00     3.23     4.03
 20130526.180000     0.17     5.93   162.34     0.62     0.00     3.19     3.92
 20130526.190000     0.51     6.68   168.31     0.68     0.00     3.22     3.78
 20130526.200000     0.86     7.41   173.43     0.75     0.00     3.31     3.77
 20130526.210000     1.24     7.30   177.32     0.81     0.00     3.44     3.85
 20130526.220000     1.61     7.16   180.53     0.85     0.00     3.56     4.00
 20130526.230000     1.98     7.02   183.41     0.87     0.00     3.64     4.12
 20130527.000000     2.33     6.84   186.09     0.90     0.00     3.70     4.17
 20130527.010000     2.69     6.64   188.64     0.91     0.00     3.75     4.22
 20130527.020000     3.04     6.43   191.06     0.93     0.00     3.79     4.27
 20130527.030000     3.24     6.53   193.56     0.94     0.00     3.81     4.36
 20130527.040000     3.43     6.63   195.91     0.96     0.00     3.84     4.44
 20130527.050000     3.62     6.72   197.83     0.99     0.00     3.89     4.49
 20130527.060000     3.81     6.81   199.56     1.02     0.00     3.94     4.53
 20130527.070000     4.00     6.91   201.22     1.04     0.00     3.99     4.56
 20130527.080000     4.18     7.00   202.81     1.07     0.00     4.04     4.60
 20130527.090000     4.62     6.93   204.48     1.10     0.00     4.09     4.65
 20130527.100000     5.05     6.85   206.20     1.13     0.00     4.14     4.72
 20130527.110000     5.47     6.76   207.97     1.16     0.00     4.19     4.82
 20130527.120000     5.88     6.65   209.93     1.20     0.00     4.22     4.88
 20130527.130000     6.29     6.52   211.78     1.24     0.00     4.25     4.93
 20130527.140000     6.68     6.39   213.41     1.28     0.00     4.29     4.96
 20130527.150000     6.06     5.86   214.01     1.27     0.00     4.31     5.01
 20130527.160000     5.45     5.33   213.99     1.22     0.01     4.29     5.08
 20130527.170000     4.84     4.80   213.75     1.17     0.01     4.27     5.17
 20130527.180000     4.22     4.28   213.48     1.11     0.01     4.27     5.27
 20130527.190000     3.61     3.74   213.11     1.05     0.01     4.29     5.35
 20130527.200000     3.00     3.21   212.46     1.00     0.01     4.36     5.42
 20130527.210000     3.11     3.47   212.05     0.96     0.01     4.40     5.48
 20130527.220000     3.23     3.72   211.87     0.94     0.01     4.41     5.52
 20130527.230000     3.35     3.97   211.73     0.93     0.01     4.40     5.56
 20130528.000000     3.47     4.22   211.57     0.92     0.01     4.38     5.60
 20130528.010000     3.58     4.47   211.35     0.92     0.01     4.35     5.62
 20130528.020000     3.70     4.72   211.05     0.93     0.01     4.33     5.64
 20130528.030000     3.31     4.54   210.58     0.92     0.01     4.33     5.65
 20130528.040000     2.92     4.36   210.19     0.92     0.01     4.33     5.65
 20130528.050000     2.52     4.17   209.90     0.91     0.01     4.33     5.64
 20130528.060000     2.12     3.96   209.58     0.90     0.01     4.33     5.64
 20130528.070000     1.71     3.75   209.21     0.88     0.01     4.32     5.64
 20130528.080000     1.28     3.51   208.73     0.87     0.01     4.32     5.63
 20130528.090000     0.87     4.13   207.80     0.85     0.01     4.32     5.63
 20130528.100000     0.43     4.68   206.49     0.84     0.01     4.29     5.62
 20130528.110000    -0.02     5.18   204.76     0.84     0.01     4.24     5.61
 20130528.120000    -0.47     5.64   202.25     0.84     0.01     4.17     5.59
 20130528.130000    -0.93     6.06   198.89     0.85     0.00     4.10     5.55
 20130528.140000    -1.38     6.47   194.92     0.87     0.00     4.04     5.48
 20130528.150000    -0.78     6.35   192.36     0.88     0.00     4.02     5.36
 20130528.160000    -0.16     6.19   191.01     0.88     0.00     4.00     5.21
 20130528.170000     0.48     5.96   190.23     0.87     0.00     3.99     4.98
 20130528.180000     1.12     5.66   189.90     0.86     0.00     3.97     4.87
 20130528.190000     1.76     5.27   190.00     0.85     0.00     3.94     4.80
 20130528.200000     2.37     4.80   190.48     0.84     0.00     3.91     4.76
 20130528.210000     2.05     5.27   191.06     0.82     0.00     3.87     4.73
 20130528.220000     1.71     5.71   191.32     0.82     0.00     3.83     4.67
 20130528.230000     1.36     6.12   191.20     0.82     0.00     3.79     4.58
 20130529.000000     0.99     6.50   190.61     0.82     0.00     3.75     4.48
 20130529.010000     0.63     6.86   189.59     0.82     0.00     3.73     4.35
 20130529.020000     0.25     7.19   188.12     0.83     0.00     3.71     4.22
 20130529.030000     1.04     6.67   187.56     0.83     0.00     3.73     4.21
 20130529.040000     1.93     6.00   187.85     0.82     0.00     3.71     4.24
 20130529.050000     2.93     5.08   189.04     0.80     0.00     3.68     4.28
 20130529.060000     3.96     3.70   191.71     0.77     0.00     3.64     4.28
 20130529.070000     4.70     1.66   196.62     0.73     0.00     3.61     4.27
 20130529.080000     4.44    -0.95   202.55     0.71     0.00     3.60     4.26
 20130529.090000     4.45    -0.21   208.06     0.68     0.00     3.59     4.26
 20130529.100000     4.33     0.65   212.33     0.66     0.00     3.58     4.26
 20130529.110000     3.99     1.60   215.38     0.65     0.00     3.56     4.28
 20130529.120000     3.35     2.56   216.85     0.64     0.00     3.55     4.30
 20130529.130000     2.37     3.39   216.12     0.62     0.00     3.56     4.34
 20130529.140000     1.09     3.90   213.82     0.61     0.00     3.58     4.40
 20130529.150000     1.15     3.84   211.69     0.59     0.00     3.59     4.49
 20130529.160000     1.20     3.79   210.41     0.59     0.00     3.60     4.58
 20130529.170000     1.25     3.73   209.53     0.58     0.00     3.60     4.70
 20130529.180000     1.31     3.67   208.87     0.57     0.00     3.59     4.80
 20130529.190000     1.36     3.60   208.32     0.57     0.00     3.58     4.85
 20130529.200000     1.41     3.54   207.81     0.56     0.00     3.57     4.90
 20130529.210000     1.71     3.25   207.45     0.56     0.00     3.56     4.93
 20130529.220000     2.01     2.90   207.28     0.55     0.00     3.57     4.95
 20130529.230000     2.29     2.50   207.22     0.54     0.00     3.57     4.95
 20130530.000000     2.53     2.03   206.96     0.53     0.00     3.58     4.95
 20130530.010000     2.72     1.49   206.59     0.53     0.00     3.59     4.95
 20130530.020000     2.82     0.90   206.30     0.52     0.00     3.60     4.94
 20130530.030000     2.82     1.14   206.12     0.51     0.00     3.60     4.93
 20130530.040000     2.81     1.37   205.99     0.51     0.00     3.60     4.92
 20130530.050000     2.79     1.59   205.79     0.50     0.00     3.59     4.91
 20130530.060000     2.75     1.81   205.58     0.50     0.00     3.58     4.90
 20130530.070000     2.70     2.03   205.34     0.50     0.00     3.56     4.90
 20130530.080000     2.65     2.23   205.11     0.50     0.00     3.54     4.89
 20130530.090000     2.46     2.41   204.76     0.49     0.00     3.53     4.88
 20130530.100000     2.25     2.58   204.35     0.49     0.00     3.52     4.87
 20130530.110000     2.03     2.73   203.92     0.49     0.00     3.50     4.87
 20130530.120000     1.79     2.87   203.46     0.49     0.00     3.50     4.86
 20130530.130000     1.54     2.98   203.01     0.48     0.00     3.49     4.86
 20130530.140000     1.28     3.08   202.54     0.48     0.00     3.48     4.85
 20130530.150000     1.56     3.21   202.22     0.48     0.00     3.46     4.85
 20130530.160000     1.84     3.32   202.11     0.48     0.00     3.44     4.84
 20130530.170000     2.12     3.43   202.15     0.49     0.00     3.42     4.84
 20130530.180000     2.39     3.53   202.38     0.50     0.00     3.38     4.83
 20130530.190000     2.65     3.62   202.81     0.50     0.00     3.35     4.82
 20130530.200000     2.91     3.71   203.47     0.52     0.00     3.31     4.80
 20130530.210000     2.88     3.62   203.62     0.52     0.00     3.31     4.77
 20130530.220000     2.85     3.53   203.52     0.53     0.00     3.31     4.72
 20130530.230000     2.81     3.45   203.45     0.53     0.00     3.31     4.66
 20130531.000000     2.78     3.36   203.41     0.53     0.00     3.31     4.61
 20130531.010000     2.74     3.27   203.35     0.52     0.00     3.31     4.57
 20130531.020000     2.70     3.19   203.25     0.52     0.00     3.31     4.54
 20130531.030000     2.62     3.12   203.08     0.52     0.00     3.30     4.52
 20130531.040000     2.53     3.05   202.85     0.51     0.00     3.30     4.50
 20130531.050000     2.44     2.98   202.59     0.51     0.00     3.29     4.49
 20130531.060000     2.36     2.90   202.24     0.51     0.00     3.29     4.47
 20130531.070000     2.27     2.84   201.82     0.50     0.00     3.28     4.46
 20130531.080000     2.19     2.77   201.32     0.50     0.00     3.28     4.44
 20130531.090000     2.16     3.12   200.86     0.50     0.00     3.26     4.43
 20130531.100000     2.11     3.46   200.51     0.50     0.00     3.25     4.41
 20130531.110000     2.07     3.79   200.19     0.50     0.00     3.23     4.39
 20130531.120000     2.01     4.12   199.87     0.51     0.00     3.22     4.36
 20130531.130000     1.96     4.43   199.58     0.52     0.00     3.20     4.27
 20130531.140000     1.90     4.74   199.28     0.53     0.00     3.19     4.09
 20130531.150000     1.99     4.68   199.30     0.54     0.00     3.20     3.95
 20130531.160000     2.09     4.63   199.58     0.54     0.00     3.20     3.81
 20130531.170000     2.18     4.56   199.94     0.54     0.00     3.21     3.78
 20130531.180000     2.27     4.50   200.35     0.55     0.00     3.21     3.76
 20130531.190000     2.36     4.43   200.75     0.55     0.00     3.21     3.75
 20130531.200000     2.45     4.36   201.16     0.55     0.00     3.21     3.75
 20130531.210000     2.62     4.28   201.58     0.55     0.00     3.21     3.75
 20130531.220000     2.78     4.21   202.03     0.55     0.00     3.21     3.75
 20130531.230000     2.94     4.12   202.47     0.55     0.00     3.21     3.74
 20130601.000000     3.10     4.03   202.90     0.55     0.00     3.20     3.74
 20130601.010000     3.25     3.94   203.31     0.55     0.00     3.20     3.74
 20130601.020000     3.40     3.83   203.71     0.55     0.00     3.20     3.74
 20130601.030000     3.31     3.64   203.78     0.55     0.00     3.20     3.74
 20130601.040000     3.22     3.44   203.63     0.54     0.00     3.20     3.75
 20130601.050000     3.13     3.25   203.39     0.54     0.00     3.19     3.76
 20130601.060000     3.04     3.05   203.07     0.53     0.00     3.18     3.75
 20130601.070000     2.96     2.86   202.66     0.52     0.00     3.17     3.75
 20130601.080000     2.86     2.66   202.19     0.51     0.00     3.16     3.76
