  Time              windx     windy     DIR    HS      HSWEll     TMM10     TPS
 20120801.080000     3.22    -4.34   114.15     1.58     0.43     6.43     8.52
 20120801.090000     3.06    -3.89   117.84     1.58     0.42     6.41     8.47
 20120801.100000     2.91    -3.42   121.46     1.57     0.42     6.44     8.41
 20120801.110000     2.75    -2.94   124.58     1.57     0.41     6.47     8.24
 20120801.120000     2.58    -2.47   127.22     1.56     0.41     6.51     8.10
 20120801.130000     2.40    -1.97   129.42     1.55     0.41     6.55     8.00
 20120801.140000     2.21    -1.47   131.02     1.54     0.42     6.61     7.93
 20120801.150000     2.42    -1.74   131.80     1.54     0.42     6.68     7.91
 20120801.160000     2.54    -2.07   131.72     1.53     0.43     6.75     7.95
 20120801.170000     2.52    -2.46   130.81     1.54     0.44     6.79     8.03
 20120801.180000     2.15    -2.90   129.25     1.55     0.46     6.82     8.13
 20120801.190000     0.68    -3.31   127.08     1.56     0.46     6.80     8.27
 20120801.200000    -4.16     2.12   124.59     1.59     0.47     6.75     8.40
 20120801.210000    -3.76     3.46   123.77     1.61     0.47     6.69     8.43
 20120801.220000    -2.86     4.76   123.99     1.64     0.46     6.60     8.42
 20120801.230000    -1.50     5.81   125.80     1.67     0.45     6.50     8.34
 20120802.000000     0.17     6.45   129.99     1.69     0.44     6.38     8.24
 20120802.010000     1.93     6.61   136.61     1.71     0.43     6.27     8.17
 20120802.020000     3.64     6.36   145.17     1.72     0.42     6.15     8.13
 20120802.030000     3.98     5.54   152.23     1.72     0.41     6.09     8.10
 20120802.040000     4.33     4.61   157.13     1.70     0.40     6.08     8.07
 20120802.050000     4.63     3.52   160.89     1.67     0.39     6.09     8.03
 20120802.060000     4.82     2.23   163.84     1.64     0.38     6.12     8.00
 20120802.070000     4.75     0.73   166.08     1.60     0.37     6.15     7.98
 20120802.080000     4.20    -0.92   167.34     1.57     0.37     6.20     7.95
 20120802.090000     4.41    -0.78   168.64     1.53     0.36     6.26     7.91
 20120802.100000     4.62    -0.64   170.55     1.51     0.36     6.26     7.87
 20120802.110000     4.81    -0.49   172.93     1.49     0.35     6.24     7.83
 20120802.120000     5.00    -0.35   175.62     1.47     0.35     6.21     7.78
 20120802.130000     5.19    -0.20   178.51     1.46     0.34     6.18     7.72
 20120802.140000     5.37    -0.06   181.36     1.45     0.34     6.15     7.65
 20120802.150000     5.41    -0.08   183.89     1.44     0.34     6.13     7.57
 20120802.160000     5.44    -0.11   186.06     1.43     0.34     6.10     7.50
 20120802.170000     5.48    -0.14   187.92     1.42     0.35     6.09     7.45
 20120802.180000     5.51    -0.17   189.48     1.41     0.35     6.08     7.41
 20120802.190000     5.55    -0.20   190.80     1.41     0.36     6.08     7.38
 20120802.200000     5.58    -0.22   191.91     1.40     0.37     6.08     7.36
 20120802.210000     5.84    -0.20   193.05     1.40     0.37     6.07     7.34
 20120802.220000     6.10    -0.20   194.23     1.40     0.38     6.05     7.33
 20120802.230000     6.37    -0.18   195.44     1.41     0.38     6.04     7.31
 20120803.000000     6.62    -0.16   196.70     1.42     0.39     6.02     7.30
 20120803.010000     6.88    -0.14   198.02     1.43     0.39     5.99     7.28
 20120803.020000     7.14    -0.12   199.47     1.44     0.40     5.97     7.25
 20120803.030000     7.34     0.21   200.97     1.46     0.41     5.93     7.22
 20120803.040000     7.51     0.54   202.54     1.49     0.42     5.89     7.18
 20120803.050000     7.68     0.89   203.73     1.53     0.43     5.86     7.12
 20120803.060000     7.83     1.22   204.18     1.56     0.45     5.86     7.05
 20120803.070000     7.97     1.56   204.12     1.60     0.46     5.88     6.98
 20120803.080000     8.09     1.89   203.71     1.66     0.47     5.92     6.94
 20120803.090000     7.70     1.53   202.55     1.70     0.48     6.00     6.96
 20120803.100000     7.29     1.17   201.13     1.72     0.50     6.10     7.04
 20120803.110000     6.88     0.81   199.94     1.75     0.51     6.21     7.14
 20120803.120000     6.45     0.44   199.01     1.77     0.52     6.30     7.23
 20120803.130000     6.00     0.07   198.35     1.78     0.53     6.38     7.30
 20120803.140000     5.53    -0.30   197.71     1.77     0.54     6.45     7.35
 20120803.150000     5.44    -0.25   197.15     1.75     0.54     6.49     7.38
 20120803.160000     5.34    -0.21   196.86     1.73     0.55     6.52     7.39
 20120803.170000     5.25    -0.17   196.76     1.71     0.54     6.51     7.40
 20120803.180000     5.15    -0.13   196.75     1.69     0.54     6.49     7.40
 20120803.190000     5.05    -0.08   196.75     1.67     0.53     6.46     7.40
 20120803.200000     4.96    -0.04   196.75     1.64     0.52     6.42     7.40
 20120803.210000     5.46     0.88   196.91     1.62     0.50     6.37     7.40
 20120803.220000     5.83     1.82   197.30     1.60     0.49     6.29     7.39
 20120803.230000     6.09     2.75   197.87     1.59     0.47     6.21     7.39
 20120804.000000     6.27     3.66   198.53     1.59     0.46     6.10     7.39
 20120804.010000     6.39     4.53   199.26     1.59     0.44     5.97     7.38
 20120804.020000     6.47     5.37   199.95     1.61     0.43     5.84     7.35
 20120804.030000     6.42     5.14   200.05     1.63     0.41     5.74     7.25
 20120804.040000     6.37     4.90   199.84     1.63     0.40     5.70     7.10
 20120804.050000     6.33     4.66   199.66     1.63     0.39     5.67     6.91
 20120804.060000     6.27     4.42   199.54     1.62     0.38     5.65     6.73
 20120804.070000     6.21     4.17   199.49     1.62     0.37     5.64     6.64
 20120804.080000     6.16     3.93   199.51     1.61     0.36     5.63     6.59
 20120804.090000     5.71     3.74   199.39     1.60     0.35     5.62     6.58
 20120804.100000     5.27     3.55   199.18     1.58     0.34     5.63     6.58
 20120804.110000     4.82     3.36   198.94     1.55     0.33     5.63     6.60
 20120804.120000     4.37     3.17   198.53     1.52     0.33     5.64     6.61
 20120804.130000     3.92     2.98   197.47     1.49     0.32     5.69     6.63
 20120804.140000     3.47     2.78   196.30     1.44     0.31     5.76     6.64
 20120804.150000     3.22     2.91   195.27     1.40     0.30     5.81     6.66
 20120804.160000     2.96     3.04   194.53     1.36     0.29     5.84     6.67
 20120804.170000     2.69     3.14   193.94     1.33     0.28     5.84     6.68
 20120804.180000     2.41     3.25   193.51     1.31     0.28     5.83     6.69
 20120804.190000     2.11     3.33   193.15     1.29     0.27     5.82     6.69
 20120804.200000     1.80     3.39   192.82     1.27     0.26     5.80     6.70
 20120804.210000     1.57     3.32   192.41     1.25     0.25     5.78     6.70
 20120804.220000     1.35     3.24   192.01     1.23     0.24     5.76     6.71
 20120804.230000     1.11     3.16   191.63     1.21     0.24     5.74     6.73
 20120805.000000     0.87     3.07   191.25     1.20     0.23     5.72     6.75
 20120805.010000     0.63     2.96   190.80     1.18     0.22     5.69     6.77
 20120805.020000     0.39     2.84   190.29     1.16     0.21     5.66     6.78
 20120805.030000    -0.13     2.86   189.78     1.15     0.20     5.63     6.79
 20120805.040000    -0.78     2.75   189.12     1.13     0.19     5.60     6.79
 20120805.050000    -1.52     2.42   188.29     1.11     0.18     5.61     6.78
 20120805.060000    -2.26     1.74   187.67     1.09     0.17     5.60     6.76
 20120805.070000    -2.77     0.70   187.20     1.07     0.16     5.59     6.73
 20120805.080000    -2.81    -0.56   186.83     1.05     0.15     5.57     6.69
 20120805.090000    -3.07    -0.44   186.52     1.04     0.14     5.54     6.65
 20120805.100000    -3.31    -0.33   186.16     1.03     0.13     5.50     6.60
 20120805.110000    -3.55    -0.22   185.68     1.01     0.13     5.46     6.55
 20120805.120000    -3.79    -0.10   185.03     1.00     0.12     5.41     6.50
 20120805.130000    -4.03     0.01   184.22     1.00     0.11     5.36     6.46
 20120805.140000    -4.25     0.12   183.23     0.99     0.11     5.30     6.41
 20120805.150000    -3.95     0.26   182.56     0.98     0.10     5.25     6.35
 20120805.160000    -3.65     0.38   182.26     0.97     0.10     5.22     6.30
 20120805.170000    -3.34     0.51   182.16     0.96     0.09     5.19     6.26
 20120805.180000    -3.01     0.64   182.21     0.94     0.09     5.17     6.21
 20120805.190000    -2.68     0.77   182.42     0.93     0.09     5.14     6.18
 20120805.200000    -2.32     0.89   182.74     0.92     0.09     5.12     6.15
 20120805.210000    -2.07     0.99   183.20     0.90     0.08     5.12     6.12
 20120805.220000    -1.78     1.11   183.75     0.89     0.08     5.13     6.09
 20120805.230000    -1.41     1.27   184.25     0.87     0.08     5.14     6.07
 20120806.000000    -0.88     1.44   184.72     0.86     0.08     5.15     6.05
 20120806.010000     0.02     1.50   185.11     0.85     0.08     5.16     6.03
 20120806.020000     1.17     0.61   185.36     0.84     0.08     5.17     6.01
 20120806.030000     1.65     0.09   185.57     0.83     0.08     5.19     5.99
 20120806.040000     1.89    -0.63   185.85     0.82     0.08     5.20     5.98
 20120806.050000     1.88    -1.39   186.23     0.81     0.08     5.21     5.97
 20120806.060000     1.69    -2.09   186.68     0.80     0.08     5.21     5.96
 20120806.070000     1.38    -2.71   187.20     0.80     0.08     5.19     5.95
 20120806.080000     1.01    -3.23   187.72     0.79     0.08     5.16     5.94
 20120806.090000     1.37    -2.97   188.18     0.79     0.08     5.13     5.93
 20120806.100000     1.81    -2.59   188.60     0.79     0.08     5.12     5.93
 20120806.110000     2.31    -1.98   189.03     0.79     0.08     5.12     5.93
 20120806.120000     2.77    -0.97   189.49     0.79     0.09     5.12     5.93
 20120806.130000     2.77     0.57   189.93     0.79     0.09     5.13     5.94
 20120806.140000     1.68     2.14   190.26     0.79     0.09     5.14     5.95
 20120806.150000     2.52     2.49   190.82     0.79     0.09     5.14     5.96
 20120806.160000     3.34     2.83   192.21     0.80     0.09     5.06     5.97
 20120806.170000     4.16     3.15   194.73     0.84     0.09     4.86     6.00
 20120806.180000     4.96     3.47   197.78     0.89     0.09     4.64     6.02
 20120806.190000     5.76     3.78   200.58     0.96     0.09     4.47     6.04
 20120806.200000     6.55     4.09   203.39     1.03     0.09     4.38     5.93
 20120806.210000     6.70     3.85   205.23     1.10     0.09     4.36     4.70
 20120806.220000     6.86     3.61   206.58     1.13     0.08     4.38     4.79
 20120806.230000     6.99     3.37   207.76     1.16     0.08     4.41     4.93
 20120807.000000     7.13     3.12   208.85     1.17     0.08     4.44     5.04
 20120807.010000     7.25     2.87   209.82     1.18     0.07     4.46     5.11
 20120807.020000     7.36     2.61   210.69     1.20     0.07     4.48     5.18
 20120807.030000     7.07     2.23   210.94     1.20     0.07     4.51     5.26
 20120807.040000     6.77     1.85   210.93     1.19     0.06     4.52     5.33
 20120807.050000     6.45     1.46   210.69     1.18     0.06     4.52     5.40
 20120807.060000     6.13     1.07   210.41     1.16     0.06     4.53     5.47
 20120807.070000     5.78     0.67   209.98     1.14     0.06     4.53     5.52
 20120807.080000     5.42     0.27   209.39     1.12     0.05     4.53     5.56
 20120807.090000     5.44     0.87   209.02     1.09     0.05     4.53     5.60
 20120807.100000     5.41     1.45   208.67     1.07     0.05     4.53     5.63
 20120807.110000     5.31     2.05   208.47     1.05     0.05     4.50     5.64
 20120807.120000     5.15     2.63   208.33     1.04     0.04     4.48     5.64
 20120807.130000     4.93     3.18   208.20     1.04     0.04     4.45     5.62
 20120807.140000     4.66     3.71   208.00     1.03     0.04     4.42     5.60
 20120807.150000     4.97     3.95   208.02     1.03     0.04     4.39     5.57
 20120807.160000     5.27     4.21   208.17     1.04     0.04     4.36     5.53
 20120807.170000     5.58     4.45   208.33     1.05     0.04     4.35     5.49
 20120807.180000     5.89     4.70   208.49     1.07     0.04     4.35     5.45
 20120807.190000     6.19     4.95   208.64     1.10     0.04     4.36     5.41
 20120807.200000     6.50     5.20   208.79     1.14     0.04     4.39     5.36
 20120807.210000     6.61     4.71   208.67     1.17     0.04     4.45     5.34
 20120807.220000     6.70     4.21   208.53     1.18     0.04     4.50     5.39
 20120807.230000     6.76     3.69   208.52     1.18     0.04     4.53     5.45
 20120808.000000     6.81     3.15   208.64     1.18     0.04     4.55     5.50
 20120808.010000     6.82     2.59   208.85     1.17     0.04     4.56     5.53
 20120808.020000     6.80     2.02   209.07     1.17     0.05     4.57     5.57
 20120808.030000     6.51     1.56   208.97     1.16     0.05     4.59     5.61
 20120808.040000     6.19     1.09   208.66     1.15     0.05     4.62     5.66
 20120808.050000     5.85     0.61   208.10     1.14     0.06     4.65     5.73
 20120808.060000     5.48     0.13   207.29     1.13     0.07     4.69     5.80
 20120808.070000     5.06    -0.36   206.23     1.13     0.08     4.75     5.88
 20120808.080000     4.60    -0.85   204.86     1.12     0.09     4.82     5.95
 20120808.090000     4.71    -0.10   203.61     1.12     0.10     4.91     6.03
 20120808.100000     4.68     0.72   202.52     1.12     0.11     4.99     6.12
 20120808.110000     4.50     1.57   201.33     1.13     0.12     5.08     6.20
 20120808.120000     4.14     2.42   200.13     1.14     0.14     5.16     6.29
 20120808.130000     3.61     3.20   198.92     1.15     0.15     5.25     6.39
 20120808.140000     2.93     3.86   197.62     1.16     0.17     5.34     6.48
 20120808.150000     2.72     3.83   196.34     1.18     0.18     5.44     6.58
 20120808.160000     2.51     3.80   195.28     1.19     0.20     5.53     6.68
 20120808.170000     2.30     3.77   194.44     1.20     0.21     5.61     6.79
 20120808.180000     2.08     3.72   193.80     1.21     0.22     5.69     6.92
 20120808.190000     1.85     3.67   193.40     1.23     0.23     5.75     7.12
 20120808.200000     1.63     3.62   193.19     1.24     0.24     5.79     7.33
 20120808.210000     2.35     3.59   193.24     1.25     0.24     5.82     7.47
 20120808.220000     3.06     3.46   193.50     1.27     0.24     5.82     7.53
 20120808.230000     3.72     3.26   193.96     1.29     0.24     5.81     7.52
 20120809.000000     4.33     3.00   194.56     1.31     0.24     5.79     7.46
 20120809.010000     4.90     2.70   195.28     1.33     0.23     5.76     7.37
 20120809.020000     5.42     2.37   196.08     1.35     0.22     5.73     7.26
 20120809.030000     5.23     2.15   196.57     1.37     0.22     5.72     7.16
 20120809.040000     5.03     1.93   196.81     1.37     0.21     5.73     7.08
 20120809.050000     4.83     1.70   196.97     1.37     0.20     5.74     7.03
 20120809.060000     4.62     1.47   197.11     1.37     0.19     5.75     7.00
 20120809.070000     4.41     1.25   197.23     1.37     0.18     5.76     6.99
 20120809.080000     4.20     1.02   197.37     1.36     0.18     5.76     6.97
 20120809.090000     4.44     1.88   197.69     1.35     0.17     5.74     6.95
 20120809.100000     4.57     2.72   198.15     1.34     0.16     5.70     6.93
 20120809.110000     4.62     3.53   198.70     1.33     0.16     5.64     6.90
 20120809.120000     4.62     4.30   199.27     1.33     0.15     5.56     6.86
 20120809.130000     4.57     5.04   199.77     1.33     0.15     5.47     6.80
 20120809.140000     4.49     5.76   200.14     1.35     0.14     5.35     6.73
 20120809.150000     4.90     5.77   200.67     1.38     0.14     5.22     6.65
 20120809.160000     5.30     5.77   201.27     1.41     0.13     5.15     6.55
 20120809.170000     5.68     5.76   202.00     1.42     0.13     5.10     6.47
 20120809.180000     6.07     5.74   202.83     1.44     0.12     5.06     6.39
 20120809.190000     6.45     5.71   203.64     1.46     0.12     5.04     6.32
 20120809.200000     6.83     5.68   204.45     1.48     0.11     5.03     6.22
 20120809.210000     6.79     5.60   204.97     1.49     0.11     5.03     6.15
 20120809.220000     6.76     5.52   205.30     1.49     0.10     5.03     6.13
 20120809.230000     6.73     5.44   205.54     1.49     0.10     5.02     6.12
 20120810.000000     6.69     5.37   205.75     1.49     0.09     5.01     6.12
 20120810.010000     6.66     5.29   205.93     1.48     0.09     5.00     6.11
 20120810.020000     6.63     5.21   206.10     1.47     0.08     4.99     6.10
 20120810.030000     6.43     5.10   206.14     1.46     0.08     4.97     6.10
 20120810.040000     6.24     4.98   206.16     1.44     0.07     4.95     6.09
 20120810.050000     6.04     4.85   206.19     1.42     0.07     4.92     6.08
 20120810.060000     5.84     4.73   206.23     1.40     0.06     4.88     6.06
 20120810.070000     5.64     4.62   206.27     1.37     0.06     4.84     6.04
 20120810.080000     5.45     4.50   206.28     1.34     0.06     4.80     6.02
 20120810.090000     5.56     4.84   206.39     1.33     0.06     4.75     6.00
 20120810.100000     5.67     5.17   206.45     1.32     0.05     4.70     5.97
 20120810.110000     5.77     5.51   206.37     1.32     0.05     4.67     5.92
 20120810.120000     5.87     5.83   206.17     1.33     0.05     4.66     5.88
 20120810.130000     5.97     6.16   205.89     1.35     0.05     4.67     5.84
 20120810.140000     6.07     6.49   205.59     1.38     0.05     4.69     5.76
 20120810.150000     6.22     6.45   205.33     1.40     0.05     4.73     5.67
 20120810.160000     6.37     6.43   205.17     1.43     0.05     4.76     5.65
 20120810.170000     6.52     6.40   205.13     1.45     0.05     4.80     5.65
 20120810.180000     6.67     6.37   205.17     1.46     0.05     4.82     5.65
 20120810.190000     6.82     6.35   205.28     1.48     0.05     4.84     5.66
 20120810.200000     6.97     6.31   205.46     1.49     0.05     4.86     5.66
 20120810.210000     6.94     6.08   205.48     1.49     0.05     4.87     5.68
 20120810.220000     6.90     5.84   205.43     1.49     0.05     4.87     5.70
 20120810.230000     6.88     5.60   205.41     1.47     0.05     4.86     5.72
 20120811.000000     6.84     5.36   205.44     1.46     0.04     4.84     5.76
 20120811.010000     6.80     5.12   205.52     1.44     0.04     4.82     5.78
 20120811.020000     6.76     4.87   205.63     1.42     0.04     4.80     5.81
 20120811.030000     6.43     5.08   205.61     1.41     0.04     4.78     5.82
 20120811.040000     6.09     5.27   205.48     1.39     0.04     4.76     5.85
 20120811.050000     5.74     5.46   205.24     1.38     0.04     4.75     5.86
 20120811.060000     5.38     5.63   204.90     1.37     0.04     4.74     5.88
 20120811.070000     4.99     5.80   204.45     1.36     0.04     4.74     5.90
 20120811.080000     4.60     5.94   203.83     1.36     0.03     4.75     5.93
 20120811.090000     4.88     6.21   203.38     1.36     0.03     4.76     5.97
 20120811.100000     5.16     6.47   202.94     1.38     0.03     4.77     5.99
 20120811.110000     5.44     6.73   202.55     1.42     0.03     4.81     6.00
 20120811.120000     5.72     6.99   202.30     1.46     0.03     4.87     5.99
 20120811.130000     6.00     7.26   202.26     1.52     0.03     4.94     5.96
 20120811.140000     6.28     7.52   202.52     1.59     0.04     5.01     5.96
 20120811.150000     5.81     7.03   202.33     1.61     0.04     5.10     6.02
 20120811.160000     5.33     6.54   201.98     1.60     0.04     5.14     6.10
 20120811.170000     4.85     6.04   201.67     1.56     0.04     5.15     6.15
 20120811.180000     4.37     5.55   201.49     1.51     0.04     5.12     6.19
 20120811.190000     3.89     5.06   201.29     1.45     0.04     5.08     6.22
 20120811.200000     3.41     4.55   200.82     1.38     0.03     5.05     6.23
 20120811.210000     3.49     4.55   200.24     1.32     0.03     5.01     6.24
 20120811.220000     3.58     4.55   199.82     1.28     0.03     4.96     6.24
 20120811.230000     3.67     4.54   199.41     1.24     0.03     4.89     6.23
 20120812.000000     3.75     4.54   199.16     1.21     0.03     4.81     6.20
 20120812.010000     3.84     4.53   198.94     1.19     0.03     4.74     6.18
 20120812.020000     3.92     4.52   198.72     1.17     0.03     4.68     6.15
 20120812.030000     3.52     4.37   198.33     1.15     0.03     4.64     6.11
 20120812.040000     3.11     4.21   197.81     1.13     0.03     4.61     6.08
 20120812.050000     2.69     4.04   197.17     1.12     0.03     4.59     6.05
 20120812.060000     2.27     3.86   196.30     1.10     0.03     4.58     6.02
 20120812.070000     1.84     3.67   194.80     1.07     0.03     4.61     6.00
 20120812.080000     1.39     3.46   193.28     1.04     0.03     4.68     5.98
 20120812.090000     1.47     3.92   191.99     1.01     0.02     4.74     5.97
 20120812.100000     1.55     4.38   191.02     1.00     0.02     4.73     5.96
 20120812.110000     1.63     4.85   190.35     1.00     0.02     4.71     5.94
 20120812.120000     1.70     5.31   189.92     1.01     0.02     4.69     5.92
 20120812.130000     1.78     5.76   189.71     1.03     0.02     4.66     5.88
 20120812.140000     1.86     6.22   189.78     1.07     0.02     4.66     5.83
 20120812.150000     2.58     6.48   190.56     1.12     0.02     4.66     5.78
 20120812.160000     3.29     6.68   192.04     1.19     0.02     4.66     5.72
 20120812.170000     3.97     6.85   193.71     1.26     0.02     4.71     5.73
 20120812.180000     4.65     6.98   195.61     1.32     0.02     4.76     5.78
 20120812.190000     5.31     7.10   197.53     1.37     0.02     4.80     5.82
 20120812.200000     5.96     7.19   199.84     1.43     0.02     4.80     5.83
 20120812.210000     5.20     6.67   201.01     1.43     0.02     4.79     5.88
 20120812.220000     4.43     6.14   201.45     1.39     0.02     4.78     5.94
 20120812.230000     3.65     5.60   201.67     1.34     0.03     4.76     5.97
 20120813.000000     2.86     5.04   201.50     1.28     0.03     4.76     5.99
 20120813.010000     2.05     4.46   200.81     1.22     0.03     4.79     6.02
 20120813.020000     1.22     3.84   200.11     1.17     0.03     4.86     6.04
 20120813.030000     0.83     3.95   199.53     1.12     0.03     4.93     6.07
 20120813.040000     0.40     4.01   199.06     1.10     0.03     4.97     6.11
 20120813.050000    -0.03     4.03   198.81     1.08     0.03     4.98     6.16
 20120813.060000    -0.47     4.00   198.59     1.07     0.03     4.99     6.21
 20120813.070000    -0.91     3.93   198.36     1.07     0.03     4.99     6.26
 20120813.080000    -1.34     3.80   198.07     1.07     0.03     4.98     6.29
 20120813.090000    -0.57     4.75   197.56     1.07     0.02     4.96     6.31
 20120813.100000     0.28     5.52   196.92     1.07     0.02     4.91     6.31
 20120813.110000     1.14     6.17   196.41     1.08     0.02     4.83     6.29
 20120813.120000     1.99     6.73   196.34     1.11     0.02     4.74     6.24
 20120813.130000     2.84     7.22   197.08     1.16     0.02     4.62     6.15
 20120813.140000     3.67     7.68   198.50     1.21     0.02     4.53     6.02
 20120813.150000     3.01     6.96   199.12     1.23     0.02     4.52     5.90
 20120813.160000     2.35     6.24   199.26     1.20     0.02     4.51     5.86
 20120813.170000     1.66     5.49   199.04     1.15     0.02     4.51     5.86
 20120813.180000     0.97     4.72   198.09     1.10     0.01     4.52     5.87
 20120813.190000     0.25     3.87   196.87     1.04     0.01     4.55     5.87
 20120813.200000    -0.48     2.92   195.68     0.98     0.01     4.61     5.87
 20120813.210000    -0.24     2.72   194.55     0.93     0.01     4.66     5.87
 20120813.220000     0.02     2.50   193.49     0.89     0.01     4.71     5.88
 20120813.230000     0.28     2.25   192.59     0.86     0.01     4.73     5.88
 20120814.000000     0.55     1.96   191.72     0.83     0.01     4.74     5.88
 20120814.010000     0.81     1.62   190.90     0.81     0.01     4.73     5.87
 20120814.020000     1.04     1.18   190.12     0.78     0.01     4.73     5.86
 20120814.030000     1.19     1.37   189.43     0.76     0.01     4.72     5.85
 20120814.040000     1.32     1.54   188.82     0.75     0.01     4.70     5.83
 20120814.050000     1.44     1.73   188.33     0.73     0.02     4.68     5.81
 20120814.060000     1.53     1.89   187.98     0.72     0.02     4.65     5.79
 20120814.070000     1.54     1.91   187.82     0.71     0.02     4.62     5.77
 20120814.080000    -2.03    -2.18   187.67     0.70     0.02     4.60     5.73
 20120814.090000    -2.58    -1.88   186.86     0.69     0.02     4.60     5.70
 20120814.100000    -3.08    -1.49   186.19     0.69     0.02     4.60     5.67
 20120814.110000    -3.49    -1.03   185.40     0.68     0.02     4.58     5.65
 20120814.120000    -3.82    -0.52   184.40     0.68     0.02     4.57     5.64
 20120814.130000    -4.08     0.00   183.11     0.68     0.02     4.54     5.63
 20120814.140000    -4.26     0.54   181.46     0.69     0.02     4.49     5.63
 20120814.150000    -3.73     0.67   181.20     0.69     0.02     4.48     5.63
 20120814.160000    -3.19     0.81   182.13     0.69     0.02     4.51     5.63
 20120814.170000    -2.62     0.95   183.75     0.68     0.02     4.55     5.64
 20120814.180000    -1.99     1.11   185.94     0.67     0.02     4.64     5.65
 20120814.190000    -1.28     1.24   188.31     0.66     0.02     4.75     5.67
 20120814.200000    -0.36     1.22   190.21     0.65     0.03     4.85     5.69
 20120814.210000    -0.68     1.33   191.68     0.64     0.03     4.95     5.72
 20120814.220000    -1.16     1.26   192.94     0.64     0.03     5.05     5.75
 20120814.230000    -1.74     0.84   193.91     0.63     0.02     5.12     5.79
 20120815.000000    -2.14    -0.17   194.59     0.63     0.02     5.18     5.83
 20120815.010000    -1.76    -1.58   195.05     0.63     0.02     5.21     5.87
 20120815.020000    -0.47    -2.55   195.55     0.63     0.02     5.21     5.90
 20120815.030000    -0.33    -2.62   195.95     0.63     0.02     5.21     5.93
 20120815.040000    -0.18    -2.68   196.09     0.63     0.02     5.20     5.96
 20120815.050000    -0.03    -2.74   195.91     0.63     0.02     5.18     5.98
 20120815.060000     0.12    -2.78   195.21     0.63     0.03     5.14     5.99
 20120815.070000     0.28    -2.82   193.79     0.64     0.03     5.09     6.00
 20120815.080000     0.42    -2.84   191.46     0.65     0.03     5.03     6.01
 20120815.090000     0.32    -2.66   188.08     0.66     0.03     4.98     6.01
 20120815.100000     0.21    -2.47   183.62     0.68     0.03     4.94     6.01
 20120815.110000     0.11    -2.28   177.94     0.69     0.03     4.92     5.98
 20120815.120000     0.01    -2.08   170.71     0.71     0.03     4.93     5.91
 20120815.130000    -0.10    -1.87   161.59     0.72     0.03     4.95     5.81
 20120815.140000    -0.21    -1.66   150.51     0.75     0.04     4.99     5.71
 20120815.150000    -1.16    -2.54   137.59     0.77     0.04     5.02     5.63
 20120815.160000    -2.09    -3.32   122.00     0.81     0.04     4.97     5.61
 20120815.170000    -3.01    -4.05   105.38     0.88     0.04     4.84     5.60
 20120815.180000    -3.91    -4.77    91.25     0.97     0.04     4.66     5.57
 20120815.190000    -4.81    -5.49    81.60     1.10     0.05     4.57     5.53
 20120815.200000    -5.71    -6.20    75.10     1.25     0.05     4.59     5.49
 20120815.210000    -6.08    -6.34    71.76     1.40     0.05     4.74     5.54
 20120815.220000    -6.45    -6.48    70.08     1.52     0.06     4.90     5.69
 20120815.230000    -6.82    -6.61    68.74     1.62     0.07     5.04     5.86
 20120816.000000    -7.19    -6.74    67.53     1.69     0.07     5.14     5.96
 20120816.010000    -7.55    -6.88    66.51     1.75     0.08     5.20     6.01
 20120816.020000    -7.92    -7.01    65.75     1.81     0.10     5.25     6.03
 20120816.030000    -7.99    -6.58    65.72     1.83     0.11     5.26     6.05
 20120816.040000    -8.06    -6.15    66.12     1.83     0.13     5.25     6.05
 20120816.050000    -8.11    -5.70    67.00     1.79     0.15     5.21     6.02
 20120816.060000    -8.16    -5.23    69.08     1.76     0.20     5.20     5.95
 20120816.070000    -8.19    -4.76    73.22     1.75     0.26     5.26     5.86
 20120816.080000    -8.19    -4.28    79.71     1.77     0.34     5.39     5.75
 20120816.090000    -8.39    -3.53    87.42     1.79     0.39     5.53     5.70
 20120816.100000    -8.52    -2.73    94.95     1.81     0.42     5.64     5.72
 20120816.110000    -8.59    -1.91   101.41     1.83     0.43     5.69     6.11
 20120816.120000    -8.59    -1.05   107.02     1.83     0.42     5.70     6.46
 20120816.130000    -8.50    -0.17   112.41     1.83     0.42     5.73     7.50
 20120816.140000    -8.32     0.71   118.32     1.86     0.45     5.82     7.55
 20120816.150000    -8.28     0.91   124.27     1.91     0.51     6.00     7.78
 20120816.160000    -8.23     1.10   129.89     1.99     0.61     6.25     7.92
 20120816.170000    -8.17     1.30   134.97     2.09     0.73     6.53     8.34
 20120816.180000    -8.11     1.50   139.24     2.19     0.83     6.79     8.95
 20120816.190000    -8.05     1.69   142.61     2.26     0.92     6.98     9.42
 20120816.200000    -7.98     1.89   145.17     2.29     0.97     7.08     9.58
 20120816.210000    -7.79     2.51   147.16     2.30     0.98     7.12     9.64
 20120816.220000    -7.55     3.13   148.83     2.30     0.97     7.09     9.66
 20120816.230000    -7.26     3.73   150.34     2.29     0.95     7.04     9.65
 20120817.000000    -6.91     4.32   151.84     2.27     0.92     6.96     9.62
 20120817.010000    -6.52     4.88   153.41     2.26     0.89     6.89     9.59
 20120817.020000    -6.07     5.41   155.24     2.25     0.86     6.83     9.56
 20120817.030000    -5.50     5.17   157.35     2.23     0.85     6.82     9.53
 20120817.040000    -4.93     4.94   159.69     2.21     0.84     6.85     9.51
 20120817.050000    -4.35     4.70   162.32     2.18     0.84     6.92     9.51
 20120817.060000    -3.77     4.45   164.89     2.14     0.84     6.97     9.53
 20120817.070000    -3.17     4.19   167.15     2.10     0.83     7.00     9.54
 20120817.080000    -2.56     3.91   169.19     2.05     0.81     7.01     9.55
 20120817.090000    -2.31     4.27   171.08     2.00     0.78     7.02     9.54
 20120817.100000    -2.04     4.59   172.45     1.95     0.74     6.97     9.51
 20120817.110000    -1.75     4.89   173.45     1.90     0.70     6.88     9.47
 20120817.120000    -1.45     5.17   174.26     1.86     0.65     6.78     9.42
 20120817.130000    -1.15     5.42   175.04     1.82     0.61     6.68     9.37
 20120817.140000    -0.84     5.65   175.97     1.79     0.58     6.60     9.31
 20120817.150000    -0.47     5.50   177.20     1.77     0.57     6.56     9.24
 20120817.160000    -0.10     5.32   178.74     1.76     0.57     6.55     9.07
 20120817.170000     0.28     5.13   180.51     1.76     0.58     6.57     8.98
 20120817.180000     0.66     4.90   182.39     1.76     0.60     6.61     8.95
 20120817.190000     1.04     4.63   184.26     1.76     0.61     6.66     8.94
 20120817.200000     1.41     4.33   185.94     1.77     0.62     6.70     8.95
 20120817.210000     1.26     4.04   187.37     1.77     0.63     6.73     8.98
 20120817.220000     1.11     3.76   188.59     1.76     0.64     6.75     9.00
 20120817.230000     0.95     3.47   189.72     1.75     0.64     6.78     9.02
 20120818.000000     0.81     3.18   190.73     1.73     0.64     6.82     9.07
 20120818.010000     0.65     2.89   191.60     1.71     0.63     6.85     9.14
 20120818.020000     0.51     2.59   192.21     1.69     0.62     6.86     9.24
 20120818.030000     0.45     2.41   192.64     1.66     0.60     6.85     9.29
 20120818.040000     0.39     2.21   193.03     1.63     0.58     6.83     9.30
 20120818.050000     0.32     2.03   193.37     1.59     0.55     6.80     9.29
 20120818.060000     0.22     1.84   193.61     1.55     0.52     6.77     9.27
 20120818.070000    -0.01     1.64   193.70     1.50     0.48     6.75     9.08
 20120818.080000    -0.36    -1.42   193.61     1.46     0.44     6.72     8.87
 20120818.090000    -0.50    -1.33   193.40     1.41     0.40     6.68     8.70
 20120818.100000    -0.67    -1.21   193.02     1.37     0.36     6.63     8.58
 20120818.110000    -0.90    -1.00   192.53     1.33     0.32     6.56     8.49
 20120818.120000    -1.16    -0.58   192.00     1.29     0.28     6.48     8.41
 20120818.130000    -1.24     0.20   191.44     1.26     0.25     6.40     8.27
 20120818.140000    -0.54     1.10   190.90     1.22     0.22     6.32     8.14
 20120818.150000    -0.63     0.98   190.38     1.19     0.20     6.24     8.03
 20120818.160000    -0.73     0.81   189.93     1.16     0.17     6.16     7.95
 20120818.170000    -0.83     0.60   189.53     1.13     0.15     6.09     7.88
 20120818.180000    -0.90     0.31   189.21     1.10     0.14     6.02     7.82
 20120818.190000    -0.89    -0.05   188.96     1.08     0.12     5.95     7.77
 20120818.200000    -0.70    -0.43   188.75     1.06     0.11     5.89     7.73
 20120818.210000    -0.90    -0.50   188.59     1.03     0.10     5.84     7.68
 20120818.220000    -1.09    -0.54   188.50     1.01     0.09     5.78     7.60
 20120818.230000    -1.22    -0.51   188.45     0.99     0.08     5.73     7.49
 20120819.000000    -1.16    -0.48   188.45     0.98     0.07     5.68     7.40
 20120819.010000    -0.60    -0.69   188.49     0.96     0.07     5.63     7.33
 20120819.020000     1.76     1.25   188.56     0.94     0.06     5.59     7.28
 20120819.030000     1.61     1.02   188.66     0.93     0.06     5.56     7.23
 20120819.040000     1.45     0.77   188.77     0.91     0.05     5.53     7.19
 20120819.050000     1.29     0.51   188.92     0.90     0.05     5.49     7.16
 20120819.060000     1.11     0.22   189.08     0.89     0.05     5.46     7.12
 20120819.070000     0.87    -0.11   189.29     0.87     0.05     5.43     7.09
 20120819.080000     0.42    -0.44   189.51     0.86     0.05     5.40     7.06
 20120819.090000     0.94    -0.17   189.77     0.85     0.05     5.38     7.03
 20120819.100000     1.24     0.39   190.06     0.84     0.05     5.35     6.99
 20120819.110000     1.31     1.02   190.38     0.83     0.05     5.33     6.95
 20120819.120000     1.22     1.59   190.76     0.82     0.05     5.32     6.88
 20120819.130000     1.06     2.10   191.17     0.82     0.05     5.31     6.82
 20120819.140000     0.87     2.56   191.56     0.81     0.06     5.29     6.78
 20120819.150000     0.99     2.71   191.98     0.80     0.06     5.28     6.75
 20120819.160000     1.12     2.87   192.42     0.80     0.06     5.26     6.72
 20120819.170000     1.25     3.02   192.87     0.80     0.06     5.23     6.70
 20120819.180000     1.38     3.18   193.32     0.80     0.05     5.20     6.69
 20120819.190000     1.50     3.33   193.77     0.80     0.05     5.17     6.68
 20120819.200000     1.62     3.48   194.26     0.80     0.05     5.13     6.67
 20120819.210000     1.52     3.01   194.61     0.80     0.05     5.10     6.67
 20120819.220000     1.41     2.54   194.81     0.79     0.05     5.09     6.67
 20120819.230000     1.30     2.06   194.93     0.79     0.05     5.09     6.67
 20120820.000000     1.18     1.57   195.00     0.78     0.04     5.10     6.66
 20120820.010000     1.06     1.06   195.06     0.78     0.04     5.11     6.66
 20120820.020000     0.89     0.50   195.12     0.77     0.04     5.12     6.65
 20120820.030000     0.89     0.59   195.16     0.75     0.04     5.14     6.64
 20120820.040000     0.85     0.72   195.18     0.74     0.03     5.13     6.62
 20120820.050000     0.72     0.90   195.13     0.74     0.03     5.12     6.61
 20120820.060000     0.38     1.13   195.02     0.73     0.03     5.10     6.59
 20120820.070000    -0.50     1.14   194.84     0.72     0.03     5.09     6.57
 20120820.080000    -1.26    -0.23   194.60     0.71     0.02     5.07     6.54
 20120820.090000    -1.63     0.47   194.28     0.70     0.02     5.04     6.52
 20120820.100000    -1.68     1.28   193.81     0.69     0.02     5.01     6.49
 20120820.110000    -1.50     2.04   193.18     0.69     0.02     4.99     6.46
 20120820.120000    -1.19     2.69   192.40     0.68     0.02     4.94     6.42
 20120820.130000    -0.83     3.26   191.61     0.68     0.02     4.88     6.39
 20120820.140000    -0.44     3.75   190.94     0.67     0.02     4.80     6.36
 20120820.150000    -0.30     3.64   190.55     0.67     0.02     4.73     6.32
 20120820.160000    -0.17     3.52   190.28     0.67     0.02     4.68     6.26
 20120820.170000    -0.03     3.40   190.07     0.66     0.02     4.64     6.21
 20120820.180000     0.10     3.28   189.88     0.66     0.02     4.61     6.16
 20120820.190000     0.24     3.15   189.68     0.65     0.02     4.58     6.12
 20120820.200000     0.37     3.02   189.47     0.64     0.02     4.55     6.08
 20120820.210000     0.78     2.86   189.30     0.64     0.02     4.53     6.05
 20120820.220000     1.21     2.62   189.17     0.63     0.02     4.51     6.02
 20120820.230000     1.64     2.28   189.04     0.62     0.02     4.49     5.99
 20120821.000000     2.04     1.82   188.96     0.62     0.02     4.49     5.96
 20120821.010000     2.34     1.25   188.88     0.61     0.02     4.48     5.94
 20120821.020000     2.52     0.58   188.82     0.60     0.02     4.47     5.91
 20120821.030000     2.39     0.27   188.68     0.60     0.01     4.47     5.89
 20120821.040000     2.24    -0.09   188.45     0.59     0.02     4.47     5.88
 20120821.050000     2.01    -0.51   188.12     0.59     0.02     4.47     5.86
 20120821.060000     1.62    -0.98   187.69     0.58     0.02     4.48     5.85
 20120821.070000     0.99    -1.42   187.21     0.58     0.02     4.50     5.84
 20120821.080000     0.04    -1.55   186.63     0.57     0.03     4.52     5.82
 20120821.090000    -0.17    -1.84   185.96     0.57     0.03     4.53     5.81
 20120821.100000    -0.58    -2.03   185.08     0.57     0.04     4.54     5.80
 20120821.110000    -1.25    -1.95   183.79     0.57     0.05     4.55     5.79
 20120821.120000    -2.14    -1.12   181.92     0.57     0.06     4.55     5.78
 20120821.130000    -2.35     1.05   179.36     0.58     0.07     4.54     5.76
 20120821.140000    -0.98     3.24   177.35     0.59     0.07     4.52     5.75
 20120821.150000    -0.51     3.24   176.24     0.60     0.08     4.52     5.73
 20120821.160000     0.03     3.17   174.99     0.61     0.09     4.54     5.71
 20120821.170000     0.63     3.00   173.66     0.61     0.09     4.58     5.70
 20120821.180000     1.24     2.68   172.39     0.62     0.10     4.63     5.69
 20120821.190000     1.80     2.20   171.17     0.63     0.10     4.69     5.68
 20120821.200000     2.27     1.54   170.11     0.63     0.11     4.73     5.68
 20120821.210000     2.31     1.25   169.20     0.64     0.11     4.78     5.67
 20120821.220000     2.32     0.94   168.40     0.65     0.11     4.81     5.67
 20120821.230000     2.31     0.59   167.87     0.66     0.12     4.82     5.65
 20120822.000000     2.26     0.24   167.64     0.66     0.12     4.82     5.62
 20120822.010000     2.14    -0.14   167.72     0.67     0.11     4.81     5.57
 20120822.020000     1.96    -0.52   168.09     0.67     0.11     4.79     5.50
 20120822.030000     1.93    -1.03   168.75     0.67     0.11     4.75     5.43
 20120822.040000     1.77    -1.55   169.73     0.67     0.10     4.70     5.36
 20120822.050000     1.49    -2.03   170.94     0.67     0.09     4.64     5.30
 20120822.060000     1.14    -2.44   172.33     0.66     0.09     4.57     5.23
 20120822.070000     0.72    -2.76   173.84     0.65     0.08     4.49     5.13
 20120822.080000     0.27    -3.00   175.36     0.65     0.07     4.40     5.04
 20120822.090000     0.02    -2.91   176.84     0.64     0.06     4.32     4.97
 20120822.100000    -0.32    -2.79   178.27     0.63     0.06     4.25     4.90
 20120822.110000    -0.81    -2.57   179.44     0.62     0.05     4.18     4.84
 20120822.120000    -1.56    -2.06   180.06     0.61     0.05     4.11     4.77
 20120822.130000    -2.40    -0.61   179.69     0.60     0.04     4.08     4.68
 20120822.140000    -1.41     1.91   178.17     0.60     0.04     4.07     4.63
 20120822.150000    -1.13     1.86   175.34     0.60     0.04     4.10     4.62
 20120822.160000    -0.81     1.81   170.35     0.60     0.04     4.15     4.64
 20120822.170000    -0.43     1.74   162.59     0.62     0.03     4.23     4.69
 20120822.180000     0.02     1.59   151.69     0.64     0.03     4.34     4.77
 20120822.190000     0.53     1.27   138.93     0.65     0.03     4.45     4.84
 20120822.200000     0.97     0.68   126.44     0.67     0.03     4.56     4.92
 20120822.210000     1.24     0.42   115.79     0.69     0.03     4.66     5.00
 20120822.220000     1.43     0.06   107.48     0.70     0.03     4.75     5.11
 20120822.230000     1.51    -0.38   101.20     0.72     0.02     4.84     5.24
 20120823.000000     1.45    -0.84    96.42     0.73     0.02     4.92     5.34
 20120823.010000     1.27    -1.27    92.69     0.74     0.02     5.00     5.44
 20120823.020000     1.00    -1.64    89.66     0.76     0.02     5.08     5.56
 20120823.030000     1.29    -2.12    86.97     0.77     0.02     5.14     5.72
 20120823.040000     1.57    -2.59    83.68     0.79     0.03     5.14     5.85
 20120823.050000     1.85    -3.06    81.10     0.81     0.03     5.16     5.95
 20120823.060000     2.14    -3.54    78.10     0.84     0.03     5.14     6.05
 20120823.070000     2.42    -4.02    74.45     0.88     0.04     5.05     6.16
 20120823.080000     2.70    -4.50    70.27     0.93     0.04     4.90     6.29
 20120823.090000     2.55    -3.91    67.95     0.97     0.05     4.82     6.39
 20120823.100000     2.41    -3.31    68.13     0.99     0.05     4.85     6.45
 20120823.110000     2.26    -2.71    69.13     1.00     0.06     4.93     6.51
 20120823.120000     2.09    -2.08    70.54     0.99     0.06     5.05     6.57
 20120823.130000     1.90    -1.42    71.78     0.98     0.07     5.19     6.63
 20120823.140000     1.65    -0.71    72.61     0.97     0.08     5.34     6.71
 20120823.150000     1.55    -1.09    73.06     0.97     0.09     5.49     6.81
 20120823.160000     1.36    -1.46    73.08     0.97     0.11     5.63     6.95
 20120823.170000     1.10    -1.79    72.89     0.98     0.12     5.76     7.04
 20120823.180000     0.77    -2.05    72.57     0.99     0.15     5.90     7.12
 20120823.190000     0.39    -2.26    72.21     1.02     0.17     6.03     7.22
 20120823.200000     0.01    -2.40    71.85     1.04     0.19     6.15     7.35
 20120823.210000     0.90    -2.97    71.31     1.07     0.22     6.23     7.51
 20120823.220000     1.79    -3.36    70.54     1.10     0.24     6.28     7.71
 20120823.230000     2.65    -3.66    69.33     1.14     0.27     6.25     7.83
 20120824.000000     3.48    -3.89    67.77     1.19     0.29     6.13     7.94
 20120824.010000     4.28    -4.09    66.04     1.26     0.31     5.92     8.05
 20120824.020000     5.06    -4.27    63.60     1.33     0.33     5.75     8.19
 20120824.030000     5.36    -4.70    59.90     1.39     0.34     5.63     8.41
 20120824.040000     5.65    -5.13    54.67     1.44     0.36     5.57     8.54
 20120824.050000     5.94    -5.56    47.92     1.48     0.37     5.52     8.64
 20120824.060000     6.24    -5.98    39.74     1.52     0.38     5.48     8.72
 20120824.070000     6.53    -6.40    30.10     1.56     0.39     5.42     8.79
 20120824.080000     6.82    -6.82    19.18     1.61     0.40     5.35     8.77
 20120824.090000     7.09    -6.49    18.71     1.65     0.41     5.32     8.47
 20120824.100000     7.35    -6.14    42.74     1.66     0.42     5.33     5.11
 20120824.110000     7.60    -5.77    39.84     1.67     0.43     5.34     4.33
 20120824.120000     7.83    -5.39    38.09     1.68     0.45     5.37     4.36
 20120824.130000     8.05    -5.00    36.78     1.68     0.45     5.39     4.38
 20120824.140000     8.24    -4.60   100.03     1.69     0.46     5.39     8.01
 20120824.150000     8.62    -4.96   354.51     1.70     0.45     5.35     8.03
 20120824.160000     8.98    -5.31   345.87     1.72     0.43     5.30     4.49
 20120824.170000     9.34    -5.66   334.44     1.75     0.41     5.23     4.57
 20120824.180000     9.70    -6.01   322.25     1.80     0.39     5.17     4.65
 20120824.190000    10.06    -6.37   312.37     1.86     0.37     5.15     4.75
 20120824.200000    10.42    -6.71   306.40     1.95     0.36     5.17     4.95
 20120824.210000    10.76    -7.62   304.24     2.06     0.36     5.23     5.07
 20120824.220000    11.06    -8.51   304.40     2.20     0.39     5.32     5.19
 20120824.230000    11.35    -9.41   306.31     2.36     0.42     5.44     5.36
 20120825.000000    11.63   -10.28   309.61     2.51     0.46     5.55     5.49
 20120825.010000    11.90   -11.14   313.62     2.68     0.51     5.68     5.59
 20120825.020000    12.16   -12.00   317.71     2.84     0.56     5.81     5.68
 20120825.030000     9.73   -15.44   328.09     3.02     0.60     5.92     5.77
 20120825.040000     6.35   -18.36   346.87     3.25     0.67     6.06     5.96
 20120825.050000     2.28   -20.47    36.93     3.56     0.77     6.30     6.40
 20120825.060000    -2.18   -21.66    25.63     3.94     0.92     6.61     7.44
 20120825.070000    -6.71   -21.93    38.34     4.36     1.12     6.92     8.16
 20120825.080000   -11.07   -21.41    47.46     4.77     1.34     7.18     8.41
 20120825.090000   -12.08   -20.34    52.80     4.93     1.47     7.31     8.50
 20120825.100000   -13.06   -19.18    56.06     4.91     1.46     7.30     8.49
 20120825.110000   -13.99   -17.95    59.55     4.83     1.40     7.24     8.36
 20120825.120000   -14.87   -16.63    63.88     4.75     1.36     7.19     8.20
 20120825.130000   -15.69   -15.22    68.79     4.67     1.34     7.16     8.12
 20120825.140000   -16.43   -13.74    74.07     4.62     1.35     7.16     8.08
 20120825.150000   -16.73   -13.57    78.37     4.60     1.39     7.16     8.08
 20120825.160000   -17.03   -13.39    80.80     4.60     1.40     7.17     8.09
 20120825.170000   -17.32   -13.21    81.72     4.58     1.38     7.14     8.06
 20120825.180000   -17.61   -13.03    81.86     4.55     1.32     7.10     8.02
 20120825.190000   -17.89   -12.85    81.69     4.53     1.28     7.06     7.97
 20120825.200000   -18.18   -12.66    81.46     4.51     1.23     7.03     7.92
 20120825.210000   -18.22   -11.42    81.83     4.45     1.19     6.98     7.89
 20120825.220000   -18.22   -10.14    82.78     4.37     1.13     6.93     7.83
 20120825.230000   -18.18    -8.82    84.19     4.26     1.08     6.86     7.75
 20120826.000000   -18.07    -7.47    86.54     4.14     1.03     6.81     7.64
 20120826.010000   -17.90    -6.09    89.61     4.03     1.00     6.75     7.52
 20120826.020000   -17.64    -4.67    93.73     3.94     1.02     6.73     7.43
 20120826.030000   -16.81    -4.82    98.79     3.88     1.11     6.77     7.35
 20120826.040000   -15.96    -4.97   103.76     3.84     1.23     6.84     7.19
 20120826.050000   -15.11    -5.12   107.09     3.78     1.29     6.87     6.97
 20120826.060000   -14.25    -5.27   108.68     3.66     1.29     6.82     7.00
 20120826.070000   -13.37    -5.41   109.44     3.51     1.24     6.74     6.89
 20120826.080000   -12.48    -5.55   110.42     3.33     1.18     6.67     6.77
 20120826.090000   -12.46    -6.10   108.96     3.21     1.12     6.57     6.60
 20120826.100000   -12.41    -6.64   105.62     3.14     1.07     6.47     6.15
 20120826.110000   -12.35    -7.19   102.11     3.10     1.02     6.39     6.11
 20120826.120000   -12.27    -7.72    99.10     3.08     1.00     6.34     6.11
 20120826.130000   -12.19    -8.24    96.79     3.09     0.99     6.34     6.13
 20120826.140000   -12.08    -8.76    95.11     3.11     1.00     6.37     6.16
 20120826.150000   -11.93    -8.55    94.81     3.13     1.03     6.43     6.20
 20120826.160000   -11.78    -8.33    95.58     3.14     1.07     6.49     6.25
 20120826.170000   -11.63    -8.12    96.86     3.15     1.11     6.56     6.29
 20120826.180000   -11.48    -7.90    98.21     3.17     1.15     6.63     6.30
 20120826.190000   -11.33    -7.68    99.31     3.17     1.18     6.66     6.31
 20120826.200000   -11.18    -7.47   100.10     3.16     1.19     6.67     6.31
 20120826.210000   -11.02    -7.41   100.53     3.14     1.19     6.66     6.29
 20120826.220000   -10.86    -7.34   100.83     3.12     1.18     6.64     6.26
 20120826.230000   -10.70    -7.29   101.27     3.09     1.18     6.62     6.22
 20120827.000000   -10.54    -7.23   101.98     3.07     1.18     6.61     6.18
 20120827.010000   -10.38    -7.17   102.92     3.05     1.20     6.61     6.14
 20120827.020000   -10.22    -7.10   103.80     3.02     1.20     6.59     6.10
 20120827.030000    -9.66    -7.56   104.25     2.98     1.19     6.57     6.07
 20120827.040000    -9.06    -7.99   104.43     2.90     1.15     6.53     6.04
 20120827.050000    -8.42    -8.39   103.93     2.82     1.11     6.48     6.00
 20120827.060000    -7.75    -8.76   102.69     2.74     1.06     6.40     5.95
 20120827.070000    -7.05    -9.10   101.94     2.68     1.03     6.36     5.89
 20120827.080000    -6.31    -9.40   101.89     2.63     1.02     6.36     9.35
 20120827.090000    -5.69    -8.83   104.31     2.59     1.04     6.41    10.77
 20120827.100000    -5.07    -8.25   109.84     2.52     1.06     6.54    10.83
 20120827.110000    -4.45    -7.67   117.13     2.44     1.09     6.71    10.89
 20120827.120000    -3.82    -7.09   123.66     2.37     1.12     6.85    10.97
 20120827.130000    -3.19    -6.49   129.03     2.30     1.13     7.01    11.06
 20120827.140000    -2.56    -5.89   133.11     2.23     1.13     7.16    11.16
 20120827.150000    -2.05    -5.38   136.01     2.16     1.13     7.28    11.28
 20120827.160000    -1.54    -4.85   138.11     2.09     1.11     7.38    11.35
 20120827.170000    -1.01    -4.31   139.82     2.02     1.08     7.44    11.38
 20120827.180000    -0.46    -3.73   141.16     1.95     1.05     7.48    11.39
 20120827.190000     0.11    -3.09   142.32     1.88     1.01     7.49    11.37
 20120827.200000     0.68    -2.32   143.52     1.82     0.97     7.49    11.36
 20120827.210000     1.81    -2.68   144.79     1.77     0.94     7.49    11.33
 20120827.220000     2.88    -2.84   146.25     1.73     0.91     7.45    11.29
 20120827.230000     3.90    -2.91   148.18     1.70     0.87     7.34    11.22
 20120828.000000     4.87    -2.93   150.98     1.68     0.83     7.17    11.07
 20120828.010000     5.80    -2.93   155.38     1.67     0.77     6.92    10.87
 20120828.020000     6.70    -2.91   162.29     1.67     0.71     6.61    10.66
 20120828.030000     6.41    -2.67   170.09     1.67     0.65     6.36    10.46
 20120828.040000     6.11    -2.43   176.50     1.66     0.60     6.22    10.26
 20120828.050000     5.82    -2.19   181.49     1.64     0.55     6.14     9.88
 20120828.060000     5.52    -1.95   185.19     1.63     0.51     6.10     9.51
 20120828.070000     5.21    -1.70   187.85     1.61     0.47     6.07     8.48
 20120828.080000     4.91    -1.46   189.71     1.59     0.43     6.04     7.88
 20120828.090000     4.56    -1.02   190.56     1.56     0.40     6.03     7.80
 20120828.100000     4.19    -0.58   190.50     1.52     0.36     6.05     7.77
 20120828.110000     3.79    -0.12   190.38     1.47     0.33     6.06     7.73
 20120828.120000     3.32     0.37   189.95     1.43     0.30     6.08     7.69
 20120828.130000     2.76     0.87   189.29     1.39     0.28     6.10     7.64
 20120828.140000     2.05     1.33   188.49     1.35     0.26     6.12     7.58
 20120828.150000     2.15     1.60   187.71     1.31     0.24     6.13     7.51
 20120828.160000     2.25     1.87   187.05     1.28     0.22     6.11     7.45
 20120828.170000     2.34     2.13   186.44     1.25     0.21     6.07     7.40
 20120828.180000     2.42     2.39   185.88     1.23     0.19     6.02     7.35
 20120828.190000     2.51     2.64   185.42     1.21     0.18     5.96     7.30
 20120828.200000     2.59     2.90   185.14     1.19     0.17     5.89     7.24
 20120828.210000     3.20     2.83   185.20     1.18     0.16     5.80     7.19
 20120828.220000     3.80     2.73   185.75     1.17     0.14     5.69     7.13
 20120828.230000     4.36     2.60   186.95     1.17     0.13     5.57     7.08
 20120829.000000     4.89     2.45   188.91     1.18     0.12     5.42     7.02
 20120829.010000     5.41     2.29   191.28     1.20     0.12     5.26     6.93
 20120829.020000     5.90     2.11   193.74     1.23     0.11     5.15     6.55
 20120829.030000     5.63     2.04   195.36     1.24     0.10     5.09     6.07
 20120829.040000     5.36     1.97   196.36     1.24     0.09     5.07     5.94
 20120829.050000     5.09     1.90   197.07     1.23     0.09     5.05     5.90
 20120829.060000     4.82     1.83   197.64     1.22     0.08     5.03     5.89
 20120829.070000     4.55     1.75   198.04     1.19     0.08     5.00     5.89
 20120829.080000     4.29     1.68   198.33     1.16     0.07     4.96     5.89
 20120829.090000     4.34     2.34   198.79     1.14     0.07     4.91     5.88
 20120829.100000     4.33     2.99   199.37     1.12     0.06     4.85     5.86
 20120829.110000     4.27     3.61   199.97     1.11     0.06     4.79     5.84
 20120829.120000     4.16     4.19   200.53     1.10     0.06     4.73     5.79
 20120829.130000     4.03     4.76   200.98     1.09     0.05     4.67     5.71
 20120829.140000     3.87     5.30   201.33     1.09     0.05     4.61     5.63
 20120829.150000     4.26     5.22   201.71     1.09     0.05     4.57     5.54
 20120829.160000     4.64     5.12   202.25     1.09     0.05     4.54     5.48
 20120829.170000     5.00     5.02   202.92     1.09     0.04     4.51     5.42
 20120829.180000     5.36     4.90   203.66     1.10     0.04     4.49     5.37
 20120829.190000     5.70     4.76   204.49     1.10     0.04     4.46     5.33
 20120829.200000     6.03     4.62   205.39     1.10     0.04     4.44     5.29
 20120829.210000     5.76     4.36   205.79     1.09     0.04     4.43     5.27
 20120829.220000     5.49     4.10   206.06     1.08     0.04     4.42     5.25
 20120829.230000     5.22     3.83   206.38     1.05     0.04     4.39     5.24
 20120830.000000     4.94     3.57   206.72     1.03     0.03     4.36     5.22
 20120830.010000     4.67     3.31   207.01     1.01     0.03     4.32     5.20
 20120830.020000     4.41     3.05   207.20     0.98     0.03     4.28     5.19
 20120830.030000     4.32     3.02   207.47     0.96     0.03     4.25     5.20
 20120830.040000     4.24     2.98   207.69     0.94     0.03     4.21     5.26
 20120830.050000     4.15     2.96   207.78     0.93     0.03     4.19     5.36
 20120830.060000     4.07     2.93   207.67     0.91     0.03     4.17     5.45
 20120830.070000     3.98     2.90   207.45     0.90     0.03     4.15     5.53
 20120830.080000     3.90     2.86   207.17     0.89     0.03     4.14     5.57
 20120830.090000     3.58     3.31   206.72     0.89     0.03     4.12     5.60
 20120830.100000     3.20     3.74   206.08     0.88     0.03     4.11     5.60
 20120830.110000     2.75     4.12   205.22     0.87     0.03     4.10     5.60
 20120830.120000     2.26     4.45   204.16     0.86     0.03     4.10     5.58
 20120830.130000     1.74     4.72   202.46     0.85     0.03     4.11     5.56
 20120830.140000     1.18     4.93   200.59     0.84     0.03     4.12     5.55
 20120830.150000     0.88     4.91   199.25     0.84     0.02     4.12     5.54
 20120830.160000     0.57     4.89   198.24     0.83     0.02     4.12     5.53
 20120830.170000     0.25     4.84   197.42     0.83     0.02     4.11     5.53
 20120830.180000    -0.07     4.77   196.68     0.83     0.02     4.11     5.55
 20120830.190000    -0.39     4.69   195.96     0.82     0.02     4.10     5.57
 20120830.200000    -0.71     4.58   195.15     0.82     0.02     4.10     5.60
 20120830.210000    -0.64     4.24   194.47     0.81     0.02     4.11     5.64
 20120830.220000    -0.57     3.90   193.80     0.81     0.02     4.12     5.67
 20120830.230000    -0.49     3.56   192.60     0.79     0.02     4.17     5.69
 20120831.000000    -0.42     3.22   191.22     0.77     0.02     4.23     5.71
 20120831.010000    -0.34     2.88   190.39     0.75     0.01     4.29     5.71
 20120831.020000    -0.27     2.54   189.79     0.73     0.01     4.34     5.70
 20120831.030000    -0.48     2.40   189.12     0.71     0.01     4.38     5.69
 20120831.040000    -0.68     2.24   188.50     0.70     0.01     4.42     5.67
 20120831.050000    -0.88     2.05   188.05     0.68     0.01     4.43     5.65
 20120831.060000    -1.08     1.83   187.63     0.67     0.01     4.44     5.62
 20120831.070000    -1.26     1.58   187.24     0.66     0.01     4.43     5.60
 20120831.080000    -1.41     1.29   186.87     0.65     0.01     4.41     5.57
 20120831.090000    -1.47     1.50   186.50     0.65     0.01     4.40     5.55
 20120831.100000    -1.50     1.71   186.13     0.64     0.01     4.38     5.52
 20120831.110000    -1.55     1.91   185.75     0.63     0.01     4.36     5.49
 20120831.120000    -1.59     2.10   185.34     0.62     0.01     4.34     5.47
 20120831.130000    -1.62     2.30   184.92     0.62     0.01     4.32     5.44
 20120831.140000    -1.65     2.49   184.47     0.61     0.01     4.29     5.41
 20120831.150000    -1.41     2.50   184.13     0.61     0.01     4.26     5.38
 20120831.160000    -1.16     2.48   183.87     0.60     0.01     4.24     5.35
 20120831.170000    -0.90     2.46   183.65     0.60     0.01     4.22     5.31
 20120831.180000    -0.62     2.40   183.46     0.59     0.01     4.20     5.28
 20120831.190000    -0.33     2.33   183.29     0.59     0.01     4.18     5.25
 20120831.200000    -0.04     2.23   183.12     0.58     0.01     4.16     5.20
 20120831.210000    -0.51     2.35   182.98     0.58     0.01     4.15     5.15
 20120831.220000    -0.99     2.39   182.78     0.57     0.00     4.13     5.12
 20120831.230000    -1.46     2.35   182.47     0.57     0.00     4.11     5.08
 20120901.000000    -1.90     2.24   182.03     0.56     0.00     4.07     5.05
 20120901.010000    -2.32     2.08   181.34     0.56     0.00     4.04     5.03
 20120901.020000    -2.69     1.89   180.40     0.56     0.00     3.99     5.00
 20120901.030000    -3.16     1.40   179.11     0.56     0.00     3.94     4.97
 20120901.040000    -3.53     0.82   177.44     0.56     0.00     3.89     4.94
 20120901.050000    -3.79     0.17   175.33     0.56     0.00     3.82     4.90
 20120901.060000    -3.93    -0.53   172.71     0.56     0.00     3.76     4.87
 20120901.070000    -3.95    -1.22   169.57     0.57     0.00     3.69     4.83
 20120901.080000    -3.87    -1.89   165.41     0.57     0.00     3.62     4.79
