  Time              windx     windy     DIR    HS      HSWEll     TMM10     TPS
 20141001.080000    -1.01    -0.74   155.49     0.15     0.00     2.54     2.65
 20141001.090000    -1.42    -0.65   151.77     0.15     0.00     2.55     2.66
 20141001.100000    -1.86    -0.27   147.79     0.15     0.00     2.56     3.00
 20141001.110000    -2.12     0.57   141.74     0.15     0.00     2.50     3.07
 20141001.120000    -1.72     1.84   130.48     0.18     0.00     2.13     3.14
 20141001.130000    -0.24     2.82   138.50     0.19     0.00     2.14     3.22
 20141001.140000     1.65     2.68   153.55     0.20     0.00     2.10     2.28
 20141001.150000     1.58     2.29   164.41     0.21     0.00     2.10     2.12
 20141001.160000     1.52     1.87   168.99     0.20     0.00     2.12     2.13
 20141001.170000     1.46     1.42   170.97     0.20     0.00     2.18     2.15
 20141001.180000     1.41     0.89   170.14     0.19     0.00     2.26     2.16
 20141001.190000     1.29     0.16   169.27     0.18     0.00     2.31     2.16
 20141001.200000     0.49    -0.79   168.48     0.17     0.00     2.35     2.16
 20141001.210000     0.29    -0.95   167.51     0.17     0.00     2.38     2.15
 20141001.220000     0.01    -1.07   166.30     0.16     0.00     2.41     2.14
 20141001.230000    -0.34    -1.08   164.81     0.16     0.00     2.44     2.14
 20141002.000000    -0.70    -0.98   162.91     0.15     0.00     2.46     2.13
 20141002.010000    -1.03    -0.75   160.46     0.15     0.00     2.49     2.13
 20141002.020000    -1.26    -0.45   157.36     0.15     0.00     2.53     2.13
 20141002.030000    -1.36    -0.54   153.58     0.15     0.00     2.57     2.13
 20141002.040000    -1.45    -0.64   149.12     0.15     0.00     2.61     2.13
 20141002.050000    -1.55    -0.73   144.07     0.15     0.00     2.66     2.14
 20141002.060000    -1.64    -0.82   138.75     0.15     0.00     2.70     3.71
 20141002.070000    -1.73    -0.91   133.77     0.15     0.00     2.71     3.76
 20141002.080000    -1.82    -1.00   129.21     0.16     0.00     2.70     3.84
 20141002.090000    -1.86    -1.14   123.37     0.17     0.00     2.65     3.93
 20141002.100000    -1.86    -1.32   114.47     0.18     0.00     2.49     4.00
 20141002.110000    -1.76    -1.60   110.28     0.20     0.00     2.44     4.07
 20141002.120000    -1.40    -2.05   108.43     0.20     0.00     2.53     4.12
 20141002.130000     0.12    -2.59   107.08     0.20     0.00     2.61     4.18
 20141002.140000     2.54     0.88   112.13     0.20     0.00     2.70     4.24
 20141002.150000     2.42     0.57   127.27     0.21     0.00     2.59     4.31
 20141002.160000     2.28     0.21   126.34     0.21     0.00     2.77     4.36
 20141002.170000     2.07    -0.21   126.29     0.21     0.00     2.89     4.40
 20141002.180000     1.74    -0.71   126.39     0.21     0.00     2.99     4.44
 20141002.190000     1.16    -1.21   126.27     0.21     0.00     3.09     4.47
 20141002.200000     0.23    -1.46   126.04     0.21     0.00     3.19     4.51
 20141002.210000     0.07    -1.39   125.62     0.21     0.00     3.28     4.56
 20141002.220000    -0.10    -1.31   125.02     0.22     0.00     3.36     4.62
 20141002.230000    -0.27    -1.21   124.23     0.22     0.00     3.44     4.70
 20141003.000000    -0.45    -1.07   123.31     0.22     0.00     3.52     4.79
 20141003.010000    -0.62    -0.89   122.34     0.23     0.00     3.59     4.89
 20141003.020000    -0.76    -0.67   121.41     0.23     0.00     3.66     5.01
 20141003.030000    -0.71    -0.83   120.58     0.24     0.00     3.72     5.17
 20141003.040000    -0.64    -0.99   119.84     0.24     0.00     3.78     5.30
 20141003.050000    -0.56    -1.14   119.14     0.25     0.00     3.82     5.38
 20141003.060000    -0.48    -1.27   118.49     0.25     0.00     3.86     5.44
 20141003.070000    -0.39    -1.39   117.99     0.25     0.00     3.89     5.50
 20141003.080000    -0.29    -1.50   117.63     0.25     0.00     3.92     5.55
 20141003.090000     0.21    -1.72   117.34     0.25     0.00     3.95     5.59
 20141003.100000     0.85    -1.75   116.95     0.25     0.00     3.96     5.62
 20141003.110000     1.52    -1.51   116.51     0.26     0.00     3.91     5.65
 20141003.120000     2.10    -1.06   118.42     0.28     0.00     3.42     5.69
 20141003.130000     2.52    -0.46   125.29     0.30     0.00     3.29     5.72
 20141003.140000     2.76     0.20   133.78     0.30     0.00     3.28     5.75
 20141003.150000     2.61     0.39   142.81     0.30     0.00     3.23     5.76
 20141003.160000     2.44     0.64   152.26     0.30     0.00     3.19     5.78
 20141003.170000     2.17     1.00   162.42     0.31     0.00     3.15     5.79
 20141003.180000     1.66     1.55   171.22     0.31     0.00     3.13     5.80
 20141003.190000     0.34     2.12   175.68     0.31     0.00     3.11     5.80
 20141003.200000    -1.81     0.89   173.23     0.31     0.00     3.12     5.81
 20141003.210000    -1.83     0.74   169.62     0.31     0.00     3.14     5.81
 20141003.220000    -1.84     0.57   166.51     0.30     0.00     3.16     2.67
 20141003.230000    -1.83     0.40   163.84     0.30     0.00     3.18     2.71
 20141004.000000    -1.81     0.23   161.26     0.30     0.00     3.19     2.76
 20141004.010000    -1.78     0.05   158.97     0.30     0.00     3.19     2.79
 20141004.020000    -1.73    -0.13   156.89     0.29     0.00     3.20     2.82
 20141004.030000    -1.72    -0.36   154.88     0.29     0.00     3.21     2.84
 20141004.040000    -1.69    -0.59   152.93     0.29     0.00     3.22     2.86
 20141004.050000    -1.63    -0.81   151.08     0.29     0.00     3.23     2.88
 20141004.060000    -1.53    -1.03   149.35     0.29     0.00     3.23     2.90
 20141004.070000    -1.41    -1.24   147.67     0.29     0.00     3.24     2.91
 20141004.080000    -1.27    -1.42   145.87     0.29     0.00     3.23     2.92
 20141004.090000    -1.33    -1.25   144.64     0.29     0.00     3.22     2.92
 20141004.100000    -1.41    -1.03   144.26     0.28     0.00     3.22     2.92
 20141004.110000    -1.50    -0.70   144.29     0.28     0.00     3.22     2.92
 20141004.120000    -1.57    -0.15   144.49     0.27     0.00     3.22     2.92
 20141004.130000    -1.27     0.79   144.69     0.27     0.00     3.21     2.91
 20141004.140000     0.16     1.40   144.82     0.26     0.00     3.20     2.90
 20141004.150000    -0.38     1.61   144.83     0.26     0.00     3.20     2.89
 20141004.160000    -1.02     1.59   144.74     0.25     0.00     3.18     2.89
 20141004.170000    -1.65     1.35   144.19     0.25     0.00     3.14     2.88
 20141004.180000    -2.17     0.94   142.46     0.25     0.00     3.03     2.86
 20141004.190000    -2.57     0.44   139.71     0.26     0.00     2.90     2.81
 20141004.200000    -2.85    -0.09   136.82     0.27     0.00     2.80     2.72
 20141004.210000    -2.67    -0.22   135.27     0.28     0.00     2.76     2.71
 20141004.220000    -2.48    -0.36   134.42     0.29     0.00     2.77     2.80
 20141004.230000    -2.28    -0.49   134.22     0.29     0.00     2.81     2.92
 20141005.000000    -2.07    -0.62   134.82     0.29     0.00     2.89     3.09
 20141005.010000    -1.84    -0.75   135.46     0.29     0.00     2.98     3.28
 20141005.020000    -1.60    -0.88   135.84     0.29     0.00     3.05     3.45
 20141005.030000    -1.65    -1.10   135.85     0.29     0.00     3.08     3.62
 20141005.040000    -1.69    -1.33   135.35     0.28     0.00     3.09     3.70
 20141005.050000    -1.73    -1.55   133.63     0.28     0.00     3.05     3.78
 20141005.060000    -1.75    -1.76   130.37     0.29     0.00     2.96     3.85
 20141005.070000    -1.77    -1.97   128.61     0.29     0.00     2.93     3.91
 20141005.080000    -1.79    -2.17   127.69     0.29     0.00     2.93     3.94
 20141005.090000    -1.97    -2.00   126.88     0.29     0.00     2.93     3.93
 20141005.100000    -2.14    -1.82   126.25     0.29     0.00     2.93     3.84
 20141005.110000    -2.30    -1.62   125.42     0.30     0.01     2.94     3.75
 20141005.120000    -2.44    -1.40   125.26     0.31     0.01     2.98     3.72
 20141005.130000    -2.56    -1.17   125.71     0.32     0.01     3.05     3.76
 20141005.140000    -2.66    -0.92   126.09     0.33     0.01     3.14     3.86
 20141005.150000    -2.86    -1.10   125.74     0.35     0.01     3.23     4.03
 20141005.160000    -3.07    -1.27   124.66     0.38     0.01     3.33     4.23
 20141005.170000    -3.27    -1.44   123.24     0.41     0.02     3.42     4.44
 20141005.180000    -3.47    -1.61   121.68     0.45     0.02     3.51     4.64
 20141005.190000    -3.67    -1.78   120.15     0.50     0.02     3.60     4.84
 20141005.200000    -3.87    -1.95   118.70     0.55     0.02     3.69     5.01
 20141005.210000    -3.79    -1.99   117.69     0.60     0.03     3.77     5.27
 20141005.220000    -3.70    -2.03   117.38     0.64     0.03     3.91     5.43
 20141005.230000    -3.61    -2.07   117.20     0.67     0.03     4.05     5.69
 20141006.000000    -3.52    -2.10   116.98     0.69     0.03     4.16     5.85
 20141006.010000    -3.43    -2.14   116.69     0.71     0.04     4.25     5.97
 20141006.020000    -3.33    -2.18   116.42     0.72     0.04     4.32     6.11
 20141006.030000    -3.09    -2.26   116.28     0.73     0.04     4.39     6.32
 20141006.040000    -2.83    -2.34   116.25     0.73     0.04     4.45     6.42
 20141006.050000    -2.57    -2.41   116.33     0.74     0.05     4.52     6.53
 20141006.060000    -2.29    -2.47   116.52     0.74     0.05     4.59     6.64
 20141006.070000    -2.00    -2.52   116.77     0.75     0.05     4.67     6.77
 20141006.080000    -1.69    -2.55   117.08     0.76     0.06     4.75     6.94
 20141006.090000    -1.55    -2.23   117.53     0.77     0.06     4.84     7.03
 20141006.100000    -1.41    -1.90   118.81     0.78     0.07     4.97     7.11
 20141006.110000    -1.26    -1.58   120.01     0.78     0.08     5.11     7.18
 20141006.120000    -1.12    -1.25   120.92     0.78     0.08     5.22     7.25
 20141006.130000    -0.97    -0.92   121.51     0.79     0.09     5.31     7.31
 20141006.140000    -0.81    -0.57   121.93     0.80     0.09     5.37     7.37
 20141006.150000    -1.08    -0.94   122.31     0.80     0.10     5.41     7.41
 20141006.160000    -1.34    -1.30   122.68     0.81     0.10     5.43     7.45
 20141006.170000    -1.60    -1.66   123.03     0.81     0.11     5.44     7.47
 20141006.180000    -1.86    -2.02   123.24     0.82     0.11     5.42     7.48
 20141006.190000    -2.12    -2.38   123.27     0.82     0.11     5.38     7.48
 20141006.200000    -2.38    -2.74   123.00     0.82     0.11     5.32     7.47
 20141006.210000    -2.23    -2.73   122.83     0.83     0.11     5.25     7.47
 20141006.220000    -2.07    -2.71   122.98     0.83     0.11     5.21     7.47
 20141006.230000    -1.92    -2.70   123.32     0.83     0.11     5.18     7.48
 20141007.000000    -1.75    -2.67   123.71     0.83     0.11     5.16     7.49
 20141007.010000    -1.59    -2.65   124.14     0.82     0.11     5.14     7.50
 20141007.020000    -1.42    -2.62   124.62     0.82     0.11     5.12     7.52
 20141007.030000    -1.44    -2.64   125.13     0.81     0.11     5.09     7.52
 20141007.040000    -1.46    -2.67   125.66     0.80     0.11     5.05     7.51
 20141007.050000    -1.48    -2.69   126.21     0.79     0.11     5.00     7.46
 20141007.060000    -1.49    -2.72   126.75     0.78     0.11     4.95     7.38
 20141007.070000    -1.51    -2.75   127.22     0.78     0.11     4.91     7.28
 20141007.080000    -1.53    -2.77   127.56     0.77     0.10     4.88     7.17
 20141007.090000    -1.93    -2.59   127.71     0.77     0.11     4.87     7.09
 20141007.100000    -2.30    -2.35   127.67     0.77     0.11     4.87     7.04
 20141007.110000    -2.65    -2.05   127.43     0.78     0.11     4.89     7.02
 20141007.120000    -2.96    -1.70   126.99     0.79     0.12     4.92     7.02
 20141007.130000    -3.21    -1.32   126.46     0.80     0.13     4.96     7.03
 20141007.140000    -3.42    -0.92   125.95     0.81     0.13     5.00     7.04
 20141007.150000    -3.53    -0.96   125.52     0.82     0.14     5.03     7.03
 20141007.160000    -3.65    -1.00   125.18     0.83     0.14     5.06     7.02
 20141007.170000    -3.76    -1.04   124.93     0.85     0.15     5.09     7.01
 20141007.180000    -3.88    -1.08   124.78     0.85     0.15     5.10     7.01
 20141007.190000    -3.99    -1.12   124.70     0.86     0.16     5.11     7.01
 20141007.200000    -4.11    -1.16   124.67     0.87     0.16     5.11     7.01
 20141007.210000    -4.04    -1.41   124.68     0.87     0.16     5.12     7.01
 20141007.220000    -3.95    -1.66   124.69     0.88     0.17     5.14     7.02
 20141007.230000    -3.85    -1.91   124.67     0.88     0.18     5.17     7.04
 20141008.000000    -3.73    -2.15   124.60     0.89     0.18     5.20     7.06
 20141008.010000    -3.59    -2.39   124.48     0.90     0.19     5.23     7.09
 20141008.020000    -3.45    -2.61   124.30     0.91     0.20     5.27     7.14
 20141008.030000    -3.10    -2.65   124.32     0.91     0.20     5.32     7.22
 20141008.040000    -2.75    -2.69   124.52     0.92     0.21     5.38     7.34
 20141008.050000    -2.37    -2.71   124.85     0.92     0.22     5.45     7.52
 20141008.060000    -1.98    -2.72   125.28     0.93     0.22     5.51     7.71
 20141008.070000    -1.57    -2.70   125.86     0.93     0.23     5.56     7.82
 20141008.080000    -1.13    -2.65   126.58     0.92     0.23     5.60     7.92
 20141008.090000    -1.01    -2.58   127.34     0.92     0.23     5.63     8.01
 20141008.100000    -0.85    -2.52   128.09     0.92     0.23     5.64     8.09
 20141008.110000    -0.63    -2.47   128.87     0.92     0.23     5.65     8.17
 20141008.120000    -0.22    -2.42   129.67     0.91     0.23     5.65     8.24
 20141008.130000     0.85    -2.16   130.88     0.90     0.23     5.69     8.29
 20141008.140000     1.25     1.82   131.93     0.89     0.22     5.70     8.33
 20141008.150000     1.34     1.93   132.77     0.89     0.22     5.70     8.35
 20141008.160000     1.44     2.03   133.44     0.88     0.21     5.69     8.34
 20141008.170000     1.54     2.13   134.06     0.87     0.21     5.67     8.31
 20141008.180000     1.63     2.23   134.68     0.87     0.20     5.64     8.26
 20141008.190000     1.73     2.34   135.35     0.86     0.20     5.59     8.19
 20141008.200000     1.83     2.44   136.10     0.86     0.19     5.54     8.11
 20141008.210000     1.52     2.19   136.75     0.85     0.18     5.49     8.02
 20141008.220000     1.20     1.94   137.33     0.84     0.17     5.44     7.91
 20141008.230000     0.88     1.68   137.87     0.83     0.16     5.39     7.79
 20141009.000000     0.55     1.42   138.42     0.83     0.15     5.33     7.67
 20141009.010000     0.19     1.12   139.01     0.82     0.14     5.28     6.81
 20141009.020000    -0.19     0.73   139.69     0.80     0.13     5.21     6.55
 20141009.030000    -0.86     0.74   140.49     0.79     0.13     5.15     6.37
 20141009.040000    -1.46     0.39   141.42     0.78     0.12     5.08     5.95
 20141009.050000    -1.88    -0.11   142.46     0.76     0.11     5.01     5.59
 20141009.060000    -2.18    -0.63   143.56     0.75     0.10     4.94     5.36
 20141009.070000    -2.38    -1.14   144.52     0.73     0.09     4.86     5.24
 20141009.080000    -2.54    -1.64   145.22     0.72     0.09     4.77     5.18
 20141009.090000    -2.72    -1.31   145.89     0.71     0.08     4.68     5.14
 20141009.100000    -2.91    -0.82   146.53     0.70     0.07     4.60     5.11
 20141009.110000    -3.02    -0.03   147.15     0.69     0.07     4.54     5.08
 20141009.120000    -2.77     1.18   147.81     0.67     0.06     4.48     5.05
 20141009.130000    -1.50     2.62   148.62     0.66     0.06     4.43     5.03
 20141009.140000     1.00     2.84   149.85     0.65     0.05     4.39     5.02
 20141009.150000     1.19     2.56   150.83     0.64     0.05     4.34     5.00
 20141009.160000     1.37     2.25   151.49     0.63     0.05     4.30     4.98
 20141009.170000     1.55     1.89   152.04     0.62     0.04     4.27     4.97
 20141009.180000     1.71     1.48   152.63     0.61     0.04     4.25     4.94
 20141009.190000     1.81     1.01   153.41     0.61     0.04     4.22     4.92
 20141009.200000     1.82     0.47   154.43     0.60     0.04     4.19     4.89
 20141009.210000     1.68     0.40   155.85     0.59     0.03     4.15     4.83
 20141009.220000     1.54     0.32   157.77     0.59     0.03     4.12     4.70
 20141009.230000     1.40     0.23   160.15     0.59     0.03     4.09     4.57
 20141010.000000     1.26     0.10   162.55     0.59     0.03     4.07     4.52
 20141010.010000     1.09    -0.22   164.42     0.58     0.03     4.05     4.49
 20141010.020000    -0.87    -0.39   165.38     0.58     0.03     4.04     4.48
 20141010.030000    -1.00    -0.48   165.39     0.57     0.03     4.02     4.47
 20141010.040000    -1.13    -0.57   164.66     0.56     0.03     4.00     4.46
 20141010.050000    -1.26    -0.66   163.49     0.55     0.03     3.98     4.45
 20141010.060000    -1.39    -0.76   162.19     0.53     0.03     3.96     4.44
 20141010.070000    -1.52    -0.85   160.95     0.52     0.03     3.94     4.44
 20141010.080000    -1.65    -0.94   159.86     0.52     0.03     3.92     4.44
 20141010.090000    -2.07    -0.71   158.78     0.51     0.03     3.89     4.43
 20141010.100000    -2.47    -0.18   157.57     0.51     0.03     3.86     4.42
 20141010.110000    -2.64     0.83   156.45     0.51     0.03     3.83     4.41
 20141010.120000    -2.08     2.24   155.59     0.50     0.03     3.80     4.40
 20141010.130000    -0.33     3.33   155.61     0.51     0.03     3.78     4.38
 20141010.140000     1.94     3.08   158.00     0.51     0.03     3.73     3.55
 20141010.150000     1.62     2.98   159.70     0.52     0.03     3.70     3.52
 20141010.160000     1.29     2.86   159.99     0.52     0.03     3.71     3.50
 20141010.170000     0.95     2.73   159.62     0.52     0.03     3.73     3.49
 20141010.180000     0.59     2.58   159.02     0.52     0.04     3.75     3.48
 20141010.190000     0.22     2.39   157.78     0.51     0.04     3.79     3.49
 20141010.200000    -0.16     2.14   156.56     0.51     0.04     3.85     3.50
 20141010.210000    -0.20     1.89   155.72     0.51     0.04     3.89     3.52
 20141010.220000    -0.24     1.64   155.23     0.51     0.04     3.92     3.54
 20141010.230000    -0.28     1.38   154.89     0.51     0.04     3.95     4.15
 20141011.000000    -0.31     1.12   154.43     0.51     0.04     3.99     4.22
 20141011.010000    -0.35     0.84   153.70     0.51     0.04     4.01     4.28
 20141011.020000    -0.38     0.55   152.61     0.51     0.03     4.03     4.33
 20141011.030000    -0.83     0.44   151.28     0.50     0.03     4.05     4.35
 20141011.040000    -1.22    -0.01   149.91     0.50     0.03     4.05     4.35
 20141011.050000    -1.34    -0.68   148.71     0.50     0.03     4.05     4.35
 20141011.060000    -1.16    -1.34   147.79     0.49     0.03     4.04     4.34
 20141011.070000    -0.80    -1.89   147.13     0.49     0.03     4.03     4.34
 20141011.080000    -0.36    -2.31   146.50     0.49     0.03     3.98     4.33
 20141011.090000     0.14    -2.51   145.92     0.49     0.03     3.92     4.32
 20141011.100000     0.88    -2.54   146.13     0.48     0.03     3.88     4.30
 20141011.110000     1.83    -2.20   147.23     0.48     0.03     3.86     3.51
 20141011.120000     2.77    -1.27   149.03     0.48     0.02     3.81     3.50
 20141011.130000     3.21     0.24   151.79     0.48     0.02     3.76     3.48
 20141011.140000     2.84     1.86   155.06     0.49     0.02     3.71     3.46
 20141011.150000     2.49     1.56   156.79     0.49     0.02     3.69     3.44
 20141011.160000     2.13     1.25   157.13     0.49     0.02     3.70     3.43
 20141011.170000     1.77     0.94   156.37     0.48     0.02     3.74     3.42
 20141011.180000     1.41     0.62   155.26     0.48     0.03     3.80     3.42
 20141011.190000     1.03     0.30   154.58     0.48     0.03     3.85     3.42
 20141011.200000     0.61    -0.04   154.13     0.49     0.03     3.90     3.42
 20141011.210000     0.86    -0.17   153.76     0.49     0.03     3.96     3.43
 20141011.220000     1.05    -0.42   153.40     0.50     0.04     4.01     3.44
 20141011.230000     1.09    -0.87   152.91     0.51     0.04     4.07     3.47
 20141012.000000     0.61    -1.54   152.13     0.52     0.04     4.13     3.49
 20141012.010000    -0.88    -1.70   150.95     0.53     0.05     4.19     3.52
 20141012.020000    -2.17    -0.17   149.21     0.54     0.05     4.23     3.53
 20141012.030000    -2.16    -0.37   147.55     0.54     0.05     4.26     3.54
 20141012.040000    -2.14    -0.57   146.21     0.54     0.06     4.29     3.55
 20141012.050000    -2.09    -0.77   145.23     0.54     0.06     4.30     3.55
 20141012.060000    -2.03    -0.97   144.57     0.53     0.06     4.30     3.55
 20141012.070000    -1.95    -1.15   144.21     0.53     0.06     4.29     3.55
 20141012.080000    -1.86    -1.33   144.06     0.53     0.06     4.28     3.54
 20141012.090000    -2.03    -0.99   144.14     0.52     0.06     4.27     3.54
 20141012.100000    -2.16    -0.53   144.38     0.52     0.06     4.26     3.54
 20141012.110000    -2.20     0.07   144.67     0.52     0.07     4.25     3.53
 20141012.120000    -2.02     0.78   144.99     0.52     0.06     4.25     3.54
 20141012.130000    -1.52     1.50   145.30     0.52     0.06     4.25     3.54
 20141012.140000    -0.70     1.99   145.50     0.53     0.06     4.25     4.47
 20141012.150000    -0.99     1.82   145.46     0.53     0.06     4.26     4.53
 20141012.160000    -1.29     1.56   145.13     0.54     0.06     4.27     4.61
 20141012.170000    -1.58     1.21   144.46     0.55     0.06     4.29     4.73
 20141012.180000    -1.80     0.74   143.47     0.57     0.06     4.33     4.85
 20141012.190000    -1.90     0.17   142.24     0.58     0.06     4.38     4.97
 20141012.200000    -1.82    -0.43   140.90     0.60     0.06     4.44     5.11
 20141012.210000    -1.80    -0.77   139.60     0.62     0.06     4.50     5.24
 20141012.220000    -1.73    -1.10   138.40     0.64     0.06     4.56     5.32
 20141012.230000    -1.60    -1.41   137.39     0.66     0.06     4.61     5.40
 20141013.000000    -1.43    -1.71   136.63     0.67     0.05     4.64     5.46
 20141013.010000    -1.23    -1.97   136.17     0.67     0.05     4.66     5.49
 20141013.020000    -1.00    -2.19   136.01     0.67     0.05     4.65     5.49
 20141013.030000    -0.86    -2.29   136.18     0.67     0.05     4.63     5.45
 20141013.040000    -0.70    -2.37   136.64     0.66     0.05     4.60     5.39
 20141013.050000    -0.54    -2.45   137.30     0.65     0.05     4.56     5.32
 20141013.060000    -0.38    -2.51   138.10     0.65     0.05     4.53     5.25
 20141013.070000    -0.22    -2.57   138.97     0.64     0.05     4.49     5.18
 20141013.080000    -0.05    -2.61   139.85     0.64     0.05     4.46     5.13
 20141013.090000    -0.16    -2.59   140.68     0.63     0.05     4.43     5.08
 20141013.100000    -0.31    -2.55   141.40     0.63     0.05     4.40     5.05
 20141013.110000    -0.57    -2.49   142.12     0.63     0.05     4.38     5.03
 20141013.120000    -1.06    -2.31   142.77     0.63     0.05     4.38     5.02
 20141013.130000    -2.14    -1.33   143.34     0.63     0.05     4.38     5.01
 20141013.140000    -0.47     2.46   144.01     0.63     0.05     4.39     5.01
 20141013.150000    -1.02     2.39   144.42     0.63     0.05     4.40     5.02
 20141013.160000    -1.60     2.18   144.14     0.63     0.04     4.42     5.05
 20141013.170000    -2.14     1.80   143.17     0.64     0.04     4.45     5.11
 20141013.180000    -2.60     1.28   141.68     0.66     0.04     4.49     5.22
 20141013.190000    -2.92     0.65   139.76     0.67     0.04     4.54     5.36
 20141013.200000    -3.09    -0.04   137.65     0.69     0.04     4.60     5.53
 20141013.210000    -2.99    -0.26   135.72     0.70     0.04     4.66     5.72
 20141013.220000    -2.86    -0.49   134.05     0.72     0.04     4.72     6.33
 20141013.230000    -2.71    -0.71   132.61     0.73     0.04     4.77     6.40
 20141014.000000    -2.54    -0.94   131.45     0.73     0.04     4.80     6.44
 20141014.010000    -2.35    -1.16   130.60     0.73     0.04     4.82     6.48
 20141014.020000    -2.12    -1.36   130.06     0.72     0.04     4.81     6.48
 20141014.030000    -2.16    -1.53   129.77     0.71     0.03     4.78     6.47
 20141014.040000    -2.21    -1.69   129.67     0.70     0.03     4.73     6.45
 20141014.050000    -2.24    -1.86   129.64     0.68     0.03     4.66     6.41
 20141014.060000    -2.28    -2.02   129.68     0.67     0.03     4.58     6.37
 20141014.070000    -2.31    -2.18   129.82     0.66     0.03     4.50     6.28
 20141014.080000    -2.34    -2.33   129.86     0.65     0.02     4.43     6.10
 20141014.090000    -2.31    -2.10   130.14     0.64     0.02     4.36     5.96
 20141014.100000    -2.30    -1.82   130.66     0.63     0.02     4.32     5.86
 20141014.110000    -2.33    -1.45   131.31     0.61     0.02     4.28     5.79
 20141014.120000    -2.42    -0.83   132.06     0.60     0.02     4.24     5.72
 20141014.130000    -2.30     0.58   132.95     0.59     0.02     4.22     5.64
 20141014.140000     0.93     1.98   134.44     0.57     0.01     4.21     5.58
 20141014.150000     1.03     1.86   136.09     0.56     0.01     4.21     5.52
 20141014.160000     1.13     1.73   137.28     0.54     0.01     4.19     5.46
 20141014.170000     1.23     1.59   138.26     0.53     0.01     4.18     5.41
 20141014.180000     1.32     1.43   139.20     0.52     0.01     4.17     5.35
 20141014.190000     1.41     1.27   140.20     0.50     0.01     4.15     5.29
 20141014.200000     1.48     1.09   141.25     0.49     0.01     4.13     5.21
 20141014.210000     1.65     1.11   142.46     0.49     0.01     4.11     5.08
 20141014.220000     1.86     1.07   144.13     0.48     0.01     4.07     4.96
 20141014.230000     2.11     0.91   146.49     0.47     0.01     4.02     4.85
 20141015.000000     2.41     0.42   149.51     0.47     0.00     3.96     4.73
 20141015.010000     2.31    -1.19   153.00     0.46     0.00     3.89     4.63
 20141015.020000    -1.97    -1.93   154.07     0.46     0.00     3.80     4.55
 20141015.030000    -2.04    -1.97   150.03     0.45     0.00     3.71     4.48
 20141015.040000    -2.11    -2.01   147.44     0.44     0.00     3.65     4.41
 20141015.050000    -2.18    -2.05   144.68     0.43     0.00     3.58     4.32
 20141015.060000    -2.26    -2.08   141.28     0.42     0.00     3.51     4.21
 20141015.070000    -2.33    -2.12   136.83     0.42     0.00     3.43     4.13
 20141015.080000    -2.40    -2.16   132.24     0.41     0.00     3.39     4.08
 20141015.090000    -2.66    -1.72   128.31     0.41     0.01     3.38     4.07
 20141015.100000    -2.87    -1.16   125.29     0.42     0.01     3.41     4.09
 20141015.110000    -2.98    -0.50   123.12     0.43     0.01     3.48     4.17
 20141015.120000    -2.94     0.27   121.82     0.44     0.01     3.59     4.40
 20141015.130000    -2.68     1.08   121.24     0.46     0.02     3.73     4.78
 20141015.140000    -2.15     1.82   121.39     0.49     0.02     3.89     4.98
 20141015.150000    -2.84     1.51   121.25     0.51     0.03     4.03     5.21
 20141015.160000    -3.44     1.10   120.92     0.54     0.03     4.14     5.39
 20141015.170000    -3.96     0.65   120.44     0.58     0.04     4.22     5.55
 20141015.180000    -4.41     0.18   119.57     0.63     0.04     4.22     5.69
 20141015.190000    -4.80    -0.31   118.74     0.69     0.05     4.22     5.80
 20141015.200000    -5.15    -0.79   117.84     0.75     0.06     4.24     5.83
 20141015.210000    -5.10    -1.00   117.46     0.79     0.06     4.29     5.79
 20141015.220000    -5.03    -1.20   117.38     0.83     0.07     4.37     5.82
 20141015.230000    -4.96    -1.41   117.32     0.85     0.07     4.43     5.89
 20141016.000000    -4.88    -1.61   117.32     0.86     0.08     4.47     5.95
 20141016.010000    -4.79    -1.81   117.37     0.87     0.08     4.49     5.98
 20141016.020000    -4.69    -2.01   117.47     0.87     0.09     4.49     6.00
 20141016.030000    -4.48    -2.00   117.82     0.87     0.09     4.50     6.00
 20141016.040000    -4.27    -2.00   118.37     0.86     0.09     4.49     5.99
 20141016.050000    -4.06    -2.00   119.06     0.86     0.09     4.49     5.99
 20141016.060000    -3.85    -2.00   119.88     0.85     0.09     4.48     5.98
 20141016.070000    -3.64    -1.99   120.82     0.84     0.09     4.48     5.98
 20141016.080000    -3.42    -1.99   121.90     0.84     0.09     4.48     5.97
 20141016.090000    -3.55    -1.47   123.07     0.83     0.09     4.48     5.97
 20141016.100000    -3.62    -0.88   124.30     0.83     0.09     4.47     5.97
 20141016.110000    -3.60    -0.22   125.72     0.82     0.09     4.48     5.96
 20141016.120000    -3.46     0.49   127.38     0.82     0.09     4.49     5.94
 20141016.130000    -3.15     1.21   129.24     0.81     0.08     4.51     5.92
 20141016.140000    -2.67     1.88   131.22     0.80     0.08     4.55     5.90
 20141016.150000    -3.37     1.53   132.43     0.80     0.08     4.56     5.89
 20141016.160000    -4.00     1.11   132.92     0.81     0.08     4.55     5.89
 20141016.170000    -4.54     0.65   132.65     0.82     0.07     4.52     5.89
 20141016.180000    -5.03     0.17   131.28     0.84     0.07     4.48     5.89
 20141016.190000    -5.47    -0.31   129.32     0.87     0.07     4.44     5.89
 20141016.200000    -5.86    -0.79   126.97     0.91     0.07     4.42     5.89
 20141016.210000    -5.66    -1.04   125.15     0.93     0.06     4.43     5.89
 20141016.220000    -5.44    -1.28   123.81     0.95     0.06     4.47     5.91
 20141016.230000    -5.21    -1.52   122.82     0.95     0.06     4.49     5.94
 20141017.000000    -4.96    -1.76   122.03     0.94     0.06     4.49     5.96
 20141017.010000    -4.70    -1.99   121.50     0.93     0.06     4.48     5.97
 20141017.020000    -4.41    -2.22   121.19     0.91     0.06     4.45     5.96
 20141017.030000    -4.04    -2.29   121.22     0.90     0.06     4.43     5.96
 20141017.040000    -3.67    -2.35   121.53     0.88     0.06     4.41     5.96
 20141017.050000    -3.27    -2.40   122.18     0.86     0.05     4.40     5.97
 20141017.060000    -2.86    -2.45   123.54     0.84     0.05     4.44     6.00
 20141017.070000    -2.43    -2.48   124.92     0.82     0.05     4.50     6.05
 20141017.080000    -1.98    -2.49   126.19     0.81     0.05     4.55     6.13
 20141017.090000    -2.10    -2.10   127.47     0.79     0.05     4.61     6.25
 20141017.100000    -2.21    -1.65   128.45     0.78     0.05     4.68     6.39
 20141017.110000    -2.29    -1.11   129.16     0.77     0.05     4.73     6.48
 20141017.120000    -2.28    -0.47   129.78     0.77     0.05     4.78     6.55
 20141017.130000    -2.10     0.29   130.11     0.76     0.05     4.83     6.59
 20141017.140000    -1.59     1.04   130.35     0.76     0.05     4.85     6.60
 20141017.150000    -2.25     0.75   130.42     0.76     0.05     4.87     6.60
 20141017.160000    -2.82     0.39   130.30     0.76     0.05     4.88     6.59
 20141017.170000    -3.32     0.00   129.89     0.77     0.05     4.86     6.57
 20141017.180000    -3.78    -0.39   129.05     0.79     0.05     4.82     6.54
 20141017.190000    -4.20    -0.78   127.61     0.81     0.05     4.75     6.52
 20141017.200000    -4.60    -1.17   125.54     0.83     0.05     4.66     6.49
 20141017.210000    -4.43    -1.51   124.07     0.86     0.05     4.60     6.45
 20141017.220000    -4.23    -1.86   123.00     0.88     0.05     4.60     6.42
 20141017.230000    -4.00    -2.19   122.06     0.88     0.05     4.62     6.42
 20141018.000000    -3.73    -2.51   121.24     0.88     0.06     4.63     6.45
 20141018.010000    -3.43    -2.81   120.54     0.88     0.06     4.64     6.49
 20141018.020000    -3.09    -3.09   119.98     0.87     0.06     4.66     6.56
 20141018.030000    -3.07    -2.94   119.66     0.86     0.07     4.68     6.66
 20141018.040000    -3.04    -2.78   119.60     0.86     0.07     4.71     6.80
 20141018.050000    -3.02    -2.62   119.73     0.86     0.08     4.74     6.98
 20141018.060000    -2.99    -2.45   119.99     0.86     0.09     4.78     7.09
 20141018.070000    -2.96    -2.29   120.33     0.86     0.09     4.81     7.17
 20141018.080000    -2.93    -2.12   120.72     0.86     0.10     4.85     7.24
 20141018.090000    -3.25    -1.64   121.11     0.87     0.10     4.89     7.30
 20141018.100000    -3.50    -1.06   121.51     0.87     0.11     4.93     7.35
 20141018.110000    -3.65    -0.41   122.02     0.88     0.11     4.97     7.39
 20141018.120000    -3.69     0.29   122.61     0.89     0.12     5.02     7.42
 20141018.130000    -3.58     1.00   123.16     0.89     0.12     5.06     7.44
 20141018.140000    -3.33     1.69   123.96     0.90     0.13     5.11     7.46
 20141018.150000    -3.85     1.32   124.83     0.91     0.13     5.16     7.45
 20141018.160000    -4.30     0.92   125.23     0.91     0.13     5.17     7.42
 20141018.170000    -4.71     0.50   125.38     0.93     0.13     5.15     7.37
 20141018.180000    -5.07     0.06   125.28     0.94     0.13     5.10     7.30
 20141018.190000    -5.38    -0.38   124.97     0.95     0.13     5.05     7.21
 20141018.200000    -5.67    -0.82   124.44     0.96     0.12     4.98     7.10
 20141018.210000    -5.35    -1.11   123.68     0.98     0.12     4.90     6.98
 20141018.220000    -5.00    -1.40   123.26     0.98     0.11     4.85     6.81
 20141018.230000    -4.62    -1.69   123.17     0.97     0.11     4.81     6.70
 20141019.000000    -4.22    -1.97   123.30     0.95     0.10     4.77     6.65
 20141019.010000    -3.77    -2.24   123.74     0.93     0.09     4.72     6.60
 20141019.020000    -3.28    -2.48   124.58     0.90     0.09     4.67     6.55
 20141019.030000    -3.18    -2.40   125.50     0.88     0.08     4.61     6.51
 20141019.040000    -3.07    -2.32   126.61     0.86     0.07     4.55     6.46
 20141019.050000    -2.96    -2.24   128.00     0.84     0.07     4.50     6.40
 20141019.060000    -2.86    -2.15   129.46     0.82     0.06     4.46     6.34
 20141019.070000    -2.75    -2.07   130.63     0.81     0.06     4.41     6.21
 20141019.080000    -2.64    -1.99   131.51     0.80     0.06     4.36     6.09
 20141019.090000    -2.78    -1.53   132.30     0.79     0.05     4.31     6.00
 20141019.100000    -2.89    -0.96   133.13     0.77     0.05     4.28     5.93
 20141019.110000    -2.90    -0.24   134.60     0.76     0.05     4.27     5.87
 20141019.120000    -2.70     0.64   136.58     0.73     0.04     4.30     5.83
 20141019.130000    -2.12     1.57   138.50     0.71     0.04     4.34     5.79
 20141019.140000    -1.07     2.27   139.96     0.69     0.04     4.36     5.73
 20141019.150000    -1.66     2.08   141.05     0.68     0.04     4.37     5.63
 20141019.160000    -2.23     1.73   141.72     0.67     0.03     4.35     5.54
 20141019.170000    -2.72     1.22   142.10     0.66     0.03     4.32     5.45
 20141019.180000    -3.08     0.60   142.19     0.66     0.03     4.28     5.37
 20141019.190000    -3.29    -0.09   141.88     0.65     0.03     4.24     5.28
 20141019.200000    -3.36    -0.78   141.22     0.66     0.03     4.19     5.16
 20141019.210000    -3.31    -0.98   140.47     0.66     0.03     4.16     5.05
 20141019.220000    -3.24    -1.17   139.78     0.66     0.02     4.14     5.01
 20141019.230000    -3.15    -1.37   139.12     0.66     0.02     4.12     5.01
 20141020.000000    -3.06    -1.56   138.60     0.66     0.02     4.11     5.03
 20141020.010000    -2.95    -1.75   138.26     0.65     0.02     4.09     5.03
 20141020.020000    -2.83    -1.93   138.09     0.65     0.02     4.07     5.03
 20141020.030000    -2.70    -1.90   138.22     0.64     0.02     4.04     5.00
 20141020.040000    -2.57    -1.88   138.60     0.63     0.02     4.02     4.97
 20141020.050000    -2.44    -1.86   139.14     0.62     0.02     4.01     4.92
 20141020.060000    -2.30    -1.83   139.76     0.62     0.02     3.99     4.85
 20141020.070000    -2.17    -1.81   140.40     0.61     0.02     3.98     4.78
 20141020.080000    -2.03    -1.78   141.01     0.60     0.02     3.96     4.58
 20141020.090000    -2.11    -1.43   141.62     0.60     0.02     3.95     4.41
 20141020.100000    -2.19    -1.00   142.21     0.59     0.02     3.95     4.30
 20141020.110000    -2.22    -0.46   142.78     0.59     0.02     3.94     4.23
 20141020.120000    -2.10     0.25   143.47     0.58     0.02     3.94     4.18
 20141020.130000    -1.67     1.06   144.67     0.57     0.02     3.97     4.15
 20141020.140000    -0.74     1.67   145.36     0.57     0.02     4.00     4.13
 20141020.150000    -1.04     1.54   145.84     0.56     0.02     4.01     4.14
 20141020.160000    -1.33     1.34   146.17     0.55     0.02     4.01     4.17
 20141020.170000    -1.60     1.07   146.34     0.55     0.02     3.99     4.24
 20141020.180000    -1.81     0.74   146.42     0.54     0.02     3.98     4.34
 20141020.190000    -1.95     0.36   146.43     0.54     0.02     3.96     4.38
 20141020.200000    -2.01    -0.03   146.38     0.54     0.02     3.93     4.42
 20141020.210000    -2.17    -0.27   146.23     0.53     0.02     3.90     4.44
 20141020.220000    -2.31    -0.50   145.98     0.53     0.02     3.87     4.45
 20141020.230000    -2.42    -0.73   145.63     0.53     0.02     3.84     4.46
 20141021.000000    -2.53    -0.97   145.19     0.52     0.02     3.80     4.46
 20141021.010000    -2.62    -1.19   144.69     0.52     0.01     3.75     4.45
 20141021.020000    -2.71    -1.41   144.10     0.51     0.01     3.71     4.44
 20141021.030000    -2.54    -1.45   143.76     0.51     0.01     3.67     4.43
 20141021.040000    -2.37    -1.48   143.63     0.50     0.01     3.64     4.41
 20141021.050000    -2.20    -1.52   143.54     0.49     0.01     3.62     4.39
 20141021.060000    -2.02    -1.54   143.60     0.48     0.01     3.60     4.39
 20141021.070000    -1.83    -1.57   143.92     0.47     0.01     3.59     4.38
 20141021.080000    -1.64    -1.59   144.56     0.46     0.01     3.57     4.39
 20141021.090000    -1.46    -1.40   145.62     0.45     0.01     3.58     4.40
 20141021.100000    -1.28    -1.20   146.90     0.44     0.01     3.59     4.41
 20141021.110000    -1.11    -1.00   147.91     0.42     0.01     3.60     4.43
 20141021.120000    -0.94    -0.79   148.50     0.41     0.01     3.62     4.44
 20141021.130000    -0.81    -0.53   148.85     0.40     0.00     3.63     4.46
 20141021.140000     0.45     0.54   149.06     0.39     0.00     3.63     4.47
 20141021.150000     0.30     0.77   149.17     0.38     0.00     3.63     4.48
 20141021.160000    -0.01     0.95   149.21     0.37     0.00     3.63     4.48
 20141021.170000    -0.43     0.99   149.20     0.36     0.00     3.63     4.49
 20141021.180000    -0.86     0.83   149.16     0.36     0.00     3.63     4.49
 20141021.190000    -1.22     0.51   149.10     0.35     0.00     3.62     4.49
 20141021.200000    -1.44     0.12   149.03     0.35     0.00     3.61     4.49
 20141021.210000    -1.51    -0.11   148.90     0.34     0.00     3.60     4.48
 20141021.220000    -1.54    -0.35   148.67     0.34     0.00     3.58     4.48
 20141021.230000    -1.54    -0.60   148.30     0.34     0.00     3.56     4.46
 20141022.000000    -1.51    -0.83   147.77     0.34     0.00     3.55     4.45
 20141022.010000    -1.44    -1.05   147.08     0.34     0.00     3.53     4.44
 20141022.020000    -1.36    -1.26   146.27     0.34     0.00     3.52     4.42
 20141022.030000    -1.24    -1.48   145.35     0.34     0.00     3.51     4.41
 20141022.040000    -1.10    -1.68   144.31     0.34     0.00     3.50     4.40
 20141022.050000    -0.93    -1.85   143.09     0.34     0.00     3.48     4.40
 20141022.060000    -0.76    -2.01   141.54     0.34     0.00     3.45     4.39
 20141022.070000    -0.57    -2.15   138.80     0.34     0.00     3.35     4.39
 20141022.080000    -0.38    -2.27   138.07     0.34     0.00     3.30     4.39
 20141022.090000    -0.27    -2.40   139.04     0.33     0.00     3.36     4.40
 20141022.100000    -0.08    -2.53   138.95     0.33     0.00     3.37     4.40
 20141022.110000     0.28    -2.63   138.39     0.33     0.00     3.34     4.40
 20141022.120000     1.02    -2.56   138.60     0.32     0.00     3.29     4.40
 20141022.130000     2.52    -1.38   141.43     0.33     0.00     3.21     4.40
 20141022.140000     1.07     2.79   147.51     0.33     0.00     3.12     4.40
 20141022.150000     0.79     2.61   151.07     0.34     0.00     3.05     4.40
 20141022.160000     0.50     2.41   151.82     0.34     0.00     3.05     4.40
 20141022.170000     0.19     2.18   151.51     0.34     0.00     3.07     4.40
 20141022.180000    -0.13     1.92   149.56     0.34     0.00     3.15     4.42
 20141022.190000    -0.47     1.60   146.36     0.34     0.00     3.31     4.46
 20141022.200000    -0.78     1.16   142.03     0.35     0.00     3.52     4.54
 20141022.210000    -1.46     0.94   137.08     0.36     0.00     3.74     4.65
 20141022.220000    -2.02     0.43   131.75     0.37     0.00     3.90     4.77
 20141022.230000    -2.39    -0.23   126.22     0.39     0.00     3.98     4.85
 20141023.000000    -2.58    -0.93   120.96     0.40     0.01     3.96     4.91
 20141023.010000    -2.62    -1.60   117.23     0.42     0.01     3.90     4.95
 20141023.020000    -2.57    -2.23   114.48     0.43     0.00     3.82     4.97
 20141023.030000    -2.41    -2.33   113.41     0.45     0.00     3.73     4.97
 20141023.040000    -2.23    -2.42   113.22     0.45     0.00     3.67     4.93
 20141023.050000    -2.05    -2.50   113.54     0.45     0.00     3.62     4.86
 20141023.060000    -1.85    -2.57   113.87     0.45     0.00     3.58     4.80
 20141023.070000    -1.65    -2.63   114.02     0.44     0.00     3.52     4.72
 20141023.080000    -1.45    -2.68   114.18     0.42     0.00     3.45     4.65
 20141023.090000    -1.60    -2.33   114.75     0.41     0.00     3.38     4.59
 20141023.100000    -1.76    -1.92   116.09     0.39     0.00     3.32     4.52
 20141023.110000    -1.93    -1.40   118.61     0.38     0.00     3.27     4.46
 20141023.120000    -2.05    -0.70   121.97     0.36     0.00     3.24     4.39
 20141023.130000    -1.93     0.24   125.53     0.35     0.00     3.23     4.29
 20141023.140000    -1.22     1.21   128.86     0.33     0.00     3.24     4.17
 20141023.150000    -1.16     1.03   131.06     0.33     0.00     3.25     4.09
 20141023.160000    -1.09     0.85   132.38     0.33     0.00     3.27     4.04
 20141023.170000    -1.01     0.66   132.98     0.33     0.00     3.29     4.02
 20141023.180000    -0.93     0.45   133.09     0.33     0.00     3.33     4.02
 20141023.190000    -0.83     0.24   132.95     0.33     0.00     3.36     4.03
 20141023.200000    -0.69     0.01   132.67     0.33     0.00     3.40     4.05
 20141023.210000    -0.90    -0.15   132.31     0.33     0.00     3.43     4.06
 20141023.220000    -1.09    -0.30   131.89     0.32     0.00     3.47     4.08
 20141023.230000    -1.27    -0.45   131.41     0.32     0.00     3.50     4.10
 20141024.000000    -1.44    -0.61   130.83     0.32     0.00     3.53     4.13
 20141024.010000    -1.62    -0.76   129.90     0.32     0.00     3.56     4.18
 20141024.020000    -1.79    -0.91   128.15     0.32     0.00     3.60     4.28
 20141024.030000    -1.66    -1.32   125.35     0.33     0.01     3.72     4.48
 20141024.040000    -1.45    -1.72   121.69     0.36     0.01     3.95     5.03
 20141024.050000    -1.15    -2.07   117.86     0.40     0.02     4.30     5.82
 20141024.060000    -0.80    -2.35   115.50     0.46     0.04     4.71     6.48
 20141024.070000    -0.42    -2.58   114.63     0.51     0.06     5.13     7.45
 20141024.080000    -0.02    -2.73   114.12     0.55     0.08     5.42     7.96
 20141024.090000    -1.68    -3.31   112.47     0.59     0.09     5.51     8.41
 20141024.100000    -3.37    -3.29   109.19     0.64     0.10     5.32     8.45
 20141024.110000    -4.88    -2.93   106.33     0.73     0.10     4.87     8.41
 20141024.120000    -6.23    -2.41   105.51     0.84     0.10     4.47     7.62
 20141024.130000    -7.45    -1.83   106.56     0.96     0.10     4.29     7.42
 20141024.140000    -8.57    -1.21   108.42     1.10     0.09     4.28     3.93
 20141024.150000    -8.25    -1.13   110.43     1.20     0.08     4.41     5.35
 20141024.160000    -7.92    -1.05   111.57     1.24     0.08     4.52     5.74
 20141024.170000    -7.60    -0.97   112.25     1.24     0.07     4.54     5.87
 20141024.180000    -7.27    -0.89   112.75     1.21     0.06     4.48     5.90
 20141024.190000    -6.95    -0.81   113.17     1.18     0.05     4.39     5.88
 20141024.200000    -6.63    -0.73   113.73     1.13     0.05     4.29     5.82
 20141024.210000    -6.23    -0.76   114.70     1.08     0.05     4.20     5.77
 20141024.220000    -5.82    -0.79   116.98     1.02     0.04     4.14     5.68
 20141024.230000    -5.42    -0.82   119.20     0.96     0.04     4.12     5.61
 20141025.000000    -5.02    -0.85   121.73     0.91     0.04     4.10     5.55
 20141025.010000    -4.61    -0.88   124.07     0.86     0.04     4.07     5.48
 20141025.020000    -4.21    -0.91   126.62     0.83     0.04     4.03     5.41
 20141025.030000    -4.08    -0.93   129.15     0.80     0.04     4.01     5.34
 20141025.040000    -3.96    -0.94   131.46     0.78     0.04     3.97     5.27
 20141025.050000    -3.84    -0.96   133.57     0.76     0.04     3.93     5.09
 20141025.060000    -3.72    -0.98   135.58     0.75     0.04     3.89     4.89
 20141025.070000    -3.59    -1.00   137.82     0.74     0.04     3.87     4.68
 20141025.080000    -3.47    -1.01   140.16     0.72     0.04     3.85     4.54
 20141025.090000    -3.81    -0.67   141.62     0.71     0.04     3.82     4.45
 20141025.100000    -4.12    -0.31   142.43     0.71     0.04     3.78     4.40
 20141025.110000    -4.39     0.05   142.79     0.71     0.03     3.75     4.36
 20141025.120000    -4.63     0.42   142.77     0.70     0.03     3.71     4.33
 20141025.130000    -4.84     0.79   142.45     0.70     0.03     3.69     4.31
 20141025.140000    -5.03     1.15   141.91     0.71     0.03     3.66     4.30
 20141025.150000    -5.00     1.59   141.48     0.71     0.03     3.65     4.29
 20141025.160000    -4.94     2.02   141.16     0.71     0.03     3.64     4.29
 20141025.170000    -4.85     2.44   140.90     0.72     0.02     3.64     4.30
 20141025.180000    -4.73     2.85   140.75     0.72     0.02     3.64     4.31
 20141025.190000    -4.57     3.24   140.71     0.73     0.02     3.64     4.32
 20141025.200000    -4.40     3.62   140.79     0.75     0.02     3.66     4.33
 20141025.210000    -3.83     3.05   140.95     0.75     0.02     3.70     4.37
 20141025.220000    -3.27     2.48   141.02     0.74     0.02     3.74     4.45
 20141025.230000    -2.70     1.90   142.22     0.72     0.02     3.82     4.53
 20141026.000000    -2.13     1.32   143.81     0.69     0.02     3.92     4.64
 20141026.010000    -1.55     0.73   145.05     0.67     0.01     4.01     4.79
 20141026.020000    -0.91     0.10   145.83     0.64     0.01     4.09     4.90
 20141026.030000    -0.82     0.08   146.26     0.62     0.01     4.14     5.00
 20141026.040000    -0.73     0.05   146.54     0.60     0.01     4.17     5.09
 20141026.050000    -0.64     0.01   146.88     0.58     0.01     4.17     5.15
 20141026.060000    -0.55    -0.04   147.20     0.57     0.01     4.17     5.20
 20141026.070000    -0.43    -0.17   147.52     0.55     0.01     4.17     5.23
 20141026.080000     0.35    -0.13   147.76     0.54     0.01     4.16     5.23
 20141026.090000     0.83    -0.14   147.94     0.52     0.01     4.16     5.22
 20141026.100000     1.29     0.16   148.11     0.51     0.01     4.15     5.19
 20141026.110000     1.49     0.96   148.29     0.50     0.01     4.13     5.16
 20141026.120000     0.77     2.10   148.64     0.49     0.01     4.09     5.12
 20141026.130000    -1.14     2.46   148.77     0.48     0.01     4.01     5.08
 20141026.140000    -2.88     1.34   147.56     0.48     0.01     3.88     5.04
 20141026.150000    -3.28     1.09   146.27     0.49     0.01     3.75     4.99
 20141026.160000    -3.64     0.83   145.06     0.50     0.01     3.65     4.92
 20141026.170000    -3.97     0.55   143.27     0.51     0.01     3.57     4.08
 20141026.180000    -4.28     0.27   140.26     0.53     0.01     3.48     3.91
 20141026.190000    -4.57    -0.02   137.14     0.55     0.01     3.43     3.95
 20141026.200000    -4.84    -0.30   133.83     0.57     0.00     3.40     4.03
 20141026.210000    -4.77    -0.46   131.04     0.59     0.00     3.41     4.12
 20141026.220000    -4.69    -0.62   128.76     0.60     0.00     3.44     4.26
 20141026.230000    -4.61    -0.78   126.81     0.61     0.00     3.46     4.38
 20141027.000000    -4.52    -0.94   125.27     0.61     0.00     3.48     4.46
 20141027.010000    -4.42    -1.09   124.02     0.61     0.00     3.49     4.53
 20141027.020000    -4.32    -1.25   122.95     0.60     0.00     3.49     4.57
 20141027.030000    -4.09    -1.42   122.21     0.60     0.00     3.49     4.61
 20141027.040000    -3.85    -1.58   121.74     0.59     0.00     3.48     4.63
 20141027.050000    -3.60    -1.74   121.52     0.58     0.00     3.47     4.64
 20141027.060000    -3.32    -1.89   121.63     0.57     0.00     3.46     4.64
 20141027.070000    -3.04    -2.04   121.72     0.56     0.00     3.45     4.64
 20141027.080000    -2.73    -2.17   121.83     0.55     0.00     3.45     4.63
 20141027.090000    -3.22    -1.76   121.71     0.54     0.00     3.43     4.63
 20141027.100000    -3.64    -1.26   121.36     0.54     0.00     3.41     4.63
 20141027.110000    -3.97    -0.70   121.00     0.54     0.00     3.40     4.63
 20141027.120000    -4.21    -0.11   120.84     0.54     0.00     3.39     4.63
 20141027.130000    -4.37     0.50   120.93     0.55     0.00     3.38     4.62
 20141027.140000    -4.44     1.11   121.38     0.56     0.00     3.39     4.62
 20141027.150000    -4.80     0.79   121.60     0.58     0.00     3.40     4.61
 20141027.160000    -5.12     0.45   121.39     0.59     0.00     3.42     4.60
 20141027.170000    -5.42     0.12   120.83     0.61     0.00     3.44     4.59
 20141027.180000    -5.70    -0.22   120.00     0.63     0.00     3.47     4.59
 20141027.190000    -5.96    -0.56   119.02     0.65     0.00     3.51     4.61
 20141027.200000    -6.21    -0.90   117.68     0.68     0.00     3.55     4.64
 20141027.210000    -5.98    -1.09   116.45     0.72     0.00     3.59     4.70
 20141027.220000    -5.74    -1.28   115.77     0.74     0.00     3.64     4.80
 20141027.230000    -5.49    -1.47   115.24     0.75     0.00     3.68     4.88
 20141028.000000    -5.24    -1.65   114.71     0.75     0.00     3.71     4.95
 20141028.010000    -4.97    -1.83   114.25     0.75     0.00     3.73     5.01
 20141028.020000    -4.69    -2.01   113.83     0.74     0.01     3.74     5.06
 20141028.030000    -4.68    -2.01   113.33     0.74     0.01     3.73     5.11
 20141028.040000    -4.67    -2.00   112.88     0.74     0.01     3.72     5.14
 20141028.050000    -4.66    -2.00   112.55     0.73     0.01     3.71     5.17
 20141028.060000    -4.65    -1.99   112.36     0.73     0.01     3.70     5.19
 20141028.070000    -4.64    -1.99   112.26     0.73     0.01     3.70     5.20
 20141028.080000    -4.62    -1.99   112.25     0.73     0.01     3.70     5.22
 20141028.090000    -4.84    -1.61   112.46     0.73     0.01     3.71     5.24
 20141028.100000    -5.01    -1.22   112.91     0.74     0.01     3.73     5.26
 20141028.110000    -5.16    -0.81   113.51     0.74     0.01     3.75     5.28
 20141028.120000    -5.27    -0.40   114.19     0.75     0.01     3.77     5.30
 20141028.130000    -5.35     0.02   114.91     0.76     0.01     3.80     5.32
 20141028.140000    -5.40     0.44   115.68     0.77     0.02     3.83     5.33
 20141028.150000    -5.56     0.13   116.19     0.78     0.02     3.86     5.35
 20141028.160000    -5.69    -0.18   116.45     0.79     0.02     3.89     5.37
 20141028.170000    -5.82    -0.49   116.54     0.80     0.02     3.92     5.39
 20141028.180000    -5.92    -0.80   116.47     0.81     0.03     3.95     5.41
 20141028.190000    -6.01    -1.12   116.27     0.82     0.03     3.98     5.42
 20141028.200000    -6.09    -1.42   115.95     0.83     0.03     4.01     5.44
 20141028.210000    -5.81    -1.47   116.03     0.84     0.04     4.04     5.46
 20141028.220000    -5.52    -1.51   116.23     0.83     0.04     4.07     5.49
 20141028.230000    -5.23    -1.55   116.48     0.83     0.04     4.09     5.52
 20141029.000000    -4.94    -1.59   116.83     0.82     0.05     4.09     5.54
 20141029.010000    -4.65    -1.63   117.33     0.82     0.05     4.09     5.53
 20141029.020000    -4.35    -1.66   118.02     0.81     0.05     4.08     5.50
 20141029.030000    -4.36    -1.60   118.81     0.80     0.06     4.07     5.44
 20141029.040000    -4.36    -1.54   119.72     0.80     0.06     4.05     5.34
 20141029.050000    -4.36    -1.47   120.79     0.79     0.06     4.03     4.60
 20141029.060000    -4.37    -1.41   121.96     0.79     0.07     4.01     4.50
 20141029.070000    -4.37    -1.35   123.17     0.79     0.07     4.00     4.45
 20141029.080000    -4.37    -1.28   124.35     0.79     0.07     3.98     4.42
 20141029.090000    -4.38    -1.01   125.59     0.79     0.07     3.97     4.39
 20141029.100000    -4.38    -0.73   126.89     0.79     0.07     3.96     4.37
 20141029.110000    -4.36    -0.44   128.21     0.79     0.07     3.95     4.35
 20141029.120000    -4.33    -0.15   129.90     0.78     0.07     3.95     4.32
 20141029.130000    -4.27     0.14   131.94     0.77     0.07     3.95     4.30
 20141029.140000    -4.20     0.43   134.54     0.76     0.07     3.97     4.28
 20141029.150000    -4.27     0.24   136.31     0.75     0.07     3.98     4.26
 20141029.160000    -4.34     0.05   137.38     0.75     0.07     3.96     4.24
 20141029.170000    -4.40    -0.14   138.02     0.75     0.07     3.94     4.22
 20141029.180000    -4.46    -0.33   138.37     0.74     0.07     3.92     4.20
 20141029.190000    -4.50    -0.52   138.48     0.74     0.07     3.91     4.18
 20141029.200000    -4.54    -0.71   138.39     0.74     0.07     3.89     4.17
 20141029.210000    -4.46    -0.81   138.33     0.74     0.07     3.88     4.17
 20141029.220000    -4.38    -0.91   138.28     0.74     0.07     3.88     4.17
 20141029.230000    -4.30    -1.01   138.24     0.73     0.07     3.87     4.17
 20141030.000000    -4.22    -1.11   138.21     0.73     0.06     3.86     4.17
 20141030.010000    -4.13    -1.21   138.19     0.73     0.06     3.86     4.17
 20141030.020000    -4.05    -1.30   138.21     0.73     0.06     3.85     4.17
 20141030.030000    -4.03    -1.36   138.18     0.72     0.06     3.85     4.16
 20141030.040000    -4.00    -1.42   138.12     0.72     0.06     3.84     4.16
 20141030.050000    -3.98    -1.47   138.07     0.72     0.06     3.83     4.15
 20141030.060000    -3.96    -1.53   138.03     0.72     0.06     3.83     4.15
 20141030.070000    -3.94    -1.58   138.01     0.72     0.06     3.82     4.14
 20141030.080000    -3.91    -1.63   138.01     0.72     0.06     3.82     4.14
 20141030.090000    -4.07    -1.29   138.07     0.72     0.06     3.81     4.14
 20141030.100000    -4.19    -0.92   138.19     0.71     0.06     3.81     4.14
 20141030.110000    -4.28    -0.55   138.34     0.71     0.06     3.81     4.14
 20141030.120000    -4.33    -0.16   138.47     0.71     0.06     3.80     4.14
 20141030.130000    -4.35     0.23   138.58     0.71     0.06     3.80     4.15
 20141030.140000    -4.34     0.62   138.67     0.71     0.06     3.80     4.16
 20141030.150000    -4.28     0.27   138.71     0.71     0.06     3.80     4.16
 20141030.160000    -4.20    -0.09   138.64     0.71     0.05     3.80     4.18
 20141030.170000    -4.09    -0.46   138.50     0.71     0.05     3.81     4.18
 20141030.180000    -3.94    -0.83   138.33     0.71     0.05     3.81     4.19
 20141030.190000    -3.75    -1.20   138.18     0.71     0.05     3.81     4.20
 20141030.200000    -3.52    -1.55   138.19     0.71     0.05     3.81     4.21
 20141030.210000    -3.56    -1.61   138.17     0.70     0.05     3.81     4.22
 20141030.220000    -3.61    -1.68   138.05     0.70     0.05     3.81     4.23
 20141030.230000    -3.66    -1.74   137.80     0.70     0.05     3.81     4.24
 20141031.000000    -3.70    -1.80   137.48     0.70     0.05     3.80     4.25
 20141031.010000    -3.75    -1.86   137.11     0.70     0.04     3.80     4.27
 20141031.020000    -3.80    -1.92   136.69     0.70     0.04     3.79     4.28
 20141031.030000    -3.78    -1.95   136.36     0.70     0.04     3.78     4.30
 20141031.040000    -3.76    -1.97   136.10     0.70     0.04     3.78     4.32
 20141031.050000    -3.74    -1.99   135.86     0.69     0.04     3.78     4.36
 20141031.060000    -3.72    -2.02   135.63     0.69     0.04     3.78     4.39
 20141031.070000    -3.70    -2.04   135.41     0.69     0.04     3.77     4.43
 20141031.080000    -3.67    -2.07   135.18     0.69     0.04     3.77     4.48
 20141031.090000    -3.72    -1.55   135.27     0.69     0.04     3.78     4.53
 20141031.100000    -3.71    -0.99   135.55     0.69     0.04     3.79     4.60
 20141031.110000    -3.64    -0.37   135.94     0.69     0.04     3.79     4.69
 20141031.120000    -3.46     0.30   136.46     0.68     0.04     3.80     4.77
 20141031.130000    -3.13     0.98   137.70     0.68     0.04     3.83     4.80
 20141031.140000    -2.64     1.62   139.07     0.67     0.03     3.87     4.84
 20141031.150000    -3.04     1.33   140.34     0.66     0.03     3.91     4.88
 20141031.160000    -3.40     1.01   140.78     0.66     0.03     3.92     4.92
 20141031.170000    -3.71     0.66   140.77     0.66     0.03     3.92     4.95
 20141031.180000    -3.98     0.30   140.32     0.67     0.03     3.91     4.97
 20141031.190000    -4.21    -0.07   139.44     0.67     0.03     3.90     4.98
 20141031.200000    -4.42    -0.44   138.19     0.68     0.03     3.89     5.00
 20141031.210000    -4.31    -0.66   137.05     0.68     0.03     3.88     5.01
 20141031.220000    -4.19    -0.88   136.13     0.68     0.02     3.89     5.04
 20141031.230000    -4.05    -1.10   135.40     0.68     0.02     3.89     5.08
 20141101.000000    -3.90    -1.32   134.84     0.68     0.02     3.88     5.11
 20141101.010000    -3.73    -1.54   134.45     0.67     0.02     3.87     5.13
 20141101.020000    -3.55    -1.74   134.19     0.67     0.02     3.85     5.14
 20141101.030000    -3.32    -1.82   134.20     0.66     0.02     3.84     5.15
 20141101.040000    -3.09    -1.89   134.47     0.65     0.02     3.83     5.14
 20141101.050000    -2.84    -1.96   134.88     0.64     0.02     3.84     5.14
 20141101.060000    -2.59    -2.02   135.27     0.63     0.02     3.83     5.13
 20141101.070000    -2.32    -2.08   135.76     0.62     0.02     3.83     5.13
 20141101.080000    -2.05    -2.12   136.29     0.61     0.02     3.83     5.13
