  Time              windx     windy     DIR    HS      HSWEll     TMM10     TPS
 20140201.080000    -2.58    -1.31   137.13     0.39     0.01     3.11     3.47
 20140201.090000    -2.97    -0.71   137.06     0.39     0.01     3.13     3.44
 20140201.100000    -3.21     0.05   136.81     0.39     0.01     3.13     3.42
 20140201.110000    -3.23     0.92   136.70     0.39     0.01     3.12     3.39
 20140201.120000    -3.02     1.81   137.11     0.40     0.01     3.11     3.34
 20140201.130000    -2.57     2.62   138.26     0.40     0.01     3.09     3.26
 20140201.140000    -1.95     3.30   140.18     0.41     0.01     3.08     3.22
 20140201.150000    -1.85     3.17   141.76     0.42     0.01     3.10     3.20
 20140201.160000    -1.76     3.05   142.66     0.43     0.01     3.12     3.21
 20140201.170000    -1.66     2.93   143.18     0.43     0.01     3.15     3.22
 20140201.180000    -1.56     2.81   143.49     0.43     0.01     3.18     3.23
 20140201.190000    -1.46     2.68   143.68     0.43     0.01     3.21     3.23
 20140201.200000    -1.36     2.56   143.90     0.44     0.01     3.24     3.24
 20140201.210000    -1.78     2.35   144.00     0.44     0.01     3.27     3.24
 20140201.220000    -2.18     2.06   144.02     0.44     0.01     3.29     3.23
 20140201.230000    -2.53     1.69   143.92     0.44     0.01     3.31     3.23
 20140202.000000    -2.83     1.26   143.70     0.45     0.01     3.33     3.23
 20140202.010000    -3.04     0.78   143.37     0.45     0.01     3.35     3.23
 20140202.020000    -3.18     0.27   142.97     0.45     0.01     3.37     3.23
 20140202.030000    -3.16     0.18   142.64     0.45     0.01     3.39     3.24
 20140202.040000    -3.14     0.09   142.40     0.46     0.01     3.40     3.24
 20140202.050000    -3.12     0.00   142.20     0.46     0.01     3.41     3.25
 20140202.060000    -3.10    -0.10   142.04     0.46     0.01     3.43     3.25
 20140202.070000    -3.07    -0.19   141.95     0.46     0.01     3.44     3.26
 20140202.080000    -3.04    -0.28   141.93     0.46     0.01     3.44     3.28
 20140202.090000    -3.24     0.44   141.87     0.46     0.01     3.44     3.29
 20140202.100000    -3.27     1.23   141.86     0.47     0.01     3.44     3.30
 20140202.110000    -3.11     2.02   142.10     0.47     0.01     3.42     3.30
 20140202.120000    -2.79     2.76   142.73     0.48     0.01     3.41     3.30
 20140202.130000    -2.35     3.41   143.88     0.48     0.01     3.39     3.31
 20140202.140000    -1.82     3.96   145.76     0.49     0.01     3.36     3.31
 20140202.150000    -1.93     3.76   147.53     0.50     0.01     3.36     3.33
 20140202.160000    -2.03     3.55   148.87     0.50     0.01     3.36     3.34
 20140202.170000    -2.13     3.32   149.94     0.51     0.01     3.36     3.36
 20140202.180000    -2.23     3.09   150.81     0.51     0.01     3.37     3.38
 20140202.190000    -2.32     2.85   151.49     0.51     0.01     3.37     3.40
 20140202.200000    -2.40     2.60   152.02     0.50     0.01     3.37     3.41
 20140202.210000    -2.62     2.40   152.35     0.50     0.01     3.36     3.42
 20140202.220000    -2.83     2.18   152.49     0.50     0.01     3.35     3.42
 20140202.230000    -3.02     1.94   152.50     0.50     0.01     3.34     3.43
 20140203.000000    -3.19     1.69   152.43     0.50     0.01     3.33     3.43
 20140203.010000    -3.34     1.42   152.28     0.49     0.01     3.32     3.44
 20140203.020000    -3.47     1.14   152.07     0.49     0.01     3.31     3.44
 20140203.030000    -3.35     0.99   152.12     0.49     0.01     3.30     3.44
 20140203.040000    -3.24     0.84   152.37     0.48     0.01     3.29     3.44
 20140203.050000    -3.11     0.68   152.74     0.47     0.01     3.28     3.44
 20140203.060000    -2.99     0.53   153.12     0.47     0.01     3.28     3.44
 20140203.070000    -2.86     0.37   153.55     0.46     0.01     3.29     3.44
 20140203.080000    -2.72     0.22   154.41     0.45     0.01     3.30     3.44
 20140203.090000    -2.81     0.94   155.10     0.44     0.01     3.29     3.44
 20140203.100000    -2.72     1.70   155.65     0.44     0.01     3.26     3.44
 20140203.110000    -2.45     2.43   156.28     0.44     0.01     3.24     3.43
 20140203.120000    -2.04     3.07   157.28     0.44     0.01     3.21     3.43
 20140203.130000    -1.53     3.62   158.71     0.45     0.01     3.18     3.42
 20140203.140000    -0.97     4.06   160.68     0.46     0.01     3.15     3.41
 20140203.150000    -0.91     3.71   162.30     0.46     0.01     3.14     3.41
 20140203.160000    -0.84     3.36   163.23     0.46     0.01     3.15     3.42
 20140203.170000    -0.78     3.02   163.85     0.45     0.00     3.16     3.43
 20140203.180000    -0.71     2.67   164.38     0.44     0.00     3.16     3.44
 20140203.190000    -0.65     2.32   164.93     0.44     0.00     3.17     3.44
 20140203.200000    -0.58     1.98   165.99     0.42     0.00     3.24     3.44
 20140203.210000    -1.10     1.90   166.70     0.41     0.00     3.27     3.45
 20140203.220000    -1.61     1.67   167.05     0.40     0.00     3.28     3.45
 20140203.230000    -2.08     1.30   166.95     0.39     0.00     3.27     3.45
 20140204.000000    -2.45     0.82   166.38     0.38     0.00     3.24     3.44
 20140204.010000    -2.70     0.26   165.46     0.38     0.00     3.20     3.44
 20140204.020000    -2.83    -0.32   164.26     0.38     0.00     3.16     3.43
 20140204.030000    -2.89    -0.41   163.00     0.38     0.00     3.13     3.42
 20140204.040000    -2.95    -0.50   161.72     0.38     0.00     3.10     3.42
 20140204.050000    -3.00    -0.60   160.22     0.38     0.00     3.07     3.41
 20140204.060000    -3.06    -0.69   158.54     0.38     0.00     3.05     3.42
 20140204.070000    -3.11    -0.78   156.72     0.38     0.00     3.03     3.42
 20140204.080000    -3.16    -0.87   154.68     0.38     0.00     3.01     3.42
 20140204.090000    -3.38    -0.24   152.38     0.38     0.00     2.99     3.43
 20140204.100000    -3.46     0.48   149.96     0.38     0.00     2.96     3.43
 20140204.110000    -3.38     1.24   148.05     0.38     0.00     2.93     3.44
 20140204.120000    -3.12     1.99   146.94     0.38     0.00     2.90     3.44
 20140204.130000    -2.71     2.68   146.57     0.39     0.00     2.87     3.45
 20140204.140000    -2.16     3.26   146.89     0.39     0.00     2.85     3.45
 20140204.150000    -2.48     3.17   146.88     0.40     0.00     2.84     3.44
 20140204.160000    -2.79     3.07   146.40     0.40     0.00     2.84     3.44
 20140204.170000    -3.09     2.94   145.46     0.41     0.00     2.84     3.43
 20140204.180000    -3.37     2.80   144.31     0.42     0.00     2.86     3.43
 20140204.190000    -3.64     2.64   143.04     0.44     0.00     2.89     3.45
 20140204.200000    -3.90     2.48   141.65     0.45     0.00     2.93     3.48
 20140204.210000    -4.17     2.16   139.34     0.48     0.00     2.96     3.53
 20140204.220000    -4.41     1.82   137.56     0.50     0.00     3.01     3.61
 20140204.230000    -4.62     1.47   136.05     0.52     0.00     3.06     3.69
 20140205.000000    -4.80     1.10   134.59     0.53     0.00     3.10     3.76
 20140205.010000    -4.95     0.72   133.21     0.54     0.00     3.14     3.81
 20140205.020000    -5.06     0.33   131.81     0.55     0.00     3.16     3.85
 20140205.030000    -5.08     0.36   130.63     0.56     0.00     3.17     3.89
 20140205.040000    -5.09     0.39   129.70     0.56     0.00     3.17     3.91
 20140205.050000    -5.10     0.42   128.95     0.56     0.00     3.16     3.92
 20140205.060000    -5.12     0.45   128.35     0.56     0.00     3.15     3.92
 20140205.070000    -5.13     0.48   127.92     0.56     0.00     3.14     3.91
 20140205.080000    -5.14     0.50   127.64     0.56     0.00     3.13     3.90
 20140205.090000    -5.11     1.03   127.76     0.56     0.00     3.12     3.88
 20140205.100000    -5.03     1.55   128.30     0.56     0.00     3.12     3.86
 20140205.110000    -4.89     2.07   129.08     0.56     0.00     3.12     3.85
 20140205.120000    -4.70     2.57   130.05     0.56     0.00     3.12     3.84
 20140205.130000    -4.46     3.05   131.10     0.57     0.00     3.13     3.84
 20140205.140000    -4.17     3.51   132.21     0.58     0.00     3.15     3.85
 20140205.150000    -4.35     3.21   132.79     0.59     0.00     3.18     3.88
 20140205.160000    -4.52     2.89   133.06     0.60     0.00     3.22     3.93
 20140205.170000    -4.67     2.56   133.17     0.61     0.01     3.27     4.00
 20140205.180000    -4.80     2.21   133.20     0.62     0.01     3.33     4.07
 20140205.190000    -4.91     1.85   133.26     0.63     0.01     3.38     4.12
 20140205.200000    -4.99     1.48   133.40     0.64     0.01     3.44     4.18
 20140205.210000    -4.95     1.36   133.76     0.65     0.02     3.48     4.22
 20140205.220000    -4.92     1.24   134.35     0.66     0.02     3.52     4.26
 20140205.230000    -4.88     1.11   135.11     0.67     0.03     3.55     4.30
 20140206.000000    -4.83     0.99   136.08     0.67     0.03     3.57     4.32
 20140206.010000    -4.79     0.86   137.27     0.68     0.03     3.58     4.33
 20140206.020000    -4.74     0.73   138.67     0.68     0.04     3.59     4.33
 20140206.030000    -4.79     0.57   140.12     0.68     0.04     3.60     4.33
 20140206.040000    -4.83     0.41   141.59     0.69     0.04     3.60     4.33
 20140206.050000    -4.87     0.25   143.06     0.69     0.04     3.61     4.33
 20140206.060000    -4.90     0.08   144.48     0.70     0.04     3.63     4.34
 20140206.070000    -4.93    -0.08   145.85     0.70     0.04     3.64     4.35
 20140206.080000    -4.95    -0.24   147.17     0.71     0.04     3.66     4.36
 20140206.090000    -4.93     0.31   148.72     0.72     0.05     3.68     4.38
 20140206.100000    -4.84     0.89   150.51     0.73     0.05     3.71     4.40
 20140206.110000    -4.69     1.47   152.43     0.74     0.05     3.74     4.43
 20140206.120000    -4.45     2.03   154.41     0.74     0.04     3.78     4.46
 20140206.130000    -4.15     2.58   156.40     0.75     0.04     3.81     4.49
 20140206.140000    -3.77     3.08   158.35     0.76     0.04     3.85     4.52
 20140206.150000    -3.86     2.87   159.99     0.77     0.04     3.88     4.54
 20140206.160000    -3.95     2.64   161.24     0.77     0.04     3.91     4.57
 20140206.170000    -4.04     2.40   162.18     0.78     0.04     3.93     4.59
 20140206.180000    -4.11     2.16   162.84     0.78     0.04     3.95     4.61
 20140206.190000    -4.17     1.91   163.31     0.79     0.04     3.96     4.62
 20140206.200000    -4.21     1.66   163.62     0.79     0.04     3.97     4.63
 20140206.210000    -4.17     1.60   163.88     0.79     0.04     3.97     4.65
 20140206.220000    -4.14     1.54   164.11     0.79     0.04     3.98     4.66
 20140206.230000    -4.10     1.48   164.34     0.79     0.03     3.99     4.67
 20140207.000000    -4.06     1.42   164.57     0.79     0.03     3.99     4.68
 20140207.010000    -4.02     1.36   164.81     0.79     0.03     3.99     4.69
 20140207.020000    -3.98     1.30   165.05     0.78     0.03     4.00     4.70
 20140207.030000    -4.05     1.31   165.18     0.78     0.03     3.99     4.70
 20140207.040000    -4.11     1.31   165.24     0.78     0.03     3.99     4.71
 20140207.050000    -4.18     1.32   165.26     0.78     0.03     3.98     4.72
 20140207.060000    -4.24     1.33   165.24     0.77     0.03     3.97     4.72
 20140207.070000    -4.31     1.34   165.21     0.77     0.02     3.97     4.73
 20140207.080000    -4.38     1.35   165.18     0.77     0.02     3.96     4.73
 20140207.090000    -4.23     1.86   165.29     0.77     0.02     3.96     4.74
 20140207.100000    -4.02     2.37   165.53     0.77     0.02     3.97     4.75
 20140207.110000    -3.75     2.85   165.86     0.78     0.02     3.98     4.76
 20140207.120000    -3.41     3.31   166.21     0.78     0.02     3.98     4.77
 20140207.130000    -3.03     3.72   166.57     0.78     0.02     3.98     4.78
 20140207.140000    -2.60     4.09   166.88     0.78     0.02     3.97     4.78
 20140207.150000    -2.83     3.71   166.99     0.77     0.02     3.96     4.78
 20140207.160000    -3.05     3.29   166.89     0.76     0.01     3.95     4.77
 20140207.170000    -3.24     2.84   166.67     0.76     0.01     3.93     4.76
 20140207.180000    -3.40     2.34   166.40     0.75     0.01     3.92     4.75
 20140207.190000    -3.52     1.81   166.14     0.74     0.01     3.92     4.75
 20140207.200000    -3.57     1.23   165.92     0.73     0.01     3.91     4.74
 20140207.210000    -3.73     1.14   165.51     0.73     0.01     3.91     4.75
 20140207.220000    -3.88     1.05   164.94     0.72     0.01     3.89     4.75
 20140207.230000    -4.03     0.95   164.25     0.72     0.01     3.88     4.76
 20140208.000000    -4.18     0.85   163.46     0.71     0.01     3.86     4.76
 20140208.010000    -4.32     0.75   162.56     0.71     0.01     3.83     4.75
 20140208.020000    -4.47     0.65   161.57     0.70     0.01     3.80     4.74
 20140208.030000    -4.25     0.59   161.01     0.69     0.01     3.77     4.73
 20140208.040000    -4.04     0.53   160.76     0.68     0.01     3.75     4.71
 20140208.050000    -3.83     0.47   160.71     0.68     0.01     3.74     4.69
 20140208.060000    -3.62     0.41   160.89     0.67     0.01     3.72     4.68
 20140208.070000    -3.40     0.35   161.36     0.66     0.00     3.72     4.67
 20140208.080000    -3.19     0.29   162.18     0.66     0.00     3.74     4.67
 20140208.090000    -3.32     0.82   163.23     0.65     0.00     3.78     4.69
 20140208.100000    -3.39     1.34   164.08     0.65     0.00     3.82     4.72
 20140208.110000    -3.39     1.86   164.74     0.66     0.00     3.86     4.77
 20140208.120000    -3.33     2.36   165.25     0.68     0.00     3.90     4.83
 20140208.130000    -3.24     2.83   165.59     0.69     0.00     3.94     4.89
 20140208.140000    -3.12     3.28   165.74     0.70     0.00     3.97     4.94
 20140208.150000    -3.41     2.98   165.65     0.71     0.00     4.00     4.97
 20140208.160000    -3.67     2.66   165.30     0.72     0.00     4.01     4.99
 20140208.170000    -3.91     2.31   164.74     0.72     0.00     4.00     5.00
 20140208.180000    -4.12     1.93   164.00     0.71     0.00     3.98     5.00
 20140208.190000    -4.29     1.53   163.10     0.70     0.00     3.94     4.99
 20140208.200000    -4.43     1.12   162.04     0.70     0.00     3.89     4.97
 20140208.210000    -4.06     0.85   161.52     0.68     0.00     3.85     4.95
 20140208.220000    -3.69     0.58   161.42     0.67     0.00     3.82     4.93
 20140208.230000    -3.31     0.31   161.61     0.65     0.00     3.79     4.90
 20140209.000000    -2.91     0.03   162.55     0.63     0.00     3.79     4.87
 20140209.010000    -2.48    -0.25   164.27     0.60     0.00     3.85     4.84
 20140209.020000    -2.01    -0.53   166.18     0.58     0.00     3.92     4.81
 20140209.030000    -2.39    -0.44   167.41     0.56     0.00     3.97     4.78
 20140209.040000    -2.76    -0.34   167.66     0.55     0.00     4.00     4.76
 20140209.050000    -3.13    -0.25   167.33     0.54     0.00     4.01     4.74
 20140209.060000    -3.49    -0.15   166.29     0.54     0.00     3.99     4.73
 20140209.070000    -3.84    -0.05   164.46     0.55     0.00     3.94     4.73
 20140209.080000    -4.19     0.04   161.56     0.56     0.00     3.85     4.73
 20140209.090000    -3.98     0.14   159.05     0.57     0.00     3.75     4.73
 20140209.100000    -3.77     0.23   157.97     0.57     0.00     3.71     4.72
 20140209.110000    -3.56     0.33   157.29     0.56     0.00     3.70     4.71
 20140209.120000    -3.34     0.42   156.75     0.55     0.00     3.69     4.70
 20140209.130000    -3.12     0.51   156.34     0.54     0.00     3.67     4.69
 20140209.140000    -2.89     0.61   156.18     0.53     0.00     3.65     4.68
 20140209.150000    -2.81     0.56   156.81     0.52     0.00     3.66     4.66
 20140209.160000    -2.74     0.52   157.56     0.50     0.00     3.67     4.64
 20140209.170000    -2.66     0.48   157.89     0.49     0.00     3.66     4.62
 20140209.180000    -2.58     0.44   157.91     0.48     0.00     3.64     4.59
 20140209.190000    -2.50     0.39   157.88     0.47     0.01     3.62     4.56
 20140209.200000    -2.42     0.35   157.96     0.47     0.01     3.60     4.54
 20140209.210000    -2.48     0.21   158.21     0.46     0.01     3.61     4.51
 20140209.220000    -2.54     0.07   158.87     0.47     0.02     3.64     4.49
 20140209.230000    -2.58    -0.08   160.33     0.47     0.03     3.70     4.46
 20140210.000000    -2.61    -0.22   162.83     0.49     0.04     3.78     4.43
 20140210.010000    -2.64    -0.36   165.88     0.51     0.05     3.87     4.38
 20140210.020000    -2.66    -0.50   168.02     0.53     0.06     3.94     4.29
 20140210.030000    -3.01    -0.57   167.01     0.57     0.07     4.00     4.25
 20140210.040000    -3.36    -0.63   161.90     0.62     0.07     4.07     4.31
 20140210.050000    -3.71    -0.69   154.24     0.67     0.08     4.17     4.46
 20140210.060000    -4.07    -0.76   146.00     0.74     0.08     4.28     4.68
 20140210.070000    -4.42    -0.82   139.01     0.81     0.08     4.39     4.96
 20140210.080000    -4.77    -0.88   133.81     0.87     0.09     4.51     5.23
 20140210.090000    -4.29    -1.20   130.37     0.92     0.09     4.64     5.51
 20140210.100000    -3.77    -1.54   127.96     0.94     0.09     4.78     5.76
 20140210.110000    -3.16    -1.88   126.11     0.94     0.10     4.90     5.97
 20140210.120000    -2.44    -2.21   125.28     0.93     0.10     4.98     6.11
 20140210.130000    -1.56    -2.45   125.72     0.90     0.11     5.05     6.19
 20140210.140000    -0.49    -2.47   127.42     0.88     0.12     5.08     6.18
 20140210.150000    -0.78    -2.28   130.30     0.86     0.13     5.09     6.02
 20140210.160000    -1.08    -2.04   133.73     0.84     0.14     5.09     5.78
 20140210.170000    -1.38    -1.72   137.40     0.83     0.15     5.10     5.60
 20140210.180000    -1.65    -1.31   140.65     0.82     0.16     5.11     5.49
 20140210.190000    -1.84    -0.79   142.98     0.82     0.16     5.11     5.36
 20140210.200000    -1.89    -0.19   144.57     0.82     0.17     5.12     5.15
 20140210.210000    -1.88    -0.52   145.64     0.82     0.17     5.11     5.04
 20140210.220000    -1.81    -0.86   146.40     0.82     0.17     5.10     4.99
 20140210.230000    -1.68    -1.19   146.94     0.82     0.17     5.09     4.97
 20140211.000000    -1.49    -1.49   147.33     0.82     0.17     5.08     4.96
 20140211.010000    -1.26    -1.77   147.60     0.83     0.17     5.08     4.97
 20140211.020000    -0.98    -1.99   147.72     0.83     0.17     5.08     4.97
 20140211.030000    -1.22    -1.92   147.71     0.84     0.17     5.10     4.98
 20140211.040000    -1.45    -1.83   147.51     0.84     0.18     5.13     4.99
 20140211.050000    -1.67    -1.71   146.93     0.85     0.18     5.17     4.99
 20140211.060000    -1.88    -1.57   145.79     0.86     0.19     5.22     5.00
 20140211.070000    -2.07    -1.42   144.15     0.87     0.21     5.28     5.00
 20140211.080000    -2.24    -1.25   142.33     0.87     0.22     5.35     5.00
 20140211.090000    -2.11    -1.29   140.64     0.88     0.23     5.40     5.00
 20140211.100000    -1.97    -1.33   139.25     0.89     0.23     5.45     5.01
 20140211.110000    -1.83    -1.37   138.24     0.89     0.23     5.48     5.01
 20140211.120000    -1.69    -1.40   137.67     0.89     0.23     5.49     5.02
 20140211.130000    -1.54    -1.43   137.56     0.89     0.22     5.48     5.02
 20140211.140000    -1.38    -1.46   137.84     0.89     0.21     5.45     5.01
 20140211.150000    -1.30    -1.52   138.39     0.89     0.20     5.41     5.01
 20140211.160000    -1.21    -1.58   139.12     0.88     0.19     5.36     5.00
 20140211.170000    -1.11    -1.64   139.95     0.88     0.18     5.31     5.00
 20140211.180000    -1.01    -1.69   140.83     0.87     0.17     5.26     4.99
 20140211.190000    -0.91    -1.74   141.72     0.86     0.16     5.21     4.98
 20140211.200000    -0.81    -1.78   142.57     0.86     0.15     5.17     4.96
 20140211.210000    -1.13    -1.80   143.34     0.85     0.15     5.12     4.95
 20140211.220000    -1.45    -1.80   144.01     0.84     0.14     5.09     4.93
 20140211.230000    -1.75    -1.76   144.57     0.83     0.14     5.05     4.90
 20140212.000000    -2.03    -1.71   144.98     0.83     0.13     5.02     4.87
 20140212.010000    -2.30    -1.65   145.15     0.82     0.13     4.99     4.84
 20140212.020000    -2.56    -1.58   144.97     0.82     0.13     4.96     4.82
 20140212.030000    -2.85    -1.52   144.38     0.82     0.12     4.94     4.80
 20140212.040000    -3.13    -1.47   143.45     0.82     0.12     4.91     4.79
 20140212.050000    -3.40    -1.40   142.24     0.83     0.12     4.89     4.79
 20140212.060000    -3.66    -1.34   140.87     0.83     0.11     4.86     4.80
 20140212.070000    -3.92    -1.27   139.44     0.84     0.11     4.83     4.82
 20140212.080000    -4.17    -1.20   137.56     0.84     0.11     4.77     4.85
 20140212.090000    -3.89    -1.10   136.01     0.85     0.10     4.71     4.89
 20140212.100000    -3.61    -1.00   135.38     0.85     0.10     4.69     4.97
 20140212.110000    -3.33    -0.90   135.10     0.85     0.10     4.69     6.00
 20140212.120000    -3.05    -0.80   134.97     0.84     0.09     4.69     6.02
 20140212.130000    -2.77    -0.70   134.96     0.83     0.09     4.69     6.04
 20140212.140000    -2.49    -0.60   135.48     0.82     0.09     4.70     6.06
 20140212.150000    -2.65    -0.48   136.24     0.81     0.09     4.73     6.08
 20140212.160000    -2.81    -0.36   136.56     0.80     0.08     4.73     6.09
 20140212.170000    -2.95    -0.24   136.67     0.79     0.08     4.71     6.09
 20140212.180000    -3.10    -0.11   136.76     0.79     0.07     4.68     6.06
 20140212.190000    -3.23     0.01   136.90     0.78     0.07     4.64     6.01
 20140212.200000    -3.36     0.14   137.12     0.78     0.07     4.60     5.93
 20140212.210000    -3.39    -0.22   137.40     0.77     0.06     4.55     5.85
 20140212.220000    -3.39    -0.58   137.69     0.76     0.06     4.50     5.77
 20140212.230000    -3.35    -0.94   137.94     0.75     0.05     4.45     5.60
 20140213.000000    -3.26    -1.30   138.04     0.75     0.05     4.41     5.48
 20140213.010000    -3.14    -1.65   137.94     0.74     0.05     4.37     5.43
 20140213.020000    -2.99    -1.98   137.62     0.74     0.05     4.35     5.40
 20140213.030000    -2.80    -1.96   137.35     0.74     0.04     4.33     5.39
 20140213.040000    -2.61    -1.94   137.26     0.74     0.04     4.33     5.39
 20140213.050000    -2.41    -1.92   137.38     0.74     0.04     4.33     5.40
 20140213.060000    -2.21    -1.89   137.74     0.74     0.04     4.34     5.40
 20140213.070000    -2.01    -1.86   138.26     0.74     0.04     4.36     5.40
 20140213.080000    -1.81    -1.83   138.83     0.74     0.04     4.37     5.40
 20140213.090000    -1.60    -1.93   139.40     0.73     0.04     4.40     5.40
 20140213.100000    -1.38    -2.01   139.93     0.73     0.05     4.43     5.41
 20140213.110000    -1.14    -2.07   140.32     0.73     0.05     4.49     5.43
 20140213.120000    -0.89    -2.12   141.05     0.73     0.06     4.58     5.47
 20140213.130000    -0.63    -2.14   141.78     0.73     0.07     4.69     5.52
 20140213.140000    -0.35    -2.13   142.54     0.74     0.08     4.78     5.59
 20140213.150000    -0.53    -1.98   144.10     0.75     0.09     4.85     5.65
 20140213.160000    -0.71    -1.81   146.99     0.76     0.09     4.91     5.69
 20140213.170000    -0.88    -1.60   151.00     0.76     0.09     4.94     5.70
 20140213.180000    -1.05    -1.35   155.19     0.76     0.09     4.94     5.67
 20140213.190000    -1.20    -1.06   158.61     0.76     0.09     4.92     5.62
 20140213.200000    -1.30    -0.73   160.97     0.75     0.09     4.89     5.57
 20140213.210000    -1.40    -0.87   162.34     0.74     0.09     4.85     5.51
 20140213.220000    -1.50    -1.01   162.88     0.73     0.09     4.82     5.45
 20140213.230000    -1.59    -1.15   162.85     0.72     0.08     4.79     5.39
 20140214.000000    -1.69    -1.29   162.63     0.72     0.08     4.76     5.34
 20140214.010000    -1.78    -1.43   162.45     0.71     0.08     4.73     5.28
 20140214.020000    -1.88    -1.56   162.38     0.71     0.08     4.70     5.22
 20140214.030000    -1.97    -1.63   162.42     0.71     0.08     4.67     5.13
 20140214.040000    -2.06    -1.70   162.55     0.71     0.08     4.65     5.06
 20140214.050000    -2.16    -1.78   162.64     0.71     0.08     4.62     5.01
 20140214.060000    -2.25    -1.85   162.51     0.71     0.07     4.59     4.97
 20140214.070000    -2.34    -1.92   162.04     0.71     0.07     4.55     4.93
 20140214.080000    -2.44    -1.99   161.17     0.71     0.07     4.53     4.89
 20140214.090000    -2.12    -2.00   160.35     0.70     0.06     4.51     4.85
 20140214.100000    -1.79    -2.01   159.61     0.70     0.06     4.50     4.81
 20140214.110000    -1.44    -2.00   158.79     0.69     0.06     4.51     4.76
 20140214.120000    -1.06    -1.97   158.02     0.69     0.06     4.51     4.73
 20140214.130000    -0.65    -1.90   157.57     0.68     0.06     4.53     4.70
 20140214.140000    -0.22    -1.77   157.56     0.67     0.06     4.54     4.67
 20140214.150000    -0.41    -1.65   157.79     0.66     0.06     4.54     4.63
 20140214.160000    -0.64    -1.48   158.24     0.66     0.06     4.53     4.60
 20140214.170000    -0.92    -1.22   158.76     0.65     0.06     4.52     4.57
 20140214.180000    -1.22    -0.78   159.27     0.65     0.06     4.50     4.55
 20140214.190000    -1.36    -0.08   159.65     0.64     0.06     4.48     4.52
 20140214.200000    -1.03     0.76   159.87     0.63     0.06     4.46     4.50
 20140214.210000    -1.35     0.59   159.91     0.63     0.06     4.43     4.48
 20140214.220000    -1.63     0.38   159.82     0.62     0.06     4.41     4.47
 20140214.230000    -1.87     0.15   159.60     0.61     0.05     4.38     4.45
 20140215.000000    -2.07    -0.09   159.15     0.61     0.05     4.35     4.44
 20140215.010000    -2.24    -0.34   158.42     0.60     0.05     4.32     4.43
 20140215.020000    -2.40    -0.58   157.41     0.60     0.05     4.28     4.42
 20140215.030000    -2.65    -0.70   156.11     0.60     0.04     4.24     4.40
 20140215.040000    -2.89    -0.83   154.50     0.60     0.04     4.19     4.39
 20140215.050000    -3.14    -0.95   152.52     0.60     0.04     4.14     4.38
 20140215.060000    -3.38    -1.08   150.08     0.60     0.04     4.08     4.36
 20140215.070000    -3.63    -1.20   147.14     0.60     0.04     4.02     4.35
 20140215.080000    -3.87    -1.33   143.81     0.61     0.03     3.95     4.34
 20140215.090000    -3.93    -0.99   141.19     0.62     0.03     3.92     4.34
 20140215.100000    -3.96    -0.64   139.40     0.62     0.03     3.90     4.36
 20140215.110000    -3.96    -0.28   138.05     0.62     0.03     3.89     4.40
 20140215.120000    -3.93     0.09   137.05     0.62     0.03     3.88     4.45
 20140215.130000    -3.86     0.46   136.33     0.61     0.03     3.88     4.51
 20140215.140000    -3.76     0.83   135.88     0.61     0.03     3.87     4.57
 20140215.150000    -3.69     0.78   135.55     0.60     0.03     3.86     4.62
 20140215.160000    -3.62     0.73   135.32     0.60     0.03     3.85     4.66
 20140215.170000    -3.55     0.69   135.20     0.59     0.03     3.84     4.70
 20140215.180000    -3.47     0.64   135.16     0.59     0.03     3.82     4.71
 20140215.190000    -3.40     0.59   135.22     0.58     0.03     3.81     4.72
 20140215.200000    -3.33     0.54   135.37     0.58     0.03     3.79     4.72
 20140215.210000    -3.46     0.46   135.49     0.57     0.03     3.78     4.71
 20140215.220000    -3.60     0.37   135.61     0.57     0.03     3.76     4.70
 20140215.230000    -3.73     0.29   135.74     0.57     0.03     3.74     4.68
 20140216.000000    -3.86     0.21   135.88     0.57     0.03     3.73     4.65
 20140216.010000    -3.98     0.12   136.02     0.57     0.03     3.72     4.63
 20140216.020000    -4.11     0.04   136.16     0.57     0.03     3.70     4.61
 20140216.030000    -4.14     0.16   136.46     0.58     0.03     3.70     4.59
 20140216.040000    -4.18     0.29   136.90     0.58     0.03     3.70     4.57
 20140216.050000    -4.20     0.42   137.45     0.58     0.03     3.70     4.55
 20140216.060000    -4.23     0.54   138.10     0.58     0.03     3.70     4.54
 20140216.070000    -4.25     0.67   138.85     0.59     0.03     3.70     4.52
 20140216.080000    -4.27     0.79   139.70     0.59     0.02     3.70     4.51
 20140216.090000    -4.12     1.32   140.78     0.60     0.02     3.69     4.50
 20140216.100000    -3.90     1.86   142.04     0.60     0.02     3.69     4.49
 20140216.110000    -3.59     2.37   143.43     0.61     0.02     3.69     4.48
 20140216.120000    -3.20     2.86   144.95     0.61     0.02     3.68     4.47
 20140216.130000    -2.73     3.30   146.54     0.62     0.02     3.68     4.47
 20140216.140000    -2.20     3.66   148.15     0.62     0.02     3.68     4.46
 20140216.150000    -2.57     3.39   149.34     0.63     0.02     3.69     4.46
 20140216.160000    -2.92     3.08   150.12     0.63     0.02     3.69     4.46
 20140216.170000    -3.25     2.71   150.59     0.63     0.02     3.70     4.46
 20140216.180000    -3.54     2.30   150.84     0.64     0.02     3.71     4.47
 20140216.190000    -3.78     1.85   150.91     0.64     0.02     3.72     4.47
 20140216.200000    -3.96     1.37   150.85     0.64     0.02     3.73     4.47
 20140216.210000    -3.88     1.34   150.85     0.65     0.02     3.74     4.48
 20140216.220000    -3.79     1.31   150.93     0.65     0.02     3.76     4.49
 20140216.230000    -3.71     1.28   151.05     0.65     0.02     3.77     4.50
 20140217.000000    -3.63     1.25   151.23     0.65     0.02     3.78     4.51
 20140217.010000    -3.54     1.22   151.47     0.65     0.02     3.78     4.52
 20140217.020000    -3.46     1.19   151.76     0.65     0.02     3.78     4.52
 20140217.030000    -3.48     1.16   152.03     0.64     0.02     3.78     4.53
 20140217.040000    -3.50     1.12   152.30     0.64     0.02     3.78     4.53
 20140217.050000    -3.52     1.09   152.56     0.64     0.02     3.78     4.53
 20140217.060000    -3.53     1.05   152.82     0.64     0.02     3.77     4.52
 20140217.070000    -3.55     1.02   153.07     0.64     0.02     3.77     4.52
 20140217.080000    -3.57     0.98   153.32     0.64     0.02     3.76     4.51
 20140217.090000    -3.68     1.52   153.45     0.64     0.02     3.75     4.50
 20140217.100000    -3.74     2.04   153.51     0.64     0.02     3.74     4.49
 20140217.110000    -3.76     2.55   153.58     0.65     0.02     3.72     4.48
 20140217.120000    -3.75     3.04   153.70     0.65     0.02     3.71     4.46
 20140217.130000    -3.71     3.51   153.90     0.66     0.02     3.69     4.45
 20140217.140000    -3.64     3.97   154.23     0.68     0.02     3.66     4.43
 20140217.150000    -3.96     3.60   154.29     0.70     0.02     3.62     4.42
 20140217.160000    -4.25     3.19   154.00     0.70     0.02     3.62     4.42
 20140217.170000    -4.51     2.75   153.49     0.71     0.02     3.62     4.42
 20140217.180000    -4.73     2.27   152.61     0.71     0.02     3.62     4.43
 20140217.190000    -4.90     1.77   151.63     0.71     0.02     3.62     4.43
 20140217.200000    -5.03     1.24   150.62     0.71     0.02     3.62     4.44
 20140217.210000    -4.90     1.27   150.01     0.71     0.02     3.62     4.45
 20140217.220000    -4.78     1.30   149.72     0.71     0.02     3.63     4.46
 20140217.230000    -4.65     1.32   149.65     0.71     0.02     3.63     4.47
 20140218.000000    -4.53     1.35   149.86     0.71     0.03     3.63     4.48
 20140218.010000    -4.40     1.38   150.19     0.71     0.03     3.64     4.49
 20140218.020000    -4.28     1.40   150.68     0.71     0.03     3.64     4.50
 20140218.030000    -4.22     1.29   151.22     0.71     0.02     3.65     4.51
 20140218.040000    -4.17     1.18   151.77     0.71     0.02     3.65     4.52
 20140218.050000    -4.11     1.07   152.38     0.71     0.02     3.66     4.53
 20140218.060000    -4.05     0.96   152.99     0.70     0.02     3.67     4.54
 20140218.070000    -3.99     0.85   153.59     0.70     0.02     3.68     4.56
 20140218.080000    -3.92     0.74   154.41     0.70     0.02     3.69     4.57
 20140218.090000    -3.88     1.21   155.07     0.70     0.02     3.71     4.58
 20140218.100000    -3.78     1.67   155.60     0.69     0.02     3.71     4.59
 20140218.110000    -3.62     2.12   156.11     0.69     0.02     3.70     4.60
 20140218.120000    -3.42     2.55   156.63     0.69     0.02     3.70     4.60
 20140218.130000    -3.17     2.96   157.15     0.69     0.02     3.70     4.61
 20140218.140000    -2.88     3.33   157.70     0.69     0.02     3.70     4.61
 20140218.150000    -2.66     2.89   158.34     0.69     0.01     3.70     4.61
 20140218.160000    -2.43     2.45   159.06     0.69     0.01     3.71     4.62
 20140218.170000    -2.20     2.00   160.96     0.67     0.01     3.76     4.62
 20140218.180000    -1.97     1.54   162.74     0.65     0.01     3.84     4.62
 20140218.190000    -1.72     1.07   164.34     0.63     0.01     3.92     4.63
 20140218.200000    -1.44     0.57   165.55     0.61     0.01     3.99     4.63
 20140218.210000    -1.58     0.25   166.49     0.60     0.01     4.05     4.63
 20140218.220000    -1.65    -0.17   167.87     0.59     0.02     4.12     4.63
 20140218.230000    -1.57    -0.69   170.81     0.60     0.04     4.25     4.64
 20140219.000000    -1.28    -1.22   177.24     0.61     0.06     4.44     4.64
 20140219.010000    -0.77    -1.66   189.86     0.64     0.09     4.63     4.65
 20140219.020000    -0.12    -1.88   210.65     0.68     0.12     4.79     4.66
 20140219.030000    -0.06    -2.19   234.50     0.72     0.14     4.91     4.67
 20140219.040000     0.01    -2.50   251.40     0.78     0.16     5.00     4.70
 20140219.050000     0.08    -2.80   259.31     0.83     0.17     5.07     4.79
 20140219.060000     0.15    -3.11   261.35     0.88     0.18     5.12     4.93
 20140219.070000     0.21    -3.41   260.08     0.93     0.18     5.16     5.14
 20140219.080000     0.28    -3.71   257.41     0.97     0.18     5.21     5.41
 20140219.090000     0.05    -3.63   254.30     1.01     0.18     5.27     5.66
 20140219.100000    -0.19    -3.53   250.80     1.04     0.18     5.35     5.90
 20140219.110000    -0.42    -3.41   247.35     1.05     0.18     5.43     6.13
 20140219.120000    -0.66    -3.27   245.60     1.06     0.18     5.49     6.30
 20140219.130000    -0.89    -3.12   247.93     1.05     0.18     5.52     6.39
 20140219.140000    -1.12    -2.94   253.97     1.03     0.17     5.52     6.43
 20140219.150000    -1.22    -2.73   260.28     1.01     0.17     5.49     6.41
 20140219.160000    -1.31    -2.52   264.09     0.99     0.16     5.42     6.34
 20140219.170000    -1.39    -2.29   264.91     0.96     0.16     5.34     6.14
 20140219.180000    -1.48    -2.06   263.08     0.93     0.14     5.25     5.95
 20140219.190000    -1.55    -1.80   259.74     0.90     0.13     5.15     5.82
 20140219.200000    -1.61    -1.53   255.02     0.88     0.12     5.07     5.71
 20140219.210000    -1.45    -1.76   249.46     0.86     0.11     5.00     5.57
 20140219.220000    -1.26    -1.96   243.38     0.84     0.11     4.95     5.47
 20140219.230000    -1.05    -2.14   237.27     0.83     0.10     4.89     5.39
 20140220.000000    -0.82    -2.29   231.96     0.82     0.10     4.85     5.31
 20140220.010000    -0.57    -2.42   228.00     0.81     0.10     4.82     5.25
 20140220.020000    -0.32    -2.52   225.26     0.80     0.09     4.79     5.18
 20140220.030000    -0.79    -2.49   223.30     0.80     0.09     4.77     5.12
 20140220.040000    -1.27    -2.36   221.54     0.79     0.09     4.76     5.08
 20140220.050000    -1.74    -2.13   219.26     0.79     0.08     4.74     5.04
 20140220.060000    -2.16    -1.81   215.66     0.78     0.08     4.71     5.00
 20140220.070000    -2.53    -1.42   210.40     0.77     0.08     4.67     4.96
 20140220.080000    -2.81    -0.97   203.48     0.76     0.07     4.64     4.92
 20140220.090000    -2.53    -0.75   195.99     0.75     0.07     4.61     4.89
 20140220.100000    -2.25    -0.53   188.88     0.74     0.07     4.60     4.85
 20140220.110000    -1.97    -0.30   182.84     0.73     0.07     4.62     4.82
 20140220.120000    -1.66    -0.06   178.00     0.72     0.06     4.63     4.78
 20140220.130000    -1.32     0.19   174.18     0.71     0.06     4.64     4.75
 20140220.140000    -0.91     0.43   171.16     0.70     0.06     4.65     4.71
 20140220.150000    -1.05     0.27   168.73     0.69     0.06     4.65     4.68
 20140220.160000    -1.16     0.10   166.58     0.68     0.06     4.65     4.65
 20140220.170000    -1.24    -0.09   164.44     0.68     0.06     4.65     4.63
 20140220.180000    -1.30    -0.28   162.03     0.67     0.07     4.66     4.60
 20140220.190000    -1.33    -0.47   159.14     0.67     0.07     4.70     4.58
 20140220.200000    -1.34    -0.65   155.65     0.68     0.08     4.75     4.55
 20140220.210000    -1.70    -0.97   151.58     0.68     0.10     4.84     4.53
 20140220.220000    -2.07    -1.28   146.91     0.70     0.11     4.93     4.51
 20140220.230000    -2.43    -1.59   142.03     0.71     0.12     5.01     4.48
 20140221.000000    -2.78    -1.89   137.46     0.74     0.14     5.09     4.45
 20140221.010000    -3.14    -2.20   133.23     0.76     0.15     5.12     4.42
 20140221.020000    -3.50    -2.51   129.13     0.80     0.15     5.08     4.39
 20140221.030000    -3.57    -2.41   126.06     0.84     0.16     5.00     7.08
 20140221.040000    -3.63    -2.31   124.36     0.88     0.16     4.97     7.07
 20140221.050000    -3.69    -2.21   123.61     0.90     0.17     4.97     7.05
 20140221.060000    -3.75    -2.11   123.22     0.91     0.17     4.99     7.03
 20140221.070000    -3.81    -2.00   123.06     0.92     0.17     5.01     7.02
 20140221.080000    -3.86    -1.90   123.07     0.92     0.17     5.03     7.03
 20140221.090000    -4.08    -1.34   123.22     0.93     0.17     5.04     7.05
 20140221.100000    -4.23    -0.73   123.60     0.93     0.17     5.05     7.07
 20140221.110000    -4.29    -0.07   124.13     0.94     0.17     5.06     7.09
 20140221.120000    -4.24     0.62   124.74     0.94     0.17     5.06     7.10
 20140221.130000    -4.07     1.31   125.60     0.94     0.17     5.06     7.10
 20140221.140000    -3.80     1.97   126.89     0.94     0.16     5.05     7.08
 20140221.150000    -4.14     1.89   128.15     0.94     0.16     5.02     7.02
 20140221.160000    -4.48     1.80   129.20     0.94     0.16     4.98     6.91
 20140221.170000    -4.81     1.71   130.08     0.94     0.17     4.93     6.58
 20140221.180000    -5.13     1.61   130.90     0.95     0.17     4.88     5.79
 20140221.190000    -5.45     1.52   131.63     0.96     0.17     4.83     5.43
 20140221.200000    -5.76     1.42   131.93     0.98     0.18     4.77     5.26
 20140221.210000    -5.67     1.02   132.35     0.99     0.18     4.72     5.19
 20140221.220000    -5.55     0.61   133.02     1.00     0.18     4.71     5.17
 20140221.230000    -5.40     0.19   133.63     1.00     0.18     4.71     5.17
 20140222.000000    -5.23    -0.24   134.28     1.00     0.18     4.71     5.17
 20140222.010000    -5.01    -0.66   134.98     0.99     0.18     4.71     5.16
 20140222.020000    -4.76    -1.08   135.70     0.99     0.18     4.71     5.16
 20140222.030000    -4.92    -0.79   136.29     0.99     0.18     4.70     5.16
 20140222.040000    -5.07    -0.50   136.80     0.99     0.17     4.69     5.14
 20140222.050000    -5.19    -0.20   137.27     1.00     0.17     4.68     5.13
 20140222.060000    -5.30     0.10   137.67     1.00     0.16     4.68     5.12
 20140222.070000    -5.39     0.40   138.01     1.01     0.16     4.68     5.12
 20140222.080000    -5.46     0.70   138.30     1.02     0.16     4.69     5.13
 20140222.090000    -5.28     0.75   138.71     1.02     0.15     4.71     5.16
 20140222.100000    -5.09     0.81   139.12     1.02     0.15     4.73     5.19
 20140222.110000    -4.90     0.86   139.53     1.02     0.15     4.74     5.24
 20140222.120000    -4.71     0.91   139.96     1.02     0.14     4.75     5.28
 20140222.130000    -4.52     0.97   140.43     1.02     0.14     4.76     5.31
 20140222.140000    -4.33     1.02   140.93     1.01     0.14     4.77     5.33
 20140222.150000    -4.30     1.07   141.37     1.01     0.13     4.76     5.35
 20140222.160000    -4.28     1.11   141.76     1.00     0.13     4.75     5.37
 20140222.170000    -4.25     1.16   142.14     1.00     0.12     4.73     5.37
 20140222.180000    -4.22     1.21   142.51     0.99     0.12     4.72     5.37
 20140222.190000    -4.19     1.26   142.87     0.99     0.11     4.69     5.37
 20140222.200000    -4.16     1.30   143.22     0.98     0.11     4.67     5.35
 20140222.210000    -4.40     1.14   143.47     0.98     0.11     4.65     5.33
 20140222.220000    -4.63     0.98   143.62     0.97     0.10     4.62     5.29
 20140222.230000    -4.85     0.81   143.67     0.97     0.10     4.58     5.22
 20140223.000000    -5.07     0.64   143.59     0.97     0.09     4.55     5.15
 20140223.010000    -5.27     0.48   143.37     0.97     0.09     4.52     5.10
 20140223.020000    -5.47     0.31   142.97     0.97     0.09     4.50     5.07
 20140223.030000    -5.54     0.37   142.57     0.97     0.08     4.48     5.08
 20140223.040000    -5.61     0.44   142.15     0.97     0.08     4.46     5.12
 20140223.050000    -5.68     0.51   141.68     0.97     0.07     4.45     5.18
 20140223.060000    -5.75     0.57   141.18     0.97     0.07     4.44     5.25
 20140223.070000    -5.82     0.64   140.66     0.97     0.07     4.43     5.30
 20140223.080000    -5.89     0.70   140.12     0.97     0.06     4.42     5.34
 20140223.090000    -5.82     0.73   139.68     0.97     0.06     4.41     5.39
 20140223.100000    -5.76     0.75   139.27     0.96     0.06     4.41     5.43
 20140223.110000    -5.69     0.77   138.86     0.96     0.06     4.40     5.48
 20140223.120000    -5.62     0.80   138.45     0.95     0.05     4.40     5.53
 20140223.130000    -5.55     0.82   138.05     0.95     0.05     4.39     5.58
 20140223.140000    -5.49     0.84   137.69     0.94     0.05     4.38     5.63
 20140223.150000    -5.72     0.83   137.13     0.94     0.05     4.37     5.68
 20140223.160000    -5.95     0.82   136.50     0.94     0.05     4.36     5.71
 20140223.170000    -6.18     0.81   135.78     0.94     0.04     4.34     5.68
 20140223.180000    -6.42     0.80   134.97     0.95     0.04     4.34     5.59
 20140223.190000    -6.65     0.79   134.01     0.96     0.04     4.33     5.51
 20140223.200000    -6.88     0.78   132.89     0.98     0.04     4.33     5.45
 20140223.210000    -6.70     0.65   131.99     0.99     0.04     4.35     5.44
 20140223.220000    -6.52     0.52   131.28     1.00     0.04     4.37     5.48
 20140223.230000    -6.34     0.39   130.68     1.00     0.04     4.38     5.53
 20140224.000000    -6.16     0.25   130.21     0.99     0.04     4.39     5.56
 20140224.010000    -5.97     0.12   129.86     0.98     0.05     4.39     5.59
 20140224.020000    -5.78    -0.01   129.64     0.98     0.05     4.38     5.60
 20140224.030000    -5.72    -0.23   129.41     0.97     0.05     4.37     5.60
 20140224.040000    -5.65    -0.45   129.18     0.96     0.06     4.35     5.60
 20140224.050000    -5.57    -0.67   128.98     0.95     0.06     4.34     5.59
 20140224.060000    -5.48    -0.89   128.78     0.95     0.06     4.33     5.57
 20140224.070000    -5.38    -1.10   128.60     0.94     0.07     4.31     5.56
 20140224.080000    -5.27    -1.32   128.46     0.93     0.07     4.30     5.54
 20140224.090000    -5.42    -0.61   128.53     0.93     0.07     4.28     5.52
 20140224.100000    -5.47     0.15   128.91     0.92     0.07     4.26     5.48
 20140224.110000    -5.40     0.94   129.55     0.92     0.08     4.25     5.43
 20140224.120000    -5.22     1.74   130.41     0.91     0.07     4.23     5.36
 20140224.130000    -4.91     2.51   131.52     0.90     0.07     4.21     5.28
 20140224.140000    -4.49     3.23   132.94     0.90     0.07     4.19     5.13
 20140224.150000    -4.58     3.09   134.39     0.89     0.07     4.18     4.98
 20140224.160000    -4.67     2.95   135.67     0.88     0.07     4.15     4.85
 20140224.170000    -4.76     2.81   136.73     0.88     0.06     4.13     4.73
 20140224.180000    -4.84     2.66   137.55     0.88     0.06     4.11     4.66
 20140224.190000    -4.91     2.51   138.16     0.87     0.06     4.09     4.62
 20140224.200000    -4.99     2.36   138.60     0.87     0.06     4.07     4.59
 20140224.210000    -5.04     2.20   138.88     0.87     0.05     4.05     4.57
 20140224.220000    -5.09     2.03   139.06     0.86     0.05     4.04     4.55
 20140224.230000    -5.14     1.86   139.13     0.86     0.05     4.02     4.53
 20140225.000000    -5.18     1.69   139.14     0.86     0.05     4.00     4.52
 20140225.010000    -5.22     1.52   139.10     0.85     0.05     3.99     4.50
 20140225.020000    -5.25     1.35   139.04     0.85     0.05     3.98     4.49
 20140225.030000    -5.19     1.24   139.01     0.84     0.05     3.97     4.49
 20140225.040000    -5.14     1.14   139.00     0.84     0.06     3.96     4.48
 20140225.050000    -5.09     1.03   139.04     0.84     0.06     3.95     4.48
 20140225.060000    -5.03     0.93   139.15     0.84     0.06     3.95     4.48
 20140225.070000    -4.97     0.82   139.33     0.83     0.06     3.94     4.47
 20140225.080000    -4.91     0.71   139.60     0.83     0.06     3.94     4.47
 20140225.090000    -4.87     1.27   139.98     0.83     0.06     3.93     4.47
 20140225.100000    -4.75     1.83   140.52     0.83     0.06     3.92     4.46
 20140225.110000    -4.58     2.37   141.20     0.83     0.06     3.90     4.46
 20140225.120000    -4.34     2.90   142.08     0.83     0.05     3.89     4.45
 20140225.130000    -4.05     3.40   143.12     0.82     0.05     3.88     4.44
 20140225.140000    -3.71     3.86   144.84     0.82     0.05     3.88     4.43
 20140225.150000    -3.86     3.53   146.74     0.81     0.05     3.88     4.42
 20140225.160000    -3.99     3.19   148.07     0.80     0.04     3.87     4.41
 20140225.170000    -4.10     2.83   148.95     0.80     0.04     3.85     4.40
 20140225.180000    -4.20     2.45   149.53     0.79     0.04     3.83     4.39
 20140225.190000    -4.27     2.05   149.90     0.78     0.04     3.81     4.38
 20140225.200000    -4.32     1.64   150.12     0.78     0.04     3.79     4.38
 20140225.210000    -4.27     1.50   150.23     0.77     0.03     3.76     4.37
 20140225.220000    -4.23     1.35   150.28     0.76     0.03     3.74     4.36
 20140225.230000    -4.18     1.20   150.29     0.75     0.03     3.71     4.35
 20140226.000000    -4.13     1.05   150.30     0.74     0.03     3.68     4.34
 20140226.010000    -4.07     0.90   150.36     0.73     0.03     3.66     4.32
 20140226.020000    -4.01     0.75   150.55     0.72     0.02     3.63     4.30
 20140226.030000    -3.95     0.57   150.89     0.71     0.02     3.61     4.28
 20140226.040000    -3.88     0.38   151.21     0.70     0.02     3.58     4.26
 20140226.050000    -3.81     0.20   151.59     0.69     0.02     3.57     4.24
 20140226.060000    -3.72     0.01   152.13     0.67     0.02     3.56     4.22
 20140226.070000    -3.63    -0.17   153.09     0.65     0.02     3.58     4.21
 20140226.080000    -3.53    -0.36   153.47     0.63     0.02     3.60     4.20
 20140226.090000    -3.46     0.11   153.66     0.62     0.01     3.59     4.19
 20140226.100000    -3.32     0.62   153.92     0.61     0.01     3.58     4.18
 20140226.110000    -3.10     1.13   154.53     0.60     0.01     3.57     4.17
 20140226.120000    -2.76     1.65   155.93     0.58     0.01     3.58     4.16
 20140226.130000    -2.31     2.12   157.13     0.57     0.01     3.59     4.15
 20140226.140000    -1.75     2.50   158.03     0.56     0.01     3.59     4.14
 20140226.150000    -1.98     2.40   158.60     0.56     0.01     3.59     4.14
 20140226.160000    -2.20     2.28   158.83     0.55     0.01     3.57     4.14
 20140226.170000    -2.41     2.14   158.79     0.55     0.01     3.56     4.13
 20140226.180000    -2.60     2.00   158.50     0.55     0.01     3.54     4.12
 20140226.190000    -2.78     1.84   157.98     0.54     0.01     3.53     4.12
 20140226.200000    -2.95     1.67   157.24     0.54     0.01     3.51     4.11
 20140226.210000    -3.05     1.28   156.43     0.54     0.01     3.50     4.11
 20140226.220000    -3.11     0.84   155.56     0.54     0.01     3.50     4.11
 20140226.230000    -3.11     0.37   154.66     0.53     0.01     3.49     4.11
 20140227.000000    -3.05    -0.12   153.81     0.53     0.01     3.48     4.11
 20140227.010000    -2.90    -0.63   152.99     0.52     0.01     3.48     4.12
 20140227.020000    -2.65    -1.12   152.22     0.51     0.01     3.47     4.12
 20140227.030000    -2.82    -1.08   151.20     0.50     0.01     3.47     4.12
 20140227.040000    -2.98    -1.04   149.93     0.50     0.01     3.47     4.12
 20140227.050000    -3.14    -0.99   148.60     0.49     0.01     3.45     4.12
 20140227.060000    -3.30    -0.95   147.27     0.48     0.01     3.42     4.11
 20140227.070000    -3.46    -0.91   145.94     0.48     0.01     3.40     4.10
 20140227.080000    -3.62    -0.86   144.55     0.48     0.01     3.37     4.09
 20140227.090000    -4.10    -0.02   142.34     0.48     0.00     3.32     4.07
 20140227.100000    -4.39     0.90   140.01     0.50     0.00     3.25     4.05
 20140227.110000    -4.50     1.84   138.07     0.52     0.00     3.16     4.00
 20140227.120000    -4.45     2.76   137.58     0.55     0.00     3.11     3.92
 20140227.130000    -4.30     3.62   138.06     0.58     0.00     3.12     3.83
 20140227.140000    -4.05     4.42   139.26     0.62     0.00     3.16     3.78
 20140227.150000    -4.11     4.02   139.74     0.64     0.00     3.22     3.83
 20140227.160000    -4.15     3.59   139.85     0.64     0.00     3.26     3.91
 20140227.170000    -4.18     3.16   139.86     0.64     0.00     3.28     3.97
 20140227.180000    -4.19     2.70   139.75     0.63     0.00     3.28     4.02
 20140227.190000    -4.18     2.23   139.61     0.62     0.00     3.26     4.04
 20140227.200000    -4.14     1.74   139.38     0.60     0.00     3.26     4.04
 20140227.210000    -4.08     1.43   138.99     0.58     0.00     3.23     4.03
 20140227.220000    -4.00     1.12   138.82     0.56     0.00     3.19     4.00
 20140227.230000    -3.91     0.80   138.69     0.54     0.00     3.15     3.96
 20140228.000000    -3.80     0.48   138.51     0.53     0.00     3.10     3.92
 20140228.010000    -3.67     0.15   138.01     0.51     0.00     3.08     3.87
 20140228.020000    -3.50    -0.19   137.69     0.48     0.00     3.08     3.83
 20140228.030000    -3.71    -0.06   137.09     0.46     0.00     3.06     3.79
 20140228.040000    -3.92     0.07   135.99     0.45     0.00     3.02     3.75
 20140228.050000    -4.12     0.20   134.86     0.45     0.00     2.98     3.70
 20140228.060000    -4.32     0.33   133.81     0.44     0.00     2.95     3.65
 20140228.070000    -4.52     0.46   132.85     0.45     0.00     2.93     3.60
 20140228.080000    -4.71     0.59   131.99     0.45     0.00     2.92     3.56
 20140228.090000    -4.66     1.18   131.91     0.46     0.00     2.91     3.55
 20140228.100000    -4.54     1.77   132.71     0.47     0.00     2.92     3.56
 20140228.110000    -4.33     2.36   133.99     0.47     0.00     2.93     3.57
 20140228.120000    -4.05     2.92   135.78     0.48     0.00     2.93     3.58
 20140228.130000    -3.70     3.44   137.98     0.49     0.00     2.93     3.58
 20140228.140000    -3.29     3.91   140.73     0.49     0.00     2.93     3.58
 20140228.150000    -3.53     3.50   142.88     0.50     0.00     2.93     3.59
 20140228.160000    -3.75     3.05   144.40     0.50     0.00     2.94     3.59
 20140228.170000    -3.94     2.56   145.45     0.50     0.00     2.94     3.61
 20140228.180000    -4.09     2.03   146.15     0.49     0.00     2.95     3.62
 20140228.190000    -4.17     1.46   146.57     0.49     0.00     2.96     3.64
 20140228.200000    -4.20     0.87   146.86     0.49     0.00     2.96     3.66
 20140228.210000    -4.25     0.75   146.77     0.48     0.00     2.97     3.67
 20140228.220000    -4.30     0.64   146.24     0.48     0.00     2.98     3.69
 20140228.230000    -4.34     0.52   146.03     0.48     0.00     2.99     3.70
 20140301.000000    -4.39     0.41   146.08     0.48     0.00     3.00     3.72
 20140301.010000    -4.42     0.29   146.34     0.49     0.00     3.01     3.73
 20140301.020000    -4.46     0.17   146.88     0.49     0.00     3.04     3.76
 20140301.030000    -4.37     0.28   148.10     0.50     0.00     3.08     3.78
 20140301.040000    -4.28     0.38   149.95     0.51     0.00     3.13     3.82
 20140301.050000    -4.18     0.49   152.31     0.52     0.00     3.19     3.88
 20140301.060000    -4.08     0.59   155.08     0.53     0.00     3.26     3.95
 20140301.070000    -3.98     0.69   158.10     0.54     0.00     3.34     4.03
 20140301.080000    -3.87     0.79   161.17     0.56     0.00     3.43     4.11
