  Time              windx     windy     DIR    HS      HSWEll     TMM10     TPS
 20140701.080000    -3.18    -0.23   157.02     0.86     0.06     5.49     6.32
 20140701.090000    -2.87    -0.01   156.93     0.90     0.06     5.55     6.39
 20140701.100000    -2.54     0.24   157.02     0.92     0.06     5.63     6.46
 20140701.110000    -2.17     0.55   157.12     0.94     0.07     5.71     6.52
 20140701.120000    -1.68     0.93   157.23     0.95     0.07     5.79     6.57
 20140701.130000    -0.86     1.36   157.31     0.95     0.07     5.84     6.61
 20140701.140000     0.59     1.15   157.32     0.95     0.07     5.88     6.64
 20140701.150000     0.22     1.47   157.37     0.94     0.07     5.90     6.66
 20140701.160000    -0.26     1.65   157.53     0.93     0.07     5.91     6.68
 20140701.170000    -0.79     1.69   157.89     0.92     0.07     5.90     6.68
 20140701.180000    -1.31     1.59   158.54     0.91     0.07     5.87     6.69
 20140701.190000    -1.77     1.39   159.49     0.91     0.06     5.83     6.69
 20140701.200000    -2.16     1.12   160.66     0.90     0.06     5.77     6.68
 20140701.210000    -2.19     1.46   161.97     0.90     0.06     5.71     6.68
 20140701.220000    -2.20     1.78   163.28     0.89     0.06     5.64     6.67
 20140701.230000    -2.18     2.10   164.45     0.89     0.05     5.57     6.66
 20140702.000000    -2.15     2.40   165.42     0.88     0.05     5.48     6.64
 20140702.010000    -2.11     2.69   166.17     0.88     0.05     5.37     6.62
 20140702.020000    -2.06     2.97   166.73     0.88     0.04     5.25     6.59
 20140702.030000    -1.96     2.73   167.16     0.87     0.04     5.14     6.55
 20140702.040000    -1.87     2.49   167.47     0.87     0.04     5.05     6.50
 20140702.050000    -1.77     2.26   167.67     0.86     0.03     4.98     6.43
 20140702.060000    -1.68     2.02   167.84     0.85     0.03     4.92     6.35
 20140702.070000    -1.58     1.77   168.03     0.83     0.03     4.87     6.18
 20140702.080000    -1.48     1.53   168.26     0.82     0.02     4.82     6.03
 20140702.090000    -1.39     1.80   168.54     0.80     0.02     4.78     5.91
 20140702.100000    -1.29     2.06   168.83     0.78     0.02     4.74     5.82
 20140702.110000    -1.18     2.30   169.13     0.77     0.02     4.70     5.74
 20140702.120000    -1.06     2.53   169.46     0.75     0.01     4.66     5.59
 20140702.130000    -0.93     2.74   169.84     0.74     0.01     4.62     5.52
 20140702.140000    -0.79     2.95   170.24     0.73     0.01     4.57     5.47
 20140702.150000    -1.08     2.77   170.65     0.72     0.01     4.54     5.44
 20140702.160000    -1.36     2.56   171.05     0.71     0.01     4.50     5.41
 20140702.170000    -1.63     2.30   171.41     0.70     0.01     4.47     5.39
 20140702.180000    -1.89     1.99   171.69     0.70     0.01     4.44     5.37
 20140702.190000    -2.11     1.64   171.85     0.69     0.01     4.41     5.35
 20140702.200000    -2.28     1.24   171.88     0.68     0.01     4.38     5.33
 20140702.210000    -2.26     1.51   171.68     0.67     0.01     4.35     5.32
 20140702.220000    -2.23     1.77   171.24     0.65     0.01     4.32     5.30
 20140702.230000    -2.18     2.02   170.60     0.64     0.01     4.29     5.29
 20140703.000000    -2.11     2.27   169.79     0.63     0.00     4.25     5.28
 20140703.010000    -2.04     2.50   168.89     0.63     0.00     4.21     5.27
 20140703.020000    -1.96     2.72   168.01     0.62     0.00     4.17     5.26
 20140703.030000    -1.91     2.54   167.27     0.61     0.00     4.13     5.24
 20140703.040000    -1.86     2.36   166.68     0.61     0.00     4.10     5.16
 20140703.050000    -1.81     2.18   166.19     0.60     0.00     4.08     5.07
 20140703.060000    -1.75     1.99   165.81     0.59     0.00     4.05     4.96
 20140703.070000    -1.70     1.81   165.55     0.59     0.00     4.03     4.86
 20140703.080000    -1.64     1.62   165.40     0.58     0.00     4.02     4.79
 20140703.090000    -1.52     1.89   165.34     0.58     0.00     4.00     4.71
 20140703.100000    -1.36     2.15   165.38     0.58     0.00     3.98     4.66
 20140703.110000    -1.19     2.38   165.53     0.57     0.00     3.96     4.64
 20140703.120000    -1.01     2.60   165.78     0.57     0.00     3.94     4.62
 20140703.130000    -0.82     2.79   166.12     0.57     0.00     3.92     4.61
 20140703.140000    -0.62     2.96   166.51     0.56     0.00     3.90     4.60
 20140703.150000    -0.94     2.84   166.89     0.56     0.00     3.87     4.59
 20140703.160000    -1.26     2.67   167.24     0.56     0.00     3.85     4.58
 20140703.170000    -1.58     2.45   167.53     0.55     0.00     3.83     4.57
 20140703.180000    -1.87     2.19   167.75     0.55     0.00     3.80     4.55
 20140703.190000    -2.14     1.88   167.88     0.54     0.00     3.78     4.54
 20140703.200000    -2.36     1.52   167.87     0.53     0.00     3.75     4.52
 20140703.210000    -2.28     1.82   167.69     0.52     0.00     3.71     4.51
 20140703.220000    -2.18     2.10   167.33     0.52     0.00     3.68     4.49
 20140703.230000    -2.05     2.37   166.82     0.51     0.00     3.64     4.47
 20140704.000000    -1.90     2.63   166.24     0.50     0.00     3.60     4.44
 20140704.010000    -1.74     2.87   165.69     0.50     0.00     3.56     4.41
 20140704.020000    -1.57     3.09   165.28     0.50     0.00     3.52     4.36
 20140704.030000    -1.65     2.79   165.05     0.50     0.00     3.50     4.25
 20140704.040000    -1.73     2.48   164.90     0.50     0.00     3.50     4.15
 20140704.050000    -1.81     2.16   164.80     0.50     0.00     3.51     4.10
 20140704.060000    -1.87     1.81   164.74     0.50     0.00     3.53     4.09
 20140704.070000    -1.90     1.43   164.73     0.50     0.00     3.56     4.10
 20140704.080000    -1.91     1.03   164.88     0.50     0.00     3.61     4.13
 20140704.090000    -1.88     1.37   165.05     0.50     0.00     3.66     4.18
 20140704.100000    -1.82     1.69   165.06     0.50     0.00     3.70     4.22
 20140704.110000    -1.73     2.00   165.08     0.50     0.00     3.73     4.26
 20140704.120000    -1.62     2.29   165.16     0.51     0.00     3.74     4.30
 20140704.130000    -1.49     2.56   165.34     0.51     0.00     3.74     4.32
 20140704.140000    -1.36     2.82   165.60     0.51     0.00     3.74     4.34
 20140704.150000    -1.75     2.74   165.78     0.52     0.00     3.72     4.35
 20140704.160000    -2.13     2.62   165.76     0.52     0.00     3.69     4.36
 20140704.170000    -2.48     2.46   165.57     0.52     0.00     3.66     4.36
 20140704.180000    -2.82     2.27   165.02     0.52     0.00     3.62     4.35
 20140704.190000    -3.12     2.06   164.22     0.52     0.00     3.58     4.32
 20140704.200000    -3.41     1.82   163.08     0.53     0.00     3.54     4.29
 20140704.210000    -3.19     2.07   162.05     0.53     0.00     3.52     4.24
 20140704.220000    -2.95     2.31   161.14     0.52     0.00     3.51     4.20
 20140704.230000    -2.68     2.54   160.44     0.52     0.00     3.50     4.17
 20140705.000000    -2.38     2.74   160.12     0.52     0.00     3.51     4.16
 20140705.010000    -2.06     2.92   160.25     0.53     0.00     3.52     4.16
 20140705.020000    -1.71     3.07   160.79     0.53     0.00     3.53     4.17
 20140705.030000    -1.72     2.82   161.56     0.53     0.00     3.56     4.18
 20140705.040000    -1.72     2.55   162.41     0.54     0.00     3.59     4.20
 20140705.050000    -1.72     2.28   163.26     0.54     0.01     3.62     4.23
 20140705.060000    -1.71     2.01   164.06     0.54     0.01     3.64     4.25
 20140705.070000    -1.70     1.72   164.76     0.54     0.01     3.67     4.26
 20140705.080000    -1.67     1.42   165.74     0.54     0.01     3.71     4.27
 20140705.090000    -1.43     1.52   166.78     0.53     0.01     3.76     4.28
 20140705.100000    -1.15     1.60   167.46     0.52     0.01     3.81     4.28
 20140705.110000    -0.83     1.65   167.88     0.51     0.01     3.84     4.28
 20140705.120000    -0.47     1.67   168.20     0.50     0.01     3.87     4.28
 20140705.130000    -0.07     1.62   168.33     0.50     0.01     3.90     4.29
 20140705.140000     0.34     1.46   168.42     0.49     0.01     3.92     4.29
 20140705.150000    -0.16     1.98   168.52     0.48     0.01     3.94     4.29
 20140705.160000    -0.69     2.37   168.63     0.48     0.01     3.93     4.30
 20140705.170000    -1.22     2.70   168.54     0.48     0.01     3.87     4.31
 20140705.180000    -1.73     2.98   168.26     0.49     0.01     3.78     4.32
 20140705.190000    -2.24     3.24   167.10     0.51     0.01     3.64     4.33
 20140705.200000    -2.73     3.48   165.66     0.54     0.01     3.45     4.29
 20140705.210000    -2.38     3.40   164.94     0.57     0.01     3.40     4.14
 20140705.220000    -2.02     3.32   164.90     0.58     0.01     3.43     4.04
 20140705.230000    -1.64     3.23   164.76     0.58     0.01     3.47     4.01
 20140706.000000    -1.26     3.11   164.77     0.58     0.01     3.52     4.03
 20140706.010000    -0.86     2.97   164.60     0.58     0.01     3.57     4.07
 20140706.020000    -0.44     2.79   164.59     0.58     0.01     3.62     4.13
 20140706.030000    -0.57     2.56   164.40     0.58     0.01     3.69     4.18
 20140706.040000    -0.73     2.32   163.96     0.57     0.01     3.73     4.23
 20140706.050000    -0.97     2.01   163.52     0.57     0.01     3.77     4.28
 20140706.060000    -1.33     1.54   163.08     0.57     0.01     3.81     4.33
 20140706.070000    -1.78     0.45   162.52     0.56     0.01     3.90     4.38
 20140706.080000    -0.60    -1.53   162.06     0.55     0.01     3.98     4.43
 20140706.090000    -0.59    -1.85   161.70     0.54     0.01     4.05     4.47
 20140706.100000    -0.47    -2.19   161.41     0.53     0.01     4.08     4.50
 20140706.110000    -0.11    -2.54   160.78     0.53     0.01     4.02     4.53
 20140706.120000     0.80    -2.73   160.86     0.53     0.01     4.01     4.55
 20140706.130000     2.76    -1.51   162.55     0.52     0.01     4.04     4.58
 20140706.140000     1.72     2.99   165.75     0.52     0.01     3.97     4.60
 20140706.150000     1.65     2.72   168.16     0.53     0.02     3.93     4.63
 20140706.160000     1.59     2.45   170.12     0.54     0.02     3.95     4.66
 20140706.170000     1.52     2.17   171.77     0.54     0.02     3.99     4.69
 20140706.180000     1.45     1.90   173.12     0.55     0.02     4.04     4.75
 20140706.190000     1.37     1.61   173.85     0.55     0.02     4.13     4.80
 20140706.200000     1.30     1.33   174.30     0.55     0.02     4.24     4.87
 20140706.210000     1.06     1.49   174.49     0.55     0.02     4.34     4.95
 20140706.220000     0.72     1.66   174.50     0.55     0.02     4.44     5.05
 20140706.230000     0.23     1.77   174.36     0.56     0.02     4.52     5.17
 20140707.000000    -0.43     1.71   174.11     0.56     0.02     4.59     5.30
 20140707.010000    -1.15     1.30   173.80     0.56     0.02     4.66     5.41
 20140707.020000    -1.64     0.48   173.48     0.56     0.02     4.72     5.53
 20140707.030000    -1.47     0.58   173.20     0.56     0.03     4.76     5.64
 20140707.040000    -1.27     0.70   172.99     0.56     0.03     4.81     5.75
 20140707.050000    -1.01     0.85   172.87     0.56     0.03     4.84     5.83
 20140707.060000    -0.64     1.00   172.91     0.55     0.04     4.86     5.87
 20140707.070000    -0.05     1.05   173.20     0.55     0.04     4.88     5.89
 20140707.080000     0.67     0.64   173.83     0.55     0.05     4.88     5.90
 20140707.090000     1.27     0.62   174.90     0.56     0.05     4.88     5.90
 20140707.100000     1.83     0.55   176.60     0.56     0.05     4.87     5.89
 20140707.110000     2.36     0.48   179.35     0.57     0.06     4.82     5.85
 20140707.120000     2.87     0.39   183.57     0.59     0.06     4.73     5.77
 20140707.130000     3.38     0.31   188.90     0.62     0.06     4.63     5.31
 20140707.140000     3.88     0.23   195.05     0.64     0.07     4.52     5.04
 20140707.150000     3.36     0.09   199.54     0.67     0.07     4.48     4.89
 20140707.160000     2.84    -0.04   202.56     0.68     0.07     4.49     4.77
 20140707.170000     2.30    -0.18   204.36     0.68     0.07     4.52     4.62
 20140707.180000     1.76    -0.33   204.87     0.68     0.07     4.59     4.57
 20140707.190000     1.17    -0.48   204.69     0.67     0.06     4.64     4.55
 20140707.200000     0.45    -0.59   203.99     0.66     0.06     4.69     4.52
 20140707.210000     0.97    -0.38   202.57     0.65     0.06     4.72     4.50
 20140707.220000     1.35     0.11   200.49     0.63     0.05     4.75     4.46
 20140707.230000     1.50     0.71   197.90     0.62     0.05     4.78     4.41
 20140708.000000     1.48     1.29   195.00     0.60     0.05     4.79     4.33
 20140708.010000     1.36     1.81   192.03     0.59     0.04     4.78     4.29
 20140708.020000     1.20     2.28   189.31     0.58     0.04     4.71     4.26
 20140708.030000     1.20     2.19   187.03     0.58     0.04     4.63     6.03
 20140708.040000     1.20     2.09   185.44     0.58     0.04     4.54     6.08
 20140708.050000     1.20     2.00   184.62     0.59     0.04     4.45     6.09
 20140708.060000     1.20     1.90   184.31     0.60     0.04     4.38     3.90
 20140708.070000     1.20     1.81   184.18     0.61     0.04     4.34     3.89
 20140708.080000     1.20     1.71   184.14     0.61     0.04     4.32     3.93
 20140708.090000     1.68     1.60   184.24     0.62     0.05     4.31     4.00
 20140708.100000     2.12     1.43   184.63     0.62     0.05     4.30     4.09
 20140708.110000     2.51     1.20   185.45     0.63     0.05     4.29     4.15
 20140708.120000     2.86     0.95   186.76     0.63     0.06     4.28     4.20
 20140708.130000     3.18     0.67   188.44     0.64     0.06     4.26     4.23
 20140708.140000     3.46     0.39   190.45     0.64     0.06     4.24     4.24
 20140708.150000     3.05     0.55   191.88     0.64     0.07     4.25     4.24
 20140708.160000     2.62     0.72   192.75     0.64     0.07     4.28     4.23
 20140708.170000     2.15     0.91   193.25     0.64     0.08     4.32     4.22
 20140708.180000     1.61     1.11   193.31     0.64     0.08     4.37     4.20
 20140708.190000     0.93     1.28   192.87     0.63     0.08     4.43     4.18
 20140708.200000     0.00     1.20   192.02     0.63     0.09     4.51     4.16
 20140708.210000     0.32     1.91   190.67     0.62     0.09     4.59     4.13
 20140708.220000     0.65     2.59   189.07     0.62     0.09     4.64     4.11
 20140708.230000     0.98     3.26   187.46     0.62     0.09     4.62     4.08
 20140709.000000     1.30     3.93   186.24     0.65     0.09     4.45     4.02
 20140709.010000     1.62     4.60   186.16     0.70     0.08     4.19     3.91
 20140709.020000     1.95     5.27   186.23     0.79     0.08     4.05     3.90
 20140709.030000     1.70     4.45   185.46     0.86     0.07     4.12     4.18
 20140709.040000     1.45     3.64   185.16     0.91     0.07     4.29     4.59
 20140709.050000     1.20     2.82   185.58     0.95     0.06     4.48     4.91
 20140709.060000     0.96     2.00   186.45     0.97     0.06     4.66     5.11
 20140709.070000     0.71     1.17   187.43     0.97     0.06     4.79     5.21
 20140709.080000     0.43     0.28   188.23     0.96     0.06     4.88     5.31
 20140709.090000     0.85     0.45   188.56     0.94     0.06     4.93     5.35
 20140709.100000     1.27     0.61   188.40     0.91     0.07     4.93     5.34
 20140709.110000     1.69     0.77   187.85     0.87     0.07     4.91     5.30
 20140709.120000     2.11     0.93   187.06     0.84     0.08     4.88     5.21
 20140709.130000     2.53     1.10   186.23     0.81     0.09     4.86     5.13
 20140709.140000     2.95     1.26   185.59     0.79     0.10     4.85     5.05
 20140709.150000     2.55     1.21   184.75     0.79     0.11     4.88     4.98
 20140709.160000     2.13     1.17   183.69     0.79     0.12     4.96     4.91
 20140709.170000     1.68     1.14   182.53     0.79     0.13     5.07     4.84
 20140709.180000     1.17     1.15   181.37     0.81     0.15     5.20     4.75
 20140709.190000     0.44     1.17   180.27     0.82     0.15     5.32     4.69
 20140709.200000    -0.77     0.38   179.32     0.84     0.16     5.43     4.64
 20140709.210000    -0.83     0.63   178.50     0.86     0.17     5.52     8.44
 20140709.220000    -0.86     0.87   177.77     0.87     0.17     5.60     8.27
 20140709.230000    -0.88     1.10   177.08     0.88     0.17     5.66     8.14
 20140710.000000    -0.89     1.32   176.43     0.88     0.17     5.70     8.04
 20140710.010000    -0.90     1.53   175.84     0.88     0.16     5.73     7.97
 20140710.020000    -0.90     1.74   175.35     0.87     0.16     5.73     7.90
 20140710.030000    -1.00     1.53   175.03     0.86     0.15     5.71     7.84
 20140710.040000    -1.12     1.27   174.94     0.85     0.15     5.67     7.79
 20140710.050000    -1.26     0.93   175.11     0.84     0.14     5.61     7.73
 20140710.060000    -1.37     0.45   175.49     0.84     0.14     5.54     7.69
 20140710.070000    -1.28    -0.26   175.96     0.83     0.13     5.47     7.63
 20140710.080000    -0.66    -0.97   176.42     0.83     0.12     5.40     7.46
 20140710.090000    -0.36    -1.59   176.79     0.82     0.12     5.34     7.18
 20140710.100000     0.48    -2.02   177.02     0.81     0.12     5.29     6.82
 20140710.110000     1.68    -1.89   177.18     0.80     0.12     5.24     5.04
 20140710.120000     2.78    -1.06   177.46     0.80     0.12     5.20     5.01
 20140710.130000     3.43     0.17   178.06     0.79     0.12     5.16     5.00
 20140710.140000     3.60     1.46   179.11     0.80     0.13     5.11     4.98
 20140710.150000     3.05     1.35   179.77     0.81     0.14     5.10     4.94
 20140710.160000     2.50     1.23   180.01     0.82     0.15     5.14     4.88
 20140710.170000     1.94     1.11   180.05     0.83     0.16     5.21     4.80
 20140710.180000     1.35     1.00   179.78     0.84     0.17     5.31     8.98
 20140710.190000     0.71     0.88   179.41     0.85     0.17     5.42     9.01
 20140710.200000    -0.12     0.57   178.85     0.86     0.18     5.53     8.93
 20140710.210000    -0.12     0.97   178.26     0.86     0.18     5.62     8.82
 20140710.220000    -0.12     1.37   177.67     0.87     0.19     5.69     8.70
 20140710.230000    -0.12     1.76   177.12     0.87     0.19     5.74     8.59
 20140711.000000    -0.13     2.16   176.64     0.87     0.18     5.77     8.48
 20140711.010000    -0.13     2.55   176.29     0.87     0.18     5.78     8.33
 20140711.020000    -0.13     2.94   176.17     0.87     0.17     5.74     8.13
 20140711.030000    -0.12     2.66   176.38     0.87     0.17     5.67     7.98
 20140711.040000    -0.10     2.38   176.92     0.87     0.16     5.59     7.86
 20140711.050000    -0.09     2.09   177.65     0.87     0.16     5.51     7.76
 20140711.060000    -0.07     1.81   178.44     0.86     0.15     5.43     7.66
 20140711.070000    -0.06     1.52   179.26     0.86     0.14     5.35     7.42
 20140711.080000    -0.04     1.24   180.11     0.85     0.14     5.28     7.19
 20140711.090000     0.03     1.43   181.03     0.84     0.13     5.21     4.86
 20140711.100000     0.09     1.62   181.98     0.83     0.12     5.14     4.88
 20140711.110000     0.16     1.80   182.96     0.81     0.12     5.08     4.88
 20140711.120000     0.23     1.99   183.93     0.80     0.11     5.01     4.87
 20140711.130000     0.29     2.17   184.86     0.78     0.10     4.95     4.84
 20140711.140000     0.36     2.35   185.71     0.76     0.09     4.88     4.81
 20140711.150000    -0.02     2.33   186.45     0.75     0.09     4.81     4.77
 20140711.160000    -0.44     2.23   187.04     0.73     0.08     4.75     4.71
 20140711.170000    -0.91     2.03   187.50     0.72     0.07     4.69     4.66
 20140711.180000    -1.37     1.69   187.79     0.71     0.07     4.63     4.62
 20140711.190000    -1.76     1.19   187.91     0.69     0.07     4.58     4.57
 20140711.200000    -2.00     0.56   187.91     0.68     0.06     4.54     4.53
 20140711.210000    -1.93     0.81   187.79     0.67     0.06     4.51     4.51
 20140711.220000    -1.83     1.06   187.55     0.65     0.06     4.49     4.49
 20140711.230000    -1.69     1.29   187.22     0.64     0.06     4.47     4.48
 20140712.000000    -1.53     1.51   186.81     0.63     0.06     4.46     4.49
 20140712.010000    -1.33     1.71   186.34     0.62     0.06     4.45     4.51
 20140712.020000    -1.11     1.88   185.83     0.61     0.05     4.44     4.57
 20140712.030000    -1.50     1.82   185.26     0.60     0.05     4.42     4.69
 20140712.040000    -1.87     1.72   184.58     0.60     0.05     4.40     4.82
 20140712.050000    -2.21     1.58   183.80     0.60     0.05     4.36     4.91
 20140712.060000    -2.53     1.41   182.85     0.60     0.04     4.32     4.97
 20140712.070000    -2.82     1.22   181.68     0.60     0.04     4.28     4.98
 20140712.080000    -3.09     1.02   180.20     0.60     0.04     4.23     4.95
 20140712.090000    -2.98     1.36   178.67     0.60     0.03     4.19     4.90
 20140712.100000    -2.83     1.70   177.14     0.60     0.03     4.16     4.85
 20140712.110000    -2.64     2.02   175.57     0.60     0.03     4.13     4.82
 20140712.120000    -2.41     2.33   174.03     0.60     0.02     4.10     4.81
 20140712.130000    -2.15     2.60   172.51     0.60     0.02     4.07     4.82
 20140712.140000    -1.85     2.84   171.04     0.60     0.02     4.05     4.83
 20140712.150000    -2.38     2.69   169.33     0.60     0.02     4.02     4.86
 20140712.160000    -2.87     2.47   167.12     0.60     0.02     3.99     4.90
 20140712.170000    -3.33     2.20   164.31     0.61     0.02     3.97     4.96
 20140712.180000    -3.74     1.89   160.91     0.62     0.01     3.95     5.03
 20140712.190000    -4.10     1.55   157.13     0.64     0.01     3.94     5.12
 20140712.200000    -4.43     1.19   153.41     0.66     0.01     3.94     5.23
 20140712.210000    -4.31     1.25   150.04     0.68     0.01     3.94     5.27
 20140712.220000    -4.19     1.31   147.93     0.70     0.01     3.98     5.30
 20140712.230000    -4.07     1.37   146.41     0.71     0.01     4.02     5.32
 20140713.000000    -3.95     1.42   145.39     0.72     0.01     4.05     5.32
 20140713.010000    -3.83     1.48   144.81     0.72     0.01     4.08     5.33
 20140713.020000    -3.70     1.54   144.49     0.73     0.01     4.11     5.32
 20140713.030000    -3.72     1.52   144.36     0.73     0.01     4.13     5.31
 20140713.040000    -3.73     1.51   144.35     0.73     0.01     4.13     5.30
 20140713.050000    -3.75     1.50   144.48     0.74     0.01     4.14     5.28
 20140713.060000    -3.76     1.49   144.71     0.74     0.01     4.14     5.26
 20140713.070000    -3.78     1.47   145.05     0.74     0.01     4.14     5.24
 20140713.080000    -3.79     1.46   145.49     0.74     0.01     4.14     5.22
 20140713.090000    -3.92     1.61   145.94     0.74     0.01     4.13     5.20
 20140713.100000    -4.05     1.76   146.41     0.74     0.01     4.13     5.19
 20140713.110000    -4.18     1.91   146.89     0.75     0.01     4.12     5.17
 20140713.120000    -4.30     2.06   147.35     0.75     0.01     4.11     5.16
 20140713.130000    -4.43     2.21   147.74     0.76     0.01     4.11     5.15
 20140713.140000    -4.55     2.36   147.99     0.77     0.00     4.11     5.14
 20140713.150000    -4.64     2.16   148.13     0.78     0.00     4.13     5.14
 20140713.160000    -4.72     1.96   148.11     0.79     0.00     4.15     5.15
 20140713.170000    -4.79     1.76   147.91     0.81     0.00     4.19     5.16
 20140713.180000    -4.86     1.55   147.65     0.82     0.00     4.23     5.19
 20140713.190000    -4.91     1.34   147.40     0.84     0.00     4.28     5.23
 20140713.200000    -4.96     1.12   147.18     0.85     0.00     4.34     5.28
 20140713.210000    -4.94     1.22   147.12     0.87     0.00     4.40     5.34
 20140713.220000    -4.92     1.31   147.26     0.89     0.00     4.46     5.40
 20140713.230000    -4.91     1.40   147.61     0.91     0.00     4.51     5.45
 20140714.000000    -4.89     1.50   148.16     0.92     0.01     4.57     5.50
 20140714.010000    -4.86     1.59   148.90     0.94     0.01     4.61     5.53
 20140714.020000    -4.84     1.68   149.80     0.96     0.01     4.66     5.56
 20140714.030000    -4.89     1.85   150.77     0.97     0.01     4.71     5.59
 20140714.040000    -4.94     2.02   151.80     0.99     0.01     4.75     5.61
 20140714.050000    -4.98     2.19   152.85     1.01     0.01     4.78     5.64
 20140714.060000    -5.02     2.36   153.87     1.03     0.01     4.82     5.66
 20140714.070000    -5.06     2.52   154.83     1.05     0.01     4.85     5.68
 20140714.080000    -5.09     2.68   155.76     1.07     0.01     4.88     5.70
 20140714.090000    -4.91     2.56   156.77     1.09     0.01     4.92     5.73
 20140714.100000    -4.72     2.44   157.74     1.10     0.02     4.95     5.75
 20140714.110000    -4.54     2.32   158.54     1.10     0.02     4.99     5.79
 20140714.120000    -4.35     2.20   159.15     1.10     0.02     5.01     5.83
 20140714.130000    -4.17     2.08   159.57     1.09     0.02     5.02     5.85
 20140714.140000    -3.98     1.96   159.84     1.08     0.02     5.01     5.87
 20140714.150000    -4.05     1.90   159.91     1.06     0.02     4.98     5.88
 20140714.160000    -4.12     1.84   159.84     1.04     0.01     4.94     5.88
 20140714.170000    -4.19     1.78   159.69     1.02     0.01     4.88     5.86
 20140714.180000    -4.25     1.72   159.50     1.00     0.01     4.82     5.84
 20140714.190000    -4.31     1.65   159.28     0.98     0.01     4.75     5.80
 20140714.200000    -4.38     1.59   159.02     0.96     0.01     4.68     5.76
 20140714.210000    -4.49     1.37   158.73     0.94     0.01     4.61     5.69
 20140714.220000    -4.60     1.15   158.40     0.93     0.01     4.55     5.63
 20140714.230000    -4.70     0.92   158.06     0.91     0.01     4.49     5.57
 20140715.000000    -4.78     0.68   157.74     0.90     0.01     4.44     5.52
 20140715.010000    -4.85     0.45   157.48     0.89     0.01     4.41     5.49
 20140715.020000    -4.91     0.21   157.32     0.89     0.01     4.40     5.47
 20140715.030000    -4.96     0.42   157.37     0.89     0.01     4.41     5.46
 20140715.040000    -5.01     0.63   157.65     0.90     0.01     4.43     5.47
 20140715.050000    -5.04     0.83   158.09     0.91     0.01     4.47     5.49
 20140715.060000    -5.06     1.04   158.60     0.92     0.01     4.52     5.52
 20140715.070000    -5.08     1.24   159.12     0.93     0.01     4.56     5.56
 20140715.080000    -5.09     1.44   159.60     0.95     0.01     4.60     5.60
 20140715.090000    -5.10     1.65   160.02     0.96     0.01     4.64     5.65
 20140715.100000    -5.09     1.86   160.33     0.98     0.02     4.67     5.70
 20140715.110000    -5.08     2.07   160.51     0.99     0.02     4.70     5.75
 20140715.120000    -5.07     2.27   160.50     1.00     0.02     4.72     5.77
 20140715.130000    -5.04     2.47   160.28     1.00     0.02     4.73     5.79
 20140715.140000    -5.01     2.67   159.87     1.00     0.02     4.72     5.80
 20140715.150000    -4.84     2.56   159.45     1.00     0.02     4.72     5.80
 20140715.160000    -4.67     2.44   159.01     0.99     0.02     4.70     5.80
 20140715.170000    -4.50     2.33   158.57     0.97     0.01     4.68     5.80
 20140715.180000    -4.33     2.21   158.14     0.95     0.01     4.64     5.79
 20140715.190000    -4.16     2.10   157.74     0.93     0.01     4.59     5.78
 20140715.200000    -3.99     1.98   157.38     0.91     0.01     4.52     5.74
 20140715.210000    -3.92     1.80   156.97     0.88     0.01     4.45     5.67
 20140715.220000    -3.85     1.61   156.53     0.86     0.01     4.38     5.60
 20140715.230000    -3.77     1.42   156.10     0.83     0.01     4.30     5.52
 20140716.000000    -3.68     1.22   155.73     0.80     0.01     4.22     5.45
 20140716.010000    -3.59     1.03   155.31     0.78     0.00     4.14     5.39
 20140716.020000    -3.49     0.83   154.98     0.75     0.00     4.07     5.33
 20140716.030000    -3.14     0.72   154.88     0.72     0.00     4.01     5.28
 20140716.040000    -2.80     0.62   155.61     0.68     0.00     3.99     5.22
 20140716.050000    -2.45     0.51   157.06     0.65     0.00     4.00     5.11
 20140716.060000    -2.11     0.40   158.76     0.61     0.00     4.03     5.03
 20140716.070000    -1.76     0.29   160.34     0.58     0.00     4.07     4.96
 20140716.080000    -1.41     0.19   161.52     0.56     0.00     4.10     4.91
 20140716.090000    -1.40     0.48   162.37     0.53     0.00     4.12     4.86
 20140716.100000    -1.27     0.86   163.16     0.52     0.00     4.14     4.82
 20140716.110000    -0.96     1.27   164.00     0.50     0.00     4.15     4.78
 20140716.120000    -0.39     1.60   164.95     0.49     0.00     4.15     4.75
 20140716.130000     0.38     1.66   166.07     0.48     0.00     4.15     4.71
 20140716.140000     1.13     1.35   167.43     0.48     0.00     4.15     4.69
 20140716.150000     0.94     1.26   168.99     0.47     0.00     4.15     4.67
 20140716.160000     0.74     1.17   170.78     0.47     0.00     4.15     4.65
 20140716.170000     0.50     1.08   172.79     0.46     0.00     4.15     4.64
 20140716.180000     0.21     0.98   174.95     0.46     0.00     4.15     4.64
 20140716.190000    -0.22     0.78   177.19     0.46     0.00     4.14     4.63
 20140716.200000    -0.62     0.03   179.43     0.46     0.00     4.13     4.63
 20140716.210000    -0.74    -0.32   181.59     0.45     0.00     4.12     4.62
 20140716.220000    -0.71    -0.70   183.60     0.45     0.00     4.11     4.62
 20140716.230000    -0.57    -1.04   185.41     0.44     0.00     4.10     4.61
 20140717.000000    -0.38    -1.33   187.00     0.44     0.00     4.08     4.61
 20140717.010000    -0.17    -1.56   188.37     0.43     0.00     4.07     4.60
 20140717.020000     0.05    -1.76   189.52     0.42     0.00     4.05     4.59
 20140717.030000    -0.26    -1.75   190.50     0.41     0.00     4.03     4.58
 20140717.040000    -0.60    -1.67   191.37     0.40     0.00     4.01     4.57
 20140717.050000    -0.95    -1.51   192.19     0.39     0.00     3.98     4.55
 20140717.060000    -1.28    -1.25   193.00     0.38     0.00     3.96     4.54
 20140717.070000    -1.55    -0.90   193.88     0.37     0.00     3.93     4.53
 20140717.080000    -1.73    -0.49   194.90     0.36     0.01     3.90     4.51
 20140717.090000    -1.97    -0.63   195.88     0.36     0.01     3.87     4.50
 20140717.100000    -2.19    -0.83   195.62     0.35     0.01     3.79     4.48
 20140717.110000    -2.34    -1.15   191.04     0.36     0.02     3.61     4.46
 20140717.120000    -2.30    -1.73   190.11     0.36     0.04     3.65     4.44
 20140717.130000    -1.09    -2.95   187.54     0.36     0.07     3.84     4.42
 20140717.140000     3.36     0.64   186.36     0.38     0.12     4.44    14.64
 20140717.150000     3.52     0.23   181.13     0.42     0.19     5.47    14.65
 20140717.160000     3.64    -0.19   162.33     0.49     0.28     6.82    14.61
 20140717.170000     3.71    -0.62   141.25     0.59     0.40     8.17    14.52
 20140717.180000     3.73    -1.04   127.52     0.71     0.53     9.25    14.40
 20140717.190000     3.70    -1.46   119.85     0.84     0.66    10.00    14.27
 20140717.200000     3.64    -1.87   115.36     0.97     0.79    10.47    14.14
 20140717.210000     3.78    -2.07   112.51     1.10     0.91    10.74    14.01
 20140717.220000     3.91    -2.26   110.60     1.22     1.01    10.88    13.89
 20140717.230000     4.04    -2.46   109.30     1.32     1.10    10.94    13.81
 20140718.000000     4.17    -2.65   108.56     1.42     1.17    10.93    13.76
 20140718.010000     4.30    -2.84   108.31     1.50     1.22    10.85    13.75
 20140718.020000     4.43    -3.04   108.63     1.56     1.25    10.67    13.78
 20140718.030000     4.70    -3.18   109.71     1.62     1.26    10.37    13.84
 20140718.040000     4.96    -3.32   112.13     1.67     1.24     9.96    13.90
 20140718.050000     5.23    -3.45   116.54     1.71     1.21     9.45    13.93
 20140718.060000     5.49    -3.59   123.99     1.75     1.16     8.86    13.93
 20140718.070000     5.76    -3.73   136.98     1.78     1.09     8.25    13.90
 20140718.080000     6.03    -3.87   157.61     1.80     1.00     7.70    13.84
 20140718.090000     6.78    -3.76   182.98     1.83     0.90     7.17    13.74
 20140718.100000     7.50    -3.63   204.50     1.88     0.79     6.68     5.82
 20140718.110000     8.21    -3.49   217.15     1.94     0.68     6.31     6.10
 20140718.120000     8.90    -3.34   224.01     2.01     0.58     6.08     6.28
 20140718.130000     9.58    -3.19   228.16     2.09     0.48     5.97     6.54
 20140718.140000    10.24    -3.03   231.38     2.17     0.40     5.92     6.70
 20140718.150000    10.35    -2.04   233.05     2.22     0.35     5.94     6.79
 20140718.160000    10.37    -1.01   233.93     2.25     0.32     5.96     6.87
 20140718.170000    10.29     0.06   234.59     2.24     0.30     5.95     6.90
 20140718.180000    10.09     1.14   235.06     2.21     0.29     5.91     6.87
 20140718.190000     9.77     2.22   235.33     2.18     0.28     5.84     6.78
 20140718.200000     9.33     3.28   235.26     2.14     0.27     5.77     6.68
 20140718.210000     9.26     3.58   235.20     2.11     0.27     5.70     6.58
 20140718.220000     9.18     3.89   235.12     2.10     0.28     5.66     6.50
 20140718.230000     9.09     4.19   234.98     2.11     0.29     5.66     6.45
 20140719.000000     9.00     4.48   234.77     2.13     0.30     5.68     6.43
 20140719.010000     8.89     4.77   234.47     2.16     0.32     5.72     6.45
 20140719.020000     8.78     5.06   234.15     2.20     0.33     5.77     6.50
 20140719.030000     8.39     5.24   233.72     2.23     0.35     5.84     6.55
 20140719.040000     7.98     5.41   233.04     2.24     0.38     5.91     6.60
 20140719.050000     7.57     5.58   231.91     2.24     0.40     5.97     6.64
 20140719.060000     7.14     5.74   230.29     2.24     0.42     6.03     6.67
 20140719.070000     6.70     5.89   228.23     2.23     0.43     6.07     6.70
 20140719.080000     6.25     6.02   225.97     2.22     0.44     6.11     6.73
 20140719.090000     5.37     5.87   223.75     2.20     0.44     6.15     6.76
 20140719.100000     4.46     5.69   221.26     2.15     0.43     6.18     6.81
 20140719.110000     3.50     5.48   218.63     2.10     0.42     6.20     6.86
 20140719.120000     2.48     5.22   215.76     2.03     0.41     6.22     6.90
 20140719.130000     1.39     4.86   212.63     1.95     0.40     6.26     6.92
 20140719.140000     0.24     4.32   209.46     1.88     0.39     6.30     6.91
 20140719.150000    -0.20     4.14   206.32     1.81     0.38     6.34     6.90
 20140719.160000    -0.65     3.90   203.24     1.75     0.37     6.35     6.88
 20140719.170000    -1.12     3.60   200.12     1.69     0.37     6.36     6.86
 20140719.180000    -1.58     3.22   197.06     1.65     0.36     6.36     6.85
 20140719.190000    -2.01     2.74   194.20     1.60     0.36     6.34     6.85
 20140719.200000    -2.38     2.16   191.57     1.56     0.36     6.32     6.89
 20140719.210000    -2.54     2.13   189.19     1.52     0.35     6.30     7.69
 20140719.220000    -2.70     2.09   187.06     1.48     0.34     6.26     7.77
 20140719.230000    -2.86     2.04   185.32     1.44     0.32     6.20     7.83
 20140720.000000    -3.02     1.99   184.01     1.40     0.30     6.13     7.85
 20140720.010000    -3.17     1.95   183.13     1.37     0.28     6.05     7.84
 20140720.020000    -3.31     1.89   182.66     1.33     0.25     5.95     7.79
 20140720.030000    -3.22     1.53   182.66     1.29     0.23     5.85     7.69
 20140720.040000    -3.12     1.15   183.12     1.26     0.21     5.76     7.53
 20140720.050000    -2.98     0.74   183.98     1.23     0.18     5.68     7.36
 20140720.060000    -2.81     0.32   185.09     1.20     0.16     5.62     7.21
 20140720.070000    -2.57    -0.12   186.49     1.16     0.15     5.60     7.09
 20140720.080000    -2.26    -0.56   187.91     1.13     0.13     5.61     6.98
 20140720.090000    -2.14    -0.54   189.35     1.10     0.12     5.62     6.83
 20140720.100000    -2.02    -0.51   190.82     1.07     0.10     5.63     6.73
 20140720.110000    -1.90    -0.48   192.02     1.04     0.09     5.63     6.65
 20140720.120000    -1.78    -0.45   192.99     1.01     0.09     5.63     6.58
 20140720.130000    -1.66    -0.43   193.55     0.99     0.08     5.62     6.52
 20140720.140000     1.55     0.38   193.79     0.97     0.07     5.60     6.47
 20140720.150000     1.54     0.19   193.71     0.95     0.07     5.59     6.43
 20140720.160000     1.51    -0.07   193.34     0.93     0.07     5.58     6.40
 20140720.170000     1.40    -0.43   192.72     0.91     0.07     5.57     6.38
 20140720.180000     1.10    -0.90   191.94     0.89     0.07     5.56     6.38
 20140720.190000     0.39    -1.33   191.07     0.87     0.07     5.55     6.40
 20140720.200000    -0.66    -1.17   190.15     0.85     0.07     5.54     6.43
 20140720.210000    -0.53    -1.03   189.22     0.83     0.07     5.53     6.47
 20140720.220000    -0.40    -0.89   188.26     0.82     0.06     5.51     6.51
 20140720.230000    -0.27    -0.75   187.29     0.80     0.06     5.50     6.54
 20140721.000000    -0.12    -0.60   186.29     0.78     0.06     5.48     6.56
 20140721.010000     0.05    -0.43   185.29     0.76     0.06     5.45     6.57
 20140721.020000     0.23    -0.10   184.32     0.74     0.05     5.43     6.56
 20140721.030000     0.41    -0.01   183.43     0.72     0.05     5.39     6.54
 20140721.040000     0.51     0.26   182.68     0.70     0.05     5.36     6.50
 20140721.050000     0.37     0.63   182.12     0.68     0.04     5.31     6.46
 20140721.060000     0.00     0.89   181.82     0.66     0.04     5.25     6.40
 20140721.070000    -0.45     0.95   181.79     0.64     0.04     5.19     6.32
 20140721.080000    -0.87     0.85   182.09     0.62     0.03     5.12     6.22
 20140721.090000    -0.63     1.26   182.70     0.61     0.03     5.04     6.14
 20140721.100000    -0.26     1.59   183.60     0.59     0.03     4.96     6.07
 20140721.110000     0.20     1.80   184.75     0.58     0.03     4.87     6.00
 20140721.120000     0.67     1.89   186.12     0.57     0.02     4.78     5.94
 20140721.130000     1.13     1.88   187.66     0.56     0.02     4.69     5.89
 20140721.140000     1.56     1.82   189.34     0.55     0.02     4.59     5.84
 20140721.150000     1.36     1.73   190.77     0.54     0.02     4.51     5.79
 20140721.160000     1.15     1.64   191.85     0.54     0.02     4.44     5.63
 20140721.170000     0.94     1.55   192.55     0.53     0.02     4.40     5.44
 20140721.180000     0.72     1.45   192.97     0.52     0.01     4.37     5.35
 20140721.190000     0.49     1.33   193.11     0.50     0.01     4.34     5.32
 20140721.200000     0.26     1.20   192.97     0.49     0.01     4.31     5.32
 20140721.210000     0.20     1.11   192.54     0.48     0.01     4.29     5.33
 20140721.220000     0.13     1.03   191.84     0.47     0.01     4.27     5.35
 20140721.230000     0.07     0.94   190.88     0.46     0.01     4.26     5.36
 20140722.000000     0.01     0.84   189.72     0.45     0.01     4.25     5.36
 20140722.010000    -0.06     0.74   188.37     0.44     0.01     4.24     5.36
 20140722.020000    -0.12     0.64   186.87     0.43     0.01     4.24     5.36
 20140722.030000    -0.17     0.63   185.27     0.42     0.01     4.24     5.35
 20140722.040000    -0.21     0.62   183.61     0.41     0.01     4.24     5.34
 20140722.050000    -0.25     0.61   181.95     0.40     0.01     4.24     5.33
 20140722.060000    -0.30     0.59   180.32     0.39     0.01     4.25     5.32
 20140722.070000    -0.34     0.57   178.78     0.38     0.01     4.26     5.30
 20140722.080000    -0.38     0.55   177.34     0.37     0.01     4.26     5.28
 20140722.090000    -0.20     0.79   176.03     0.37     0.01     4.26     5.25
 20140722.100000     0.03     0.97   174.85     0.36     0.01     4.26     5.20
 20140722.110000     0.28     1.08   173.81     0.35     0.01     4.26     5.15
 20140722.120000     0.52     1.15   172.91     0.35     0.01     4.26     5.12
 20140722.130000     0.76     1.18   172.14     0.34     0.01     4.25     5.09
 20140722.140000     0.99     1.20   171.49     0.34     0.01     4.24     5.06
 20140722.150000     0.94     1.20   170.96     0.33     0.01     4.23     5.04
 20140722.160000     0.89     1.19   170.55     0.32     0.01     4.21     5.02
 20140722.170000     0.84     1.19   170.28     0.32     0.01     4.19     5.00
 20140722.180000     0.78     1.18   170.15     0.32     0.01     4.17     4.98
 20140722.190000     0.73     1.17   170.17     0.31     0.01     4.14     4.97
 20140722.200000     0.68     1.17   170.35     0.31     0.01     4.12     4.95
 20140722.210000     0.81     1.06   170.69     0.31     0.01     4.10     4.94
 20140722.220000     0.94     0.93   171.14     0.31     0.01     4.08     4.93
 20140722.230000     1.05     0.78   171.63     0.31     0.02     4.07     4.91
 20140723.000000     1.15     0.60   172.10     0.31     0.02     4.07     4.90
 20140723.010000     1.22     0.40   172.43     0.31     0.02     4.09     4.89
 20140723.020000     1.25     0.19   172.57     0.31     0.02     4.12     4.89
 20140723.030000     1.22     0.10   172.48     0.31     0.02     4.17     4.88
 20140723.040000     1.18     0.01   172.13     0.31     0.03     4.24     4.88
 20140723.050000     1.13    -0.09   171.56     0.32     0.03     4.33     4.89
 20140723.060000     1.08    -0.18   170.82     0.33     0.04     4.43     4.91
 20140723.070000     1.01    -0.28   169.97     0.33     0.04     4.54     4.93
 20140723.080000     0.93    -0.37   169.06     0.34     0.05     4.66     4.96
 20140723.090000     1.35     0.00   168.13     0.35     0.05     4.77     8.07
 20140723.100000     1.64     0.42   167.21     0.37     0.06     4.88     8.47
 20140723.110000     1.86     0.84   166.54     0.38     0.06     4.97     8.58
 20140723.120000     2.03     1.25   166.71     0.40     0.07     4.98     8.67
 20140723.130000     2.18     1.65   167.60     0.43     0.07     4.93     8.74
 20140723.140000     2.31     2.04   168.09     0.45     0.08     4.93     8.79
 20140723.150000     2.18     1.92   168.11     0.47     0.09     4.96     8.83
 20140723.160000     2.05     1.80   167.77     0.50     0.09     5.05     8.86
 20140723.170000     1.91     1.67   167.30     0.52     0.10     5.15     8.87
 20140723.180000     1.78     1.55   166.75     0.54     0.11     5.27     8.87
 20140723.190000     1.65     1.43   166.19     0.56     0.12     5.40     8.85
 20140723.200000     1.52     1.31   165.55     0.58     0.13     5.54     8.81
 20140723.210000     1.65     1.17   165.00     0.60     0.14     5.68     8.76
 20140723.220000     1.77     1.02   164.56     0.63     0.14     5.81     8.70
 20140723.230000     1.88     0.86   164.20     0.65     0.15     5.92     8.63
 20140724.000000     1.97     0.68   163.92     0.67     0.16     6.01     8.57
 20140724.010000     2.04     0.50   163.71     0.69     0.17     6.10     8.51
 20140724.020000     2.10     0.31   163.57     0.71     0.18     6.18     8.45
 20140724.030000     1.95     0.21   163.46     0.73     0.19     6.25     8.39
 20140724.040000     1.80     0.11   163.36     0.74     0.20     6.32     8.29
 20140724.050000     1.64     0.01   163.32     0.76     0.21     6.39     8.28
 20140724.060000     1.48    -0.09   163.40     0.78     0.22     6.45     8.31
 20140724.070000     1.30    -0.20   163.65     0.79     0.22     6.50     8.35
 20140724.080000     1.12    -0.30   164.12     0.81     0.23     6.52     8.39
 20140724.090000     1.74     0.10   164.85     0.84     0.24     6.53     8.41
 20140724.100000     2.28     0.53   166.04     0.86     0.24     6.50     8.39
 20140724.110000     2.77     0.95   167.90     0.89     0.24     6.43     8.35
 20140724.120000     3.24     1.37   170.41     0.93     0.24     6.32     8.30
 20140724.130000     3.70     1.78   173.70     0.97     0.24     6.16     8.24
 20140724.140000     4.15     2.19   178.09     1.03     0.24     5.93     8.18
 20140724.150000     3.58     2.07   181.35     1.07     0.24     5.79     8.12
 20140724.160000     3.01     1.96   183.38     1.10     0.24     5.75     8.07
 20140724.170000     2.41     1.84   184.56     1.12     0.23     5.74     8.01
 20140724.180000     1.80     1.71   185.18     1.12     0.23     5.76     7.97
 20140724.190000     1.14     1.56   185.42     1.11     0.23     5.79     7.93
 20140724.200000     0.40     1.32   185.31     1.10     0.23     5.82     7.89
 20140724.210000     0.42     1.42   184.84     1.09     0.23     5.86     7.87
 20140724.220000     0.45     1.51   184.20     1.07     0.23     5.90     7.84
 20140724.230000     0.47     1.61   183.41     1.05     0.22     5.92     7.82
 20140725.000000     0.49     1.71   182.57     1.03     0.22     5.93     7.79
 20140725.010000     0.51     1.80   181.76     1.01     0.22     5.93     7.74
 20140725.020000     0.53     1.90   181.07     0.99     0.21     5.91     7.68
 20140725.030000     0.77     1.74   180.63     0.98     0.21     5.88     7.62
 20140725.040000     1.01     1.53   180.54     0.96     0.20     5.83     7.56
 20140725.050000     1.25     1.25   180.93     0.95     0.19     5.76     7.49
 20140725.060000     1.45     0.89   181.93     0.94     0.18     5.68     7.42
 20140725.070000     1.57     0.45   183.56     0.94     0.17     5.59     7.33
 20140725.080000     1.57    -0.05   185.68     0.94     0.16     5.52     7.20
 20140725.090000     1.85     0.20   188.06     0.94     0.15     5.45     6.98
 20140725.100000     2.11     0.46   190.43     0.94     0.14     5.40     6.55
 20140725.110000     2.35     0.71   192.61     0.94     0.13     5.36     4.88
 20140725.120000     2.58     0.96   194.40     0.93     0.13     5.34     4.98
 20140725.130000     2.80     1.21   195.68     0.93     0.12     5.32     5.03
 20140725.140000     3.02     1.46   196.33     0.93     0.12     5.31     5.05
 20140725.150000     2.63     1.61   196.07     0.92     0.13     5.32     5.07
 20140725.160000     2.19     1.78   194.99     0.92     0.13     5.34     5.07
 20140725.170000     1.64     1.95   193.30     0.91     0.14     5.38     6.41
 20140725.180000     0.94     2.08   191.25     0.91     0.14     5.43     6.51
 20140725.190000     0.00     2.02   189.04     0.90     0.15     5.48     6.62
 20140725.200000    -1.03     1.41   186.88     0.90     0.15     5.53     6.74
 20140725.210000    -0.79     1.61   184.88     0.90     0.15     5.56     6.84
 20140725.220000    -0.51     1.77   183.07     0.90     0.15     5.59     6.95
 20140725.230000    -0.19     1.88   181.48     0.89     0.14     5.61     7.15
 20140726.000000     0.16     1.93   180.09     0.89     0.14     5.61     7.30
 20140726.010000     0.50     1.92   178.91     0.88     0.13     5.61     7.37
 20140726.020000     0.84     1.85   177.92     0.87     0.12     5.58     7.37
 20140726.030000     0.56     2.07   177.12     0.86     0.11     5.55     7.33
 20140726.040000     0.25     2.24   176.50     0.85     0.10     5.50     7.27
 20140726.050000    -0.08     2.36   176.03     0.84     0.09     5.44     7.20
 20140726.060000    -0.42     2.44   175.69     0.82     0.09     5.38     7.12
 20140726.070000    -0.75     2.48   175.46     0.81     0.08     5.30     7.04
 20140726.080000    -1.08     2.48   175.30     0.79     0.07     5.22     6.96
 20140726.090000    -1.10     2.63   175.22     0.78     0.07     5.13     6.86
 20140726.100000    -1.13     2.78   175.17     0.76     0.06     5.03     6.77
 20140726.110000    -1.16     2.93   175.15     0.75     0.06     4.94     6.69
 20140726.120000    -1.18     3.08   175.09     0.74     0.05     4.84     6.63
 20140726.130000    -1.21     3.22   174.96     0.73     0.05     4.74     6.57
 20140726.140000    -1.24     3.37   174.66     0.73     0.05     4.64     6.52
 20140726.150000    -1.40     3.15   174.24     0.73     0.05     4.57     6.47
 20140726.160000    -1.57     2.92   173.66     0.73     0.04     4.52     6.43
 20140726.170000    -1.72     2.66   172.98     0.73     0.04     4.50     6.38
 20140726.180000    -1.87     2.38   172.30     0.73     0.04     4.49     6.34
 20140726.190000    -2.00     2.08   171.75     0.73     0.04     4.49     6.26
 20140726.200000    -2.11     1.75   171.39     0.72     0.03     4.50     6.19
 20140726.210000    -2.12     1.45   171.23     0.72     0.03     4.51     6.17
 20140726.220000    -2.11     1.13   171.24     0.71     0.03     4.51     6.17
 20140726.230000    -2.07     0.77   171.40     0.70     0.03     4.52     6.18
 20140727.000000    -2.00     0.39   171.66     0.69     0.03     4.52     6.18
 20140727.010000    -1.86    -0.02   171.98     0.68     0.02     4.52     6.17
 20140727.020000    -1.62    -0.44   172.29     0.66     0.02     4.52     6.15
 20140727.030000    -1.58    -0.22   172.41     0.65     0.02     4.52     6.13
 20140727.040000    -1.51     0.04   172.10     0.63     0.02     4.57     6.10
 20140727.050000    -1.38     0.33   171.60     0.60     0.02     4.65     6.07
 20140727.060000    -1.18     0.64   171.27     0.58     0.01     4.68     6.03
 20140727.070000    -0.84     0.92   171.02     0.56     0.01     4.70     5.99
 20140727.080000    -0.38     1.10   170.90     0.55     0.01     4.69     5.94
 20140727.090000    -0.36     0.94   170.93     0.53     0.01     4.68     5.89
 20140727.100000    -0.34     0.78   171.15     0.52     0.01     4.64     5.84
 20140727.110000    -0.32     0.61   171.58     0.50     0.01     4.60     5.78
 20140727.120000    -0.31     0.43   172.24     0.49     0.01     4.54     5.70
 20140727.130000    -0.31     0.21   173.13     0.48     0.00     4.48     5.62
 20140727.140000    -0.14    -0.16   174.20     0.47     0.00     4.41     5.55
 20140727.150000    -0.17    -0.17   175.36     0.46     0.00     4.34     5.48
 20140727.160000    -0.19    -0.18   176.49     0.46     0.00     4.28     5.42
 20140727.170000    -0.23    -0.18   177.52     0.45     0.00     4.21     5.36
 20140727.180000    -0.28    -0.14   178.38     0.44     0.00     4.16     5.29
 20140727.190000    -0.34     0.03   179.06     0.43     0.00     4.11     5.21
 20140727.200000     0.22     0.29   179.56     0.42     0.00     4.06     5.09
 20140727.210000    -0.13     0.67   179.87     0.41     0.00     4.02     5.01
 20140727.220000    -0.58     0.81   180.01     0.40     0.00     3.99     4.95
 20140727.230000    -1.01     0.86   179.96     0.39     0.00     3.96     4.91
 20140728.000000    -1.40     0.86   179.71     0.38     0.00     3.94     4.87
 20140728.010000    -1.77     0.85   179.11     0.37     0.00     3.92     4.84
 20140728.020000    -2.12     0.83   177.71     0.36     0.00     3.87     4.81
 20140728.030000    -1.92     0.73   176.30     0.35     0.00     3.84     4.79
 20140728.040000    -1.71     0.62   175.55     0.35     0.00     3.86     4.76
 20140728.050000    -1.51     0.51   174.72     0.34     0.01     3.90     4.72
 20140728.060000    -1.30     0.40   173.73     0.34     0.01     3.95     4.69
 20140728.070000    -1.09     0.29   172.67     0.33     0.01     4.02     4.67
 20140728.080000    -0.88     0.18   171.62     0.33     0.01     4.09     4.66
 20140728.090000    -0.97     0.43   170.65     0.33     0.01     4.16     4.65
 20140728.100000    -0.93     0.79   169.84     0.33     0.01     4.23     6.83
 20140728.110000    -0.62     1.23   169.21     0.33     0.01     4.29     6.75
 20140728.120000     0.09     1.53   168.78     0.34     0.01     4.34     6.67
 20140728.130000     1.04     1.33   168.60     0.34     0.01     4.38     6.61
 20140728.140000     1.76     0.58   168.71     0.34     0.01     4.40     6.56
 20140728.150000     1.59     0.79   169.01     0.35     0.02     4.42     6.50
 20140728.160000     1.36     1.03   169.36     0.36     0.02     4.43     6.45
 20140728.170000     1.05     1.26   169.78     0.36     0.02     4.44     6.40
 20140728.180000     0.61     1.44   170.22     0.37     0.02     4.46     6.36
 20140728.190000     0.05     1.49   170.66     0.37     0.02     4.49     6.29
 20140728.200000    -0.55     1.31   171.06     0.38     0.02     4.52     6.23
 20140728.210000    -0.87     1.20   171.42     0.38     0.02     4.56     6.19
 20140728.220000    -1.18     0.99   171.74     0.39     0.02     4.61     6.18
 20140728.230000    -1.45     0.67   172.02     0.39     0.02     4.66     7.71
 20140729.000000    -1.64     0.25   172.27     0.39     0.02     4.70     7.73
 20140729.010000    -1.70    -0.23   172.49     0.40     0.02     4.74     7.73
 20140729.020000    -1.63    -0.70   172.68     0.40     0.02     4.78     7.71
 20140729.030000    -1.68    -0.76   172.82     0.40     0.02     4.80     7.68
 20140729.040000    -1.73    -0.82   172.90     0.40     0.02     4.82     7.61
 20140729.050000    -1.78    -0.89   172.88     0.40     0.02     4.82     7.49
 20140729.060000    -1.83    -0.95   172.76     0.40     0.02     4.80     7.39
 20140729.070000    -1.88    -1.01   172.53     0.40     0.02     4.78     7.32
 20140729.080000    -1.93    -1.07   172.22     0.40     0.02     4.74     7.25
 20140729.090000    -2.13    -0.72   171.94     0.40     0.02     4.70     7.18
 20140729.100000    -2.28    -0.20   171.82     0.40     0.02     4.67     7.12
 20140729.110000    -2.27     0.51   171.81     0.40     0.02     4.64     7.07
 20140729.120000    -1.92     1.38   171.92     0.40     0.02     4.61     7.01
 20140729.130000    -1.08     2.14   172.23     0.40     0.02     4.57     6.93
 20140729.140000     0.13     2.44   172.84     0.40     0.03     4.52     6.80
 20140729.150000    -0.40     2.55   173.15     0.41     0.03     4.47     6.69
 20140729.160000    -0.96     2.53   173.05     0.41     0.03     4.39     6.59
 20140729.170000    -1.53     2.40   172.53     0.42     0.03     4.33     6.48
 20140729.180000    -2.06     2.15   171.55     0.43     0.03     4.26     6.25
 20140729.190000    -2.53     1.82   170.15     0.44     0.03     4.18     6.01
 20140729.200000    -2.92     1.42   168.33     0.45     0.03     4.09     7.67
 20140729.210000    -3.02     1.14   166.49     0.47     0.03     4.02     7.73
 20140729.220000    -3.10     0.85   164.62     0.48     0.03     3.97     7.76
 20140729.230000    -3.15     0.54   162.73     0.49     0.03     3.94     3.55
 20140730.000000    -3.17     0.22   160.95     0.50     0.03     3.92     3.64
 20140730.010000    -3.16    -0.10   159.34     0.50     0.03     3.91     3.72
 20140730.020000    -3.12    -0.42   157.93     0.50     0.03     3.91     3.80
 20140730.030000    -3.09    -0.44   156.75     0.50     0.03     3.90     3.87
 20140730.040000    -3.06    -0.47   155.84     0.50     0.03     3.90     3.94
 20140730.050000    -3.03    -0.49   155.13     0.49     0.03     3.89     3.98
 20140730.060000    -3.00    -0.52   154.62     0.49     0.03     3.88     4.00
 20140730.070000    -2.98    -0.54   154.25     0.49     0.03     3.87     4.02
 20140730.080000    -2.95    -0.56   154.00     0.48     0.03     3.86     4.04
 20140730.090000    -3.03    -0.01   153.84     0.48     0.03     3.85     4.05
 20140730.100000    -3.00     0.62   153.79     0.47     0.03     3.83     4.05
 20140730.110000    -2.81     1.29   153.91     0.47     0.03     3.82     4.06
 20140730.120000    -2.44     1.95   154.17     0.47     0.03     3.81     4.06
 20140730.130000    -1.90     2.52   154.67     0.46     0.03     3.80     4.07
 20140730.140000    -1.22     2.94   155.57     0.46     0.03     3.78     4.07
 20140730.150000    -1.58     2.76   156.46     0.46     0.03     3.77     5.48
 20140730.160000    -1.93     2.52   157.12     0.46     0.03     3.76     5.49
 20140730.170000    -2.25     2.23   157.56     0.46     0.03     3.76     5.49
 20140730.180000    -2.55     1.88   157.80     0.46     0.04     3.76     5.49
 20140730.190000    -2.79     1.49   157.82     0.46     0.04     3.77     5.48
 20140730.200000    -2.97     1.05   157.62     0.46     0.04     3.78     5.48
 20140730.210000    -2.84     1.05   157.39     0.46     0.04     3.80     5.49
 20140730.220000    -2.70     1.06   157.10     0.47     0.04     3.83     3.55
 20140730.230000    -2.57     1.06   156.79     0.47     0.05     3.88     3.59
 20140731.000000    -2.43     1.06   156.51     0.48     0.05     3.92     3.67
 20140731.010000    -2.29     1.05   156.33     0.49     0.05     3.98     3.74
 20140731.020000    -2.15     1.05   156.29     0.49     0.05     4.04     3.81
 20140731.030000    -1.85     0.90   156.51     0.50     0.05     4.11     3.89
 20140731.040000    -1.55     0.74   157.61     0.49     0.06     4.25     3.97
 20140731.050000    -1.25     0.59   158.65     0.49     0.06     4.39     4.05
 20140731.060000    -0.95     0.42   159.31     0.49     0.06     4.50     4.13
 20140731.070000    -0.66     0.25   159.93     0.49     0.06     4.59     8.52
 20140731.080000     0.31    -0.20   160.52     0.49     0.06     4.68     8.53
 20140731.090000     0.58    -0.01   161.10     0.49     0.06     4.76     8.54
 20140731.100000     0.75     0.23   161.64     0.49     0.07     4.83     8.54
 20140731.110000     0.88     0.47   162.17     0.49     0.07     4.90     8.55
 20140731.120000     0.99     0.70   162.68     0.49     0.07     4.96     8.55
 20140731.130000     1.08     0.92   163.18     0.49     0.07     5.02     8.55
 20140731.140000     1.16     1.13   163.66     0.50     0.07     5.08     8.54
 20140731.150000     1.08     1.15   164.11     0.50     0.08     5.13     8.53
 20140731.160000     1.00     1.16   164.53     0.50     0.08     5.18     8.51
 20140731.170000     0.91     1.17   164.92     0.51     0.08     5.24     8.49
 20140731.180000     0.82     1.18   165.25     0.51     0.08     5.29     8.46
 20140731.190000     0.72     1.18   165.51     0.51     0.08     5.34     8.43
 20140731.200000     0.63     1.18   165.72     0.52     0.08     5.39     8.33
 20140731.210000     0.80     1.10   165.86     0.53     0.08     5.44     8.18
 20140731.220000     0.96     1.00   165.94     0.53     0.07     5.48     8.05
 20140731.230000     1.12     0.88   165.96     0.54     0.07     5.51     7.92
 20140801.000000     1.25     0.74   165.95     0.55     0.07     5.54     7.80
 20140801.010000     1.36     0.58   165.91     0.55     0.07     5.55     7.68
 20140801.020000     1.45     0.40   165.87     0.56     0.07     5.56     7.41
 20140801.030000     1.39     0.34   165.85     0.56     0.07     5.57     7.22
 20140801.040000     1.33     0.28   165.84     0.57     0.06     5.56     7.07
 20140801.050000     1.27     0.22   165.87     0.57     0.06     5.54     6.95
 20140801.060000     1.20     0.16   165.95     0.57     0.06     5.52     6.84
 20140801.070000     1.14     0.10   166.10     0.57     0.06     5.49     6.74
 20140801.080000     1.07     0.04   166.33     0.57     0.05     5.44     6.67
