  Time              windx     windy     DIR    HS      HSWEll     TMM10     TPS
 20140401.080000    -3.55    -0.51   163.95     0.97     0.01     5.08     5.93
 20140401.090000    -3.60     0.05   164.24     1.00     0.02     5.11     6.00
 20140401.100000    -3.55     0.65   164.51     1.01     0.02     5.19     6.04
 20140401.110000    -3.38     1.28   164.64     1.02     0.02     5.24     6.07
 20140401.120000    -3.09     1.89   164.69     1.03     0.02     5.27     6.08
 20140401.130000    -2.67     2.46   164.73     1.02     0.02     5.28     6.09
 20140401.140000    -2.15     2.94   164.76     1.01     0.02     5.25     6.08
 20140401.150000    -2.28     2.81   164.76     0.99     0.02     5.20     6.06
 20140401.160000    -2.40     2.66   164.68     0.95     0.01     5.12     6.03
 20140401.170000    -2.52     2.51   164.54     0.92     0.01     5.03     5.99
 20140401.180000    -2.63     2.35   164.35     0.88     0.01     4.92     5.94
 20140401.190000    -2.73     2.19   164.10     0.85     0.01     4.80     5.88
 20140401.200000    -2.83     2.02   163.79     0.81     0.01     4.68     5.81
 20140401.210000    -3.10     1.84   163.34     0.78     0.01     4.55     5.71
 20140401.220000    -3.35     1.65   162.73     0.75     0.00     4.42     5.60
 20140401.230000    -3.59     1.45   161.96     0.72     0.00     4.30     5.52
 20140402.000000    -3.80     1.24   161.01     0.70     0.00     4.17     5.45
 20140402.010000    -4.00     1.02   159.89     0.68     0.00     4.06     5.38
 20140402.020000    -4.19     0.80   158.60     0.66     0.00     3.95     5.32
 20140402.030000    -4.02     0.66   157.59     0.64     0.00     3.86     5.25
 20140402.040000    -3.84     0.53   156.83     0.62     0.00     3.78     5.12
 20140402.050000    -3.66     0.39   156.24     0.60     0.00     3.71     5.03
 20140402.060000    -3.48     0.25   155.88     0.58     0.00     3.64     4.96
 20140402.070000    -3.29     0.11   155.70     0.57     0.00     3.59     4.90
 20140402.080000    -3.10    -0.03   155.76     0.55     0.00     3.55     4.85
 20140402.090000    -3.22     0.71   155.59     0.53     0.00     3.53     4.80
 20140402.100000    -3.15     1.49   155.26     0.52     0.00     3.48     4.72
 20140402.110000    -2.89     2.27   154.98     0.51     0.00     3.43     4.64
 20140402.120000    -2.46     2.98   155.13     0.51     0.00     3.39     4.58
 20140402.130000    -1.90     3.58   155.52     0.51     0.00     3.35     4.54
 20140402.140000    -1.26     4.06   156.54     0.51     0.00     3.30     4.50
 20140402.150000    -1.48     3.69   157.24     0.51     0.00     3.30     4.47
 20140402.160000    -1.71     3.28   157.47     0.51     0.00     3.30     4.45
 20140402.170000    -1.93     2.83   157.48     0.51     0.00     3.31     4.43
 20140402.180000    -2.13     2.32   157.41     0.50     0.00     3.32     4.42
 20140402.190000    -2.29     1.74   157.35     0.49     0.00     3.33     4.41
 20140402.200000    -2.36     1.10   157.60     0.48     0.00     3.36     4.40
 20140402.210000    -2.69     1.06   158.03     0.47     0.00     3.41     4.39
 20140402.220000    -3.01     1.02   157.73     0.46     0.00     3.40     4.39
 20140402.230000    -3.32     0.97   156.91     0.45     0.00     3.36     4.38
 20140403.000000    -3.63     0.93   155.48     0.45     0.00     3.31     4.36
 20140403.010000    -3.94     0.88   153.50     0.45     0.00     3.25     4.34
 20140403.020000    -4.24     0.84   150.63     0.46     0.00     3.18     4.30
 20140403.030000    -4.05     0.81   148.05     0.47     0.00     3.12     4.24
 20140403.040000    -3.86     0.78   147.10     0.47     0.00     3.12     4.17
 20140403.050000    -3.68     0.75   147.05     0.47     0.00     3.12     4.12
 20140403.060000    -3.49     0.72   147.56     0.47     0.00     3.13     4.10
 20140403.070000    -3.30     0.69   148.46     0.46     0.00     3.15     4.08
 20140403.080000    -3.12     0.66   149.97     0.46     0.00     3.17     4.08
 20140403.090000    -2.98     1.02   153.22     0.46     0.00     3.24     4.10
 20140403.100000    -2.79     1.39   156.69     0.46     0.00     3.31     4.12
 20140403.110000    -2.55     1.74   159.84     0.47     0.00     3.39     4.16
 20140403.120000    -2.24     2.06   162.71     0.48     0.00     3.46     4.21
 20140403.130000    -1.88     2.35   165.26     0.49     0.00     3.55     4.27
 20140403.140000    -1.47     2.59   167.28     0.50     0.00     3.63     4.32
 20140403.150000    -1.50     2.45   168.95     0.51     0.00     3.71     4.39
 20140403.160000    -1.52     2.30   169.93     0.52     0.00     3.77     4.45
 20140403.170000    -1.54     2.16   170.46     0.52     0.00     3.80     4.49
 20140403.180000    -1.55     2.01   170.72     0.53     0.00     3.82     4.51
 20140403.190000    -1.57     1.85   170.82     0.53     0.00     3.82     4.52
 20140403.200000    -1.58     1.69   170.86     0.52     0.00     3.81     4.52
 20140403.210000    -1.93     1.50   170.82     0.51     0.00     3.79     4.51
 20140403.220000    -2.24     1.27   170.66     0.51     0.00     3.76     4.50
 20140403.230000    -2.52     0.99   170.35     0.50     0.00     3.72     4.49
 20140404.000000    -2.75     0.69   169.82     0.49     0.00     3.67     4.47
 20140404.010000    -2.94     0.37   169.03     0.49     0.00     3.61     4.45
 20140404.020000    -3.10     0.05   167.88     0.48     0.00     3.55     4.42
 20140404.030000    -3.01    -0.24   166.63     0.48     0.00     3.50     4.38
 20140404.040000    -2.89    -0.53   165.34     0.47     0.00     3.45     4.33
 20140404.050000    -2.74    -0.83   164.07     0.46     0.00     3.43     4.26
 20140404.060000    -2.55    -1.12   162.74     0.46     0.00     3.41     4.21
 20140404.070000    -2.31    -1.40   161.33     0.45     0.00     3.41     4.17
 20140404.080000    -2.04    -1.65   159.88     0.44     0.00     3.43     4.15
 20140404.090000    -2.26    -1.32   158.33     0.43     0.00     3.45     4.13
 20140404.100000    -2.44    -0.92   156.54     0.43     0.00     3.46     4.12
 20140404.110000    -2.55    -0.46   154.76     0.42     0.00     3.46     4.11
 20140404.120000    -2.58     0.04   152.85     0.41     0.00     3.45     4.09
 20140404.130000    -2.51     0.56   150.94     0.41     0.00     3.43     4.08
 20140404.140000    -2.33     1.06   148.92     0.40     0.00     3.42     4.07
 20140404.150000    -2.47     0.83   146.69     0.40     0.00     3.41     4.07
 20140404.160000    -2.59     0.59   144.21     0.41     0.00     3.42     4.08
 20140404.170000    -2.69     0.34   141.64     0.42     0.00     3.45     4.10
 20140404.180000    -2.76     0.08   139.07     0.43     0.00     3.50     4.14
 20140404.190000    -2.81    -0.19   136.62     0.44     0.00     3.55     4.18
 20140404.200000    -2.83    -0.45   134.41     0.45     0.00     3.60     4.24
 20140404.210000    -3.01    -0.51   132.38     0.46     0.00     3.63     4.29
 20140404.220000    -3.20    -0.56   130.51     0.47     0.00     3.65     4.34
 20140404.230000    -3.38    -0.62   128.80     0.48     0.00     3.64     4.38
 20140405.000000    -3.57    -0.68   127.26     0.48     0.00     3.61     4.40
 20140405.010000    -3.75    -0.73   125.86     0.48     0.00     3.56     4.41
 20140405.020000    -3.94    -0.79   124.50     0.49     0.00     3.49     4.41
 20140405.030000    -3.85    -0.80   123.72     0.48     0.00     3.44     4.39
 20140405.040000    -3.77    -0.80   123.17     0.48     0.00     3.39     4.36
 20140405.050000    -3.69    -0.81   122.72     0.47     0.00     3.34     4.34
 20140405.060000    -3.60    -0.82   122.31     0.46     0.00     3.28     4.29
 20140405.070000    -3.52    -0.82   122.00     0.45     0.00     3.23     4.25
 20140405.080000    -3.43    -0.83   121.83     0.44     0.00     3.18     4.21
 20140405.090000    -3.64    -0.36   121.74     0.43     0.00     3.12     4.17
 20140405.100000    -3.78     0.13   121.90     0.42     0.00     3.07     4.13
 20140405.110000    -3.86     0.64   122.29     0.42     0.00     3.01     4.08
 20140405.120000    -3.87     1.14   123.02     0.42     0.00     2.97     4.03
 20140405.130000    -3.83     1.64   124.22     0.42     0.00     2.94     3.98
 20140405.140000    -3.73     2.12   125.58     0.43     0.00     2.92     3.93
 20140405.150000    -3.88     1.85   126.57     0.43     0.00     2.92     3.85
 20140405.160000    -4.01     1.58   127.05     0.44     0.00     2.94     3.83
 20140405.170000    -4.12     1.29   127.21     0.44     0.00     2.97     3.85
 20140405.180000    -4.21     1.00   127.10     0.45     0.00     3.00     3.90
 20140405.190000    -4.28     0.69   126.80     0.46     0.00     3.03     3.95
 20140405.200000    -4.33     0.39   126.36     0.46     0.00     3.07     3.98
 20140405.210000    -4.35     0.32   126.02     0.47     0.00     3.10     4.02
 20140405.220000    -4.36     0.25   125.80     0.48     0.00     3.12     4.04
 20140405.230000    -4.37     0.18   125.64     0.48     0.00     3.15     4.06
 20140406.000000    -4.38     0.10   125.54     0.48     0.00     3.17     4.08
 20140406.010000    -4.39     0.03   125.51     0.49     0.00     3.18     4.09
 20140406.020000    -4.40    -0.04   125.56     0.49     0.00     3.20     4.09
 20140406.030000    -4.35    -0.04   125.75     0.49     0.01     3.21     4.09
 20140406.040000    -4.30    -0.04   126.06     0.50     0.01     3.23     4.08
 20140406.050000    -4.25    -0.05   126.43     0.50     0.01     3.25     4.08
 20140406.060000    -4.20    -0.05   126.86     0.50     0.01     3.27     4.07
 20140406.070000    -4.15    -0.06   127.35     0.50     0.01     3.29     4.07
 20140406.080000    -4.10    -0.06   127.90     0.51     0.01     3.31     4.05
 20140406.090000    -4.10     0.46   128.63     0.51     0.01     3.33     4.03
 20140406.100000    -4.03     1.00   129.55     0.51     0.01     3.35     3.99
 20140406.110000    -3.88     1.54   130.68     0.52     0.02     3.37     3.95
 20140406.120000    -3.65     2.06   132.00     0.52     0.02     3.39     3.91
 20140406.130000    -3.35     2.56   133.56     0.53     0.02     3.41     3.88
 20140406.140000    -2.99     3.01   135.35     0.53     0.02     3.42     3.86
 20140406.150000    -3.23     2.70   136.89     0.54     0.02     3.44     3.84
 20140406.160000    -3.44     2.36   138.12     0.54     0.02     3.45     3.82
 20140406.170000    -3.63     2.00   139.09     0.55     0.02     3.47     3.82
 20140406.180000    -3.78     1.61   139.83     0.55     0.02     3.48     3.82
 20140406.190000    -3.90     1.19   140.39     0.55     0.02     3.49     3.82
 20140406.200000    -3.97     0.77   140.79     0.56     0.02     3.50     3.83
 20140406.210000    -3.97     0.58   141.11     0.56     0.02     3.50     3.84
 20140406.220000    -3.97     0.39   141.39     0.56     0.02     3.51     3.84
 20140406.230000    -3.95     0.20   141.60     0.56     0.02     3.51     3.85
 20140407.000000    -3.93     0.01   141.74     0.56     0.02     3.51     3.85
 20140407.010000    -3.89    -0.18   141.83     0.56     0.02     3.51     3.86
 20140407.020000    -3.85    -0.37   141.87     0.56     0.02     3.50     3.86
 20140407.030000    -3.92    -0.30   141.81     0.56     0.02     3.50     3.86
 20140407.040000    -3.98    -0.23   141.71     0.55     0.02     3.49     3.85
 20140407.050000    -4.05    -0.16   141.59     0.55     0.02     3.48     3.85
 20140407.060000    -4.11    -0.09   141.42     0.55     0.02     3.48     3.85
 20140407.070000    -4.17    -0.02   141.23     0.55     0.02     3.47     3.84
 20140407.080000    -4.23     0.05   141.02     0.55     0.02     3.46     3.84
 20140407.090000    -4.22     0.55   140.96     0.55     0.01     3.46     3.85
 20140407.100000    -4.14     1.05   141.07     0.55     0.01     3.45     3.85
 20140407.110000    -4.01     1.55   141.34     0.55     0.01     3.44     3.85
 20140407.120000    -3.80     2.04   141.78     0.55     0.01     3.43     3.85
 20140407.130000    -3.54     2.50   142.43     0.55     0.01     3.43     3.84
 20140407.140000    -3.22     2.93   143.26     0.55     0.01     3.42     3.84
 20140407.150000    -3.25     2.62   143.94     0.55     0.01     3.42     3.83
 20140407.160000    -3.28     2.30   144.41     0.55     0.01     3.41     3.83
 20140407.170000    -3.28     1.97   144.78     0.54     0.01     3.41     3.82
 20140407.180000    -3.27     1.62   145.10     0.54     0.01     3.41     3.82
 20140407.190000    -3.24     1.26   145.39     0.53     0.01     3.40     3.81
 20140407.200000    -3.18     0.88   145.74     0.53     0.01     3.40     3.81
 20140407.210000    -3.38     0.78   145.91     0.53     0.01     3.40     3.81
 20140407.220000    -3.57     0.68   145.93     0.53     0.01     3.39     3.81
 20140407.230000    -3.76     0.58   145.81     0.53     0.02     3.38     3.81
 20140408.000000    -3.94     0.47   145.53     0.53     0.02     3.38     3.81
 20140408.010000    -4.12     0.37   145.09     0.54     0.02     3.38     3.81
 20140408.020000    -4.30     0.27   144.48     0.55     0.02     3.38     3.83
 20140408.030000    -4.31     0.23   144.10     0.55     0.03     3.39     3.85
 20140408.040000    -4.31     0.19   143.88     0.56     0.03     3.41     3.88
 20140408.050000    -4.32     0.15   143.77     0.56     0.03     3.43     3.92
 20140408.060000    -4.33     0.11   143.79     0.57     0.03     3.44     3.95
 20140408.070000    -4.33     0.07   143.96     0.57     0.03     3.46     3.99
 20140408.080000    -4.34     0.03   144.31     0.58     0.04     3.47     4.01
 20140408.090000    -4.16     0.36   145.18     0.58     0.04     3.49     4.03
 20140408.100000    -3.95     0.70   146.49     0.58     0.04     3.51     4.05
 20140408.110000    -3.70     1.04   148.15     0.58     0.04     3.53     4.08
 20140408.120000    -3.41     1.38   150.14     0.59     0.04     3.56     4.10
 20140408.130000    -3.07     1.70   152.29     0.59     0.04     3.59     4.13
 20140408.140000    -2.69     2.00   154.53     0.59     0.04     3.63     4.16
 20140408.150000    -2.85     1.83   156.51     0.60     0.04     3.66     4.19
 20140408.160000    -3.00     1.66   158.19     0.61     0.04     3.68     4.22
 20140408.170000    -3.14     1.48   159.60     0.61     0.04     3.70     4.24
 20140408.180000    -3.27     1.29   160.78     0.62     0.04     3.72     4.27
 20140408.190000    -3.38     1.09   161.76     0.62     0.03     3.73     4.29
 20140408.200000    -3.48     0.89   162.55     0.62     0.03     3.74     4.31
 20140408.210000    -3.55     0.82   163.18     0.63     0.03     3.74     4.33
 20140408.220000    -3.61     0.75   163.69     0.63     0.03     3.74     4.35
 20140408.230000    -3.67     0.67   164.08     0.63     0.03     3.74     4.36
 20140409.000000    -3.73     0.60   164.36     0.63     0.03     3.74     4.37
 20140409.010000    -3.79     0.52   164.55     0.63     0.03     3.73     4.38
 20140409.020000    -3.85     0.45   164.66     0.63     0.03     3.73     4.38
 20140409.030000    -3.82     0.33   164.80     0.63     0.02     3.73     4.39
 20140409.040000    -3.80     0.22   164.97     0.63     0.02     3.73     4.40
 20140409.050000    -3.77     0.10   165.14     0.63     0.02     3.74     4.40
 20140409.060000    -3.73    -0.02   165.28     0.63     0.02     3.74     4.41
 20140409.070000    -3.70    -0.14   165.39     0.62     0.02     3.75     4.43
 20140409.080000    -3.66    -0.25   165.45     0.62     0.02     3.76     4.44
 20140409.090000    -3.63     0.07   165.49     0.62     0.02     3.76     4.46
 20140409.100000    -3.57     0.39   165.51     0.62     0.02     3.77     4.47
 20140409.110000    -3.48     0.72   165.52     0.62     0.01     3.78     4.49
 20140409.120000    -3.36     1.05   165.49     0.62     0.01     3.79     4.50
 20140409.130000    -3.21     1.37   165.42     0.62     0.01     3.79     4.52
 20140409.140000    -3.01     1.68   165.34     0.61     0.01     3.80     4.53
 20140409.150000    -3.05     1.66   165.12     0.61     0.01     3.79     4.54
 20140409.160000    -3.09     1.65   164.82     0.61     0.01     3.78     4.55
 20140409.170000    -3.13     1.63   164.45     0.60     0.01     3.77     4.55
 20140409.180000    -3.16     1.61   164.01     0.60     0.01     3.75     4.55
 20140409.190000    -3.20     1.59   163.52     0.59     0.01     3.73     4.55
 20140409.200000    -3.23     1.57   162.98     0.59     0.01     3.70     4.54
 20140409.210000    -3.57     1.43   162.11     0.58     0.01     3.66     4.53
 20140409.220000    -3.90     1.28   160.85     0.58     0.01     3.61     4.51
 20140409.230000    -4.21     1.12   159.20     0.58     0.00     3.56     4.48
 20140410.000000    -4.51     0.96   157.06     0.58     0.00     3.51     4.45
 20140410.010000    -4.79     0.79   153.87     0.58     0.00     3.45     4.42
 20140410.020000    -5.07     0.62   150.21     0.60     0.00     3.38     4.37
 20140410.030000    -4.95     0.48   147.38     0.61     0.00     3.36     4.34
 20140410.040000    -4.82     0.34   145.80     0.61     0.00     3.36     4.30
 20140410.050000    -4.69     0.19   144.75     0.61     0.00     3.37     4.29
 20140410.060000    -4.56     0.05   144.10     0.60     0.00     3.37     4.29
 20140410.070000    -4.42    -0.10   143.85     0.60     0.00     3.37     4.30
 20140410.080000    -4.28    -0.24   143.71     0.59     0.00     3.36     4.31
 20140410.090000    -4.33     0.28   143.60     0.59     0.00     3.35     4.32
 20140410.100000    -4.31     0.81   143.54     0.58     0.00     3.34     4.32
 20140410.110000    -4.23     1.35   143.56     0.58     0.00     3.32     4.32
 20140410.120000    -4.08     1.88   143.63     0.57     0.00     3.30     4.31
 20140410.130000    -3.87     2.38   143.84     0.57     0.00     3.27     4.29
 20140410.140000    -3.59     2.86   144.34     0.56     0.00     3.25     4.26
 20140410.150000    -3.79     2.64   144.47     0.56     0.00     3.22     4.23
 20140410.160000    -3.97     2.40   144.26     0.56     0.00     3.20     4.19
 20140410.170000    -4.13     2.16   143.79     0.55     0.00     3.18     4.15
 20140410.180000    -4.28     1.90   143.16     0.55     0.00     3.16     4.12
 20140410.190000    -4.42     1.64   142.43     0.55     0.00     3.14     4.09
 20140410.200000    -4.53     1.36   141.66     0.54     0.00     3.13     4.07
 20140410.210000    -4.58     1.22   140.98     0.54     0.00     3.12     4.04
 20140410.220000    -4.62     1.08   140.42     0.54     0.00     3.11     4.03
 20140410.230000    -4.66     0.94   139.96     0.54     0.00     3.11     4.02
 20140411.000000    -4.69     0.79   139.60     0.54     0.00     3.11     4.02
 20140411.010000    -4.72     0.65   139.37     0.54     0.00     3.11     4.01
 20140411.020000    -4.74     0.50   139.25     0.54     0.00     3.11     4.02
 20140411.030000    -4.61     0.48   139.51     0.54     0.00     3.12     4.02
 20140411.040000    -4.47     0.47   140.01     0.54     0.00     3.12     4.03
 20140411.050000    -4.34     0.45   140.61     0.54     0.00     3.13     4.04
 20140411.060000    -4.21     0.44   141.27     0.53     0.00     3.13     4.05
 20140411.070000    -4.07     0.42   142.00     0.53     0.00     3.13     4.07
 20140411.080000    -3.94     0.41   142.78     0.53     0.00     3.13     4.08
 20140411.090000    -4.06     0.94   143.33     0.52     0.00     3.12     4.09
 20140411.100000    -4.12     1.47   143.86     0.52     0.00     3.11     4.08
 20140411.110000    -4.13     2.00   144.48     0.53     0.00     3.11     4.07
 20140411.120000    -4.08     2.51   145.19     0.53     0.00     3.11     4.03
 20140411.130000    -4.00     3.00   146.06     0.54     0.00     3.11     3.99
 20140411.140000    -3.89     3.46   147.11     0.55     0.00     3.11     3.95
 20140411.150000    -3.92     3.15   148.09     0.55     0.00     3.13     3.93
 20140411.160000    -3.93     2.82   148.69     0.55     0.00     3.14     3.94
 20140411.170000    -3.94     2.49   148.89     0.55     0.00     3.14     3.95
 20140411.180000    -3.93     2.14   148.75     0.55     0.00     3.14     3.95
 20140411.190000    -3.91     1.78   148.35     0.54     0.00     3.12     3.95
 20140411.200000    -3.86     1.41   147.87     0.53     0.00     3.11     3.95
 20140411.210000    -3.95     1.22   147.13     0.53     0.00     3.09     3.94
 20140411.220000    -4.02     1.03   146.40     0.52     0.00     3.07     3.93
 20140411.230000    -4.09     0.84   145.80     0.52     0.00     3.06     3.92
 20140412.000000    -4.14     0.64   145.35     0.52     0.00     3.06     3.91
 20140412.010000    -4.19     0.44   145.08     0.52     0.00     3.06     3.91
 20140412.020000    -4.23     0.24   144.95     0.52     0.00     3.07     3.92
 20140412.030000    -4.13     0.24   145.21     0.52     0.00     3.08     3.93
 20140412.040000    -4.02     0.25   145.71     0.52     0.00     3.10     3.95
 20140412.050000    -3.92     0.25   146.29     0.53     0.00     3.11     3.97
 20140412.060000    -3.82     0.26   146.91     0.53     0.00     3.13     3.99
 20140412.070000    -3.72     0.26   147.47     0.53     0.00     3.13     4.01
 20140412.080000    -3.62     0.27   147.95     0.53     0.00     3.14     4.02
 20140412.090000    -3.78     0.94   148.02     0.53     0.00     3.13     4.04
 20140412.100000    -3.84     1.63   147.92     0.53     0.00     3.13     4.04
 20140412.110000    -3.80     2.29   147.86     0.53     0.00     3.12     4.03
 20140412.120000    -3.69     2.93   148.02     0.54     0.00     3.12     4.01
 20140412.130000    -3.52     3.53   148.59     0.55     0.00     3.12     3.99
 20140412.140000    -3.30     4.09   149.73     0.56     0.00     3.13     3.97
 20140412.150000    -3.52     3.66   150.65     0.57     0.00     3.15     3.96
 20140412.160000    -3.71     3.20   151.10     0.58     0.00     3.17     3.97
 20140412.170000    -3.88     2.69   151.16     0.58     0.00     3.19     3.98
 20140412.180000    -4.00     2.15   150.97     0.58     0.00     3.21     4.00
 20140412.190000    -4.08     1.57   150.65     0.58     0.00     3.22     4.02
 20140412.200000    -4.08     0.96   150.33     0.58     0.00     3.24     4.04
 20140412.210000    -4.09     0.94   149.98     0.57     0.00     3.24     4.06
 20140412.220000    -4.11     0.92   149.72     0.58     0.01     3.25     4.08
 20140412.230000    -4.13     0.90   149.60     0.58     0.01     3.26     4.10
 20140413.000000    -4.14     0.89   149.61     0.58     0.01     3.27     4.11
 20140413.010000    -4.16     0.87   149.71     0.58     0.01     3.28     4.13
 20140413.020000    -4.17     0.85   149.87     0.58     0.01     3.29     4.14
 20140413.030000    -4.05     0.81   150.24     0.58     0.01     3.30     4.15
 20140413.040000    -3.93     0.76   150.72     0.58     0.01     3.31     4.16
 20140413.050000    -3.80     0.72   151.21     0.58     0.01     3.31     4.17
 20140413.060000    -3.68     0.68   151.74     0.58     0.01     3.32     4.18
 20140413.070000    -3.55     0.64   152.30     0.58     0.01     3.32     4.19
 20140413.080000    -3.43     0.59   152.88     0.57     0.01     3.32     4.20
 20140413.090000    -3.40     1.20   153.34     0.57     0.01     3.31     4.20
 20140413.100000    -3.27     1.81   154.48     0.57     0.00     3.32     4.21
 20140413.110000    -3.03     2.39   156.68     0.56     0.00     3.35     4.21
 20140413.120000    -2.70     2.93   158.18     0.56     0.00     3.36     4.21
 20140413.130000    -2.30     3.41   159.37     0.56     0.00     3.35     4.20
 20140413.140000    -1.84     3.82   160.55     0.56     0.00     3.34     4.19
 20140413.150000    -1.85     3.56   161.51     0.55     0.00     3.34     4.18
 20140413.160000    -1.87     3.28   162.14     0.55     0.00     3.34     4.17
 20140413.170000    -1.88     3.01   162.52     0.54     0.00     3.33     4.16
 20140413.180000    -1.88     2.72   162.74     0.54     0.00     3.31     4.15
 20140413.190000    -1.89     2.44   162.88     0.53     0.00     3.29     4.14
 20140413.200000    -1.88     2.14   163.02     0.52     0.00     3.28     4.12
 20140413.210000    -2.14     1.97   163.97     0.51     0.00     3.29     4.10
 20140413.220000    -2.37     1.78   165.29     0.49     0.00     3.33     4.08
 20140413.230000    -2.58     1.56   165.61     0.48     0.00     3.32     4.06
 20140414.000000    -2.77     1.33   165.61     0.48     0.00     3.29     4.04
 20140414.010000    -2.94     1.08   165.41     0.47     0.00     3.27     4.02
 20140414.020000    -3.08     0.82   165.07     0.47     0.00     3.24     3.99
 20140414.030000    -2.92     0.77   164.92     0.46     0.00     3.22     3.97
 20140414.040000    -2.75     0.72   164.90     0.46     0.00     3.21     3.95
 20140414.050000    -2.59     0.67   165.02     0.45     0.00     3.21     3.93
 20140414.060000    -2.43     0.62   165.39     0.44     0.00     3.22     3.91
 20140414.070000    -2.26     0.58   166.43     0.43     0.00     3.28     3.90
 20140414.080000    -2.10     0.53   167.37     0.42     0.00     3.34     3.89
 20140414.090000    -2.19     1.12   168.07     0.41     0.00     3.36     3.89
 20140414.100000    -2.16     1.70   168.42     0.41     0.00     3.35     3.88
 20140414.110000    -2.06     2.24   168.61     0.40     0.00     3.32     3.88
 20140414.120000    -1.89     2.74   168.79     0.41     0.00     3.28     3.87
 20140414.130000    -1.70     3.20   169.05     0.41     0.00     3.22     3.86
 20140414.140000    -1.48     3.62   169.42     0.42     0.00     3.16     3.85
 20140414.150000    -1.72     3.29   169.75     0.43     0.00     3.13     3.82
 20140414.160000    -1.95     2.93   169.68     0.43     0.00     3.12     3.80
 20140414.170000    -2.16     2.52   169.43     0.43     0.00     3.12     3.78
 20140414.180000    -2.35     2.05   169.06     0.43     0.00     3.12     3.77
 20140414.190000    -2.49     1.53   168.73     0.42     0.00     3.12     3.76
 20140414.200000    -2.55     0.95   168.29     0.41     0.00     3.13     3.74
 20140414.210000    -2.92     0.84   167.33     0.41     0.00     3.12     3.73
 20140414.220000    -3.27     0.72   165.59     0.41     0.00     3.08     3.71
 20140414.230000    -3.61     0.60   162.90     0.41     0.00     3.04     3.69
 20140415.000000    -3.94     0.48   159.27     0.42     0.00     3.00     3.66
 20140415.010000    -4.27     0.35   154.65     0.43     0.00     2.98     3.64
 20140415.020000    -4.59     0.22   149.05     0.45     0.00     2.95     3.63
 20140415.030000    -4.45     0.23   144.02     0.47     0.00     2.94     3.65
 20140415.040000    -4.31     0.23   140.90     0.48     0.00     2.96     3.68
 20140415.050000    -4.17     0.23   138.50     0.48     0.00     2.98     3.73
 20140415.060000    -4.03     0.24   136.72     0.48     0.00     3.00     3.77
 20140415.070000    -3.89     0.24   135.22     0.47     0.00     2.99     3.79
 20140415.080000    -3.75     0.24   134.04     0.46     0.00     2.98     3.80
 20140415.090000    -3.99     0.65   132.56     0.46     0.00     2.94     3.80
 20140415.100000    -4.20     1.06   131.09     0.45     0.00     2.90     3.78
 20140415.110000    -4.38     1.46   129.99     0.45     0.00     2.87     3.75
 20140415.120000    -4.53     1.86   129.45     0.46     0.00     2.84     3.70
 20140415.130000    -4.67     2.25   129.47     0.47     0.00     2.84     3.66
 20140415.140000    -4.79     2.63   129.86     0.49     0.00     2.87     3.61
 20140415.150000    -4.96     2.31   130.03     0.50     0.00     2.91     3.59
 20140415.160000    -5.11     1.99   129.82     0.51     0.00     2.95     3.59
 20140415.170000    -5.23     1.64   129.34     0.52     0.00     2.99     3.63
 20140415.180000    -5.33     1.29   128.63     0.53     0.00     3.03     3.67
 20140415.190000    -5.41     0.94   127.71     0.54     0.00     3.07     3.72
 20140415.200000    -5.47     0.57   126.68     0.55     0.00     3.11     3.78
 20140415.210000    -5.40     0.45   125.86     0.56     0.00     3.16     3.85
 20140415.220000    -5.33     0.32   125.18     0.57     0.00     3.20     3.94
 20140415.230000    -5.25     0.20   124.58     0.58     0.00     3.25     4.02
 20140416.000000    -5.18     0.07   124.08     0.58     0.00     3.28     4.09
 20140416.010000    -5.10    -0.05   123.71     0.59     0.01     3.31     4.14
 20140416.020000    -5.01    -0.18   123.51     0.59     0.01     3.33     4.19
 20140416.030000    -4.93    -0.10   123.55     0.59     0.01     3.35     4.22
 20140416.040000    -4.86    -0.02   123.86     0.60     0.01     3.36     4.23
 20140416.050000    -4.77     0.06   124.40     0.60     0.02     3.38     4.22
 20140416.060000    -4.69     0.15   125.18     0.60     0.02     3.40     4.19
 20140416.070000    -4.61     0.23   126.17     0.60     0.02     3.42     4.15
 20140416.080000    -4.52     0.31   127.37     0.61     0.03     3.45     4.11
 20140416.090000    -4.56     0.89   128.81     0.61     0.03     3.48     4.07
 20140416.100000    -4.53     1.47   130.52     0.62     0.04     3.51     4.02
 20140416.110000    -4.43     2.04   132.45     0.63     0.04     3.55     4.00
 20140416.120000    -4.27     2.60   134.52     0.64     0.05     3.58     4.00
 20140416.130000    -4.04     3.13   136.67     0.66     0.05     3.62     4.01
 20140416.140000    -3.77     3.63   138.88     0.67     0.05     3.65     4.03
 20140416.150000    -4.01     3.42   140.66     0.69     0.05     3.69     4.06
 20140416.160000    -4.24     3.20   141.95     0.70     0.05     3.72     4.09
 20140416.170000    -4.46     2.97   142.85     0.71     0.06     3.75     4.11
 20140416.180000    -4.67     2.72   143.44     0.72     0.06     3.77     4.14
 20140416.190000    -4.86     2.47   143.78     0.73     0.05     3.79     4.17
 20140416.200000    -5.03     2.21   143.93     0.74     0.05     3.81     4.19
 20140416.210000    -4.92     1.98   144.21     0.75     0.05     3.83     4.22
 20140416.220000    -4.80     1.75   144.54     0.75     0.05     3.85     4.25
 20140416.230000    -4.68     1.51   144.95     0.75     0.05     3.86     4.27
 20140417.000000    -4.55     1.27   145.44     0.74     0.05     3.86     4.29
 20140417.010000    -4.41     1.03   146.07     0.73     0.05     3.86     4.30
 20140417.020000    -4.26     0.79   146.81     0.73     0.04     3.86     4.31
 20140417.030000    -4.27     0.84   147.48     0.72     0.04     3.85     4.31
 20140417.040000    -4.27     0.89   148.12     0.72     0.04     3.83     4.31
 20140417.050000    -4.27     0.93   148.76     0.72     0.04     3.82     4.30
 20140417.060000    -4.28     0.98   149.41     0.71     0.04     3.81     4.30
 20140417.070000    -4.28     1.03   150.07     0.71     0.04     3.81     4.30
 20140417.080000    -4.28     1.07   150.75     0.71     0.04     3.80     4.31
 20140417.090000    -4.24     1.58   151.44     0.71     0.03     3.79     4.32
 20140417.100000    -4.15     2.07   152.19     0.71     0.03     3.79     4.34
 20140417.110000    -4.00     2.56   152.99     0.72     0.03     3.78     4.35
 20140417.120000    -3.81     3.02   153.82     0.72     0.03     3.78     4.37
 20140417.130000    -3.58     3.46   154.66     0.72     0.03     3.78     4.39
 20140417.140000    -3.31     3.86   155.49     0.72     0.03     3.77     4.41
 20140417.150000    -3.51     3.61   156.03     0.72     0.02     3.77     4.42
 20140417.160000    -3.70     3.35   156.24     0.72     0.02     3.76     4.42
 20140417.170000    -3.87     3.07   156.20     0.72     0.02     3.75     4.43
 20140417.180000    -4.03     2.77   155.96     0.72     0.02     3.73     4.42
 20140417.190000    -4.17     2.46   155.57     0.71     0.02     3.72     4.42
 20140417.200000    -4.29     2.13   155.07     0.71     0.02     3.70     4.41
 20140417.210000    -4.18     2.00   154.68     0.70     0.02     3.69     4.41
 20140417.220000    -4.07     1.87   154.36     0.69     0.02     3.67     4.40
 20140417.230000    -3.96     1.74   154.10     0.68     0.01     3.66     4.40
 20140418.000000    -3.85     1.60   153.91     0.67     0.01     3.64     4.39
 20140418.010000    -3.74     1.47   153.76     0.66     0.01     3.62     4.38
 20140418.020000    -3.62     1.34   153.70     0.66     0.01     3.60     4.38
 20140418.030000    -3.61     1.27   153.58     0.65     0.01     3.57     4.37
 20140418.040000    -3.61     1.21   153.45     0.64     0.01     3.55     4.36
 20140418.050000    -3.60     1.14   153.35     0.63     0.01     3.52     4.35
 20140418.060000    -3.59     1.08   153.29     0.62     0.01     3.50     4.34
 20140418.070000    -3.58     1.01   153.30     0.62     0.01     3.48     4.32
 20140418.080000    -3.57     0.94   153.35     0.61     0.01     3.46     4.31
 20140418.090000    -3.64     1.48   153.32     0.61     0.01     3.44     4.31
 20140418.100000    -3.65     2.00   153.26     0.60     0.01     3.42     4.30
 20140418.110000    -3.62     2.51   153.25     0.60     0.00     3.39     4.29
 20140418.120000    -3.54     3.00   153.30     0.60     0.00     3.37     4.27
 20140418.130000    -3.43     3.47   153.43     0.60     0.00     3.35     4.25
 20140418.140000    -3.30     3.91   153.67     0.60     0.00     3.34     4.22
 20140418.150000    -3.52     3.63   153.74     0.60     0.00     3.33     4.19
 20140418.160000    -3.73     3.34   153.49     0.60     0.00     3.32     4.17
 20140418.170000    -3.92     3.03   152.96     0.60     0.00     3.32     4.16
 20140418.180000    -4.09     2.69   152.23     0.60     0.00     3.31     4.14
 20140418.190000    -4.24     2.34   151.40     0.59     0.00     3.29     4.13
 20140418.200000    -4.37     1.98   150.51     0.59     0.00     3.29     4.12
 20140418.210000    -4.26     1.87   149.89     0.59     0.00     3.28     4.11
 20140418.220000    -4.16     1.77   149.46     0.58     0.00     3.28     4.11
 20140418.230000    -4.06     1.66   149.19     0.58     0.00     3.27     4.12
 20140419.000000    -3.95     1.56   149.08     0.57     0.00     3.27     4.12
 20140419.010000    -3.84     1.45   149.11     0.57     0.00     3.26     4.12
 20140419.020000    -3.74     1.35   149.26     0.56     0.00     3.25     4.12
 20140419.030000    -3.70     1.36   149.46     0.56     0.00     3.24     4.12
 20140419.040000    -3.66     1.37   149.73     0.55     0.00     3.22     4.12
 20140419.050000    -3.62     1.38   150.07     0.55     0.00     3.21     4.11
 20140419.060000    -3.58     1.38   150.47     0.55     0.00     3.20     4.11
 20140419.070000    -3.54     1.39   150.96     0.54     0.00     3.20     4.10
 20140419.080000    -3.50     1.40   151.51     0.54     0.00     3.19     4.10
 20140419.090000    -3.58     1.91   151.93     0.54     0.00     3.19     4.09
 20140419.100000    -3.62     2.41   152.33     0.54     0.00     3.18     4.08
 20140419.110000    -3.62     2.89   152.77     0.55     0.00     3.18     4.07
 20140419.120000    -3.60     3.35   153.31     0.55     0.00     3.18     4.04
 20140419.130000    -3.56     3.80   153.94     0.56     0.00     3.18     4.02
 20140419.140000    -3.51     4.23   154.65     0.57     0.00     3.18     4.00
 20140419.150000    -3.67     3.86   155.17     0.58     0.00     3.20     3.99
 20140419.160000    -3.82     3.46   155.29     0.58     0.00     3.21     3.99
 20140419.170000    -3.94     3.04   155.05     0.58     0.00     3.21     3.99
 20140419.180000    -4.05     2.59   154.59     0.57     0.00     3.20     3.99
 20140419.190000    -4.12     2.12   154.07     0.57     0.00     3.20     4.00
 20140419.200000    -4.16     1.63   153.62     0.56     0.00     3.20     4.00
 20140419.210000    -4.21     1.68   153.19     0.56     0.00     3.19     4.01
 20140419.220000    -4.27     1.73   152.96     0.56     0.00     3.20     4.02
 20140419.230000    -4.33     1.78   153.04     0.56     0.00     3.21     4.03
 20140420.000000    -4.39     1.82   153.40     0.57     0.00     3.24     4.05
 20140420.010000    -4.45     1.87   153.96     0.58     0.00     3.27     4.08
 20140420.020000    -4.51     1.92   154.64     0.59     0.00     3.31     4.10
 20140420.030000    -4.22     1.84   155.86     0.60     0.00     3.36     4.14
 20140420.040000    -3.94     1.75   157.21     0.60     0.00     3.40     4.19
 20140420.050000    -3.66     1.66   158.46     0.60     0.00     3.42     4.22
 20140420.060000    -3.37     1.58   159.57     0.60     0.00     3.44     4.25
 20140420.070000    -3.09     1.49   160.70     0.59     0.00     3.44     4.26
 20140420.080000    -2.80     1.40   163.33     0.57     0.00     3.50     4.27
 20140420.090000    -2.92     1.95   165.69     0.55     0.00     3.54     4.27
 20140420.100000    -2.99     2.48   166.58     0.54     0.00     3.52     4.27
 20140420.110000    -3.03     2.99   166.67     0.54     0.00     3.47     4.25
 20140420.120000    -3.05     3.49   166.36     0.55     0.00     3.41     4.21
 20140420.130000    -3.06     3.96   165.66     0.56     0.00     3.33     4.15
 20140420.140000    -3.05     4.43   164.92     0.58     0.00     3.27     4.08
 20140420.150000    -3.12     4.17   164.17     0.59     0.00     3.24     4.02
 20140420.160000    -3.18     3.90   163.54     0.59     0.00     3.24     3.99
 20140420.170000    -3.24     3.62   162.83     0.58     0.00     3.22     3.98
 20140420.180000    -3.29     3.33   162.05     0.57     0.00     3.20     3.96
 20140420.190000    -3.34     3.03   161.21     0.57     0.00     3.18     3.94
 20140420.200000    -3.37     2.73   160.40     0.56     0.00     3.15     3.92
 20140420.210000    -3.40     2.55   159.50     0.54     0.00     3.13     3.90
 20140420.220000    -3.42     2.37   158.70     0.53     0.00     3.11     3.88
 20140420.230000    -3.44     2.19   158.12     0.52     0.00     3.09     3.86
 20140421.000000    -3.46     2.00   157.67     0.52     0.00     3.06     3.85
 20140421.010000    -3.46     1.81   157.37     0.51     0.00     3.04     3.84
 20140421.020000    -3.46     1.62   157.34     0.50     0.00     3.05     3.82
 20140421.030000    -3.41     1.65   157.02     0.49     0.00     3.06     3.82
 20140421.040000    -3.35     1.69   157.17     0.48     0.00     3.05     3.82
 20140421.050000    -3.29     1.72   157.54     0.48     0.00     3.06     3.81
 20140421.060000    -3.22     1.76   158.10     0.47     0.00     3.06     3.81
 20140421.070000    -3.16     1.79   158.73     0.47     0.00     3.07     3.82
 20140421.080000    -3.10     1.82   159.43     0.47     0.00     3.07     3.82
 20140421.090000    -3.27     2.29   159.86     0.48     0.00     3.08     3.83
 20140421.100000    -3.42     2.74   160.10     0.48     0.00     3.08     3.83
 20140421.110000    -3.55     3.18   160.25     0.50     0.00     3.08     3.82
 20140421.120000    -3.68     3.62   160.31     0.52     0.00     3.09     3.81
 20140421.130000    -3.80     4.05   160.18     0.54     0.00     3.11     3.80
 20140421.140000    -3.92     4.48   159.80     0.58     0.00     3.11     3.77
 20140421.150000    -3.87     4.16   159.90     0.60     0.00     3.15     3.79
 20140421.160000    -3.81     3.85   160.09     0.61     0.00     3.19     3.85
 20140421.170000    -3.75     3.52   159.97     0.61     0.00     3.21     3.89
 20140421.180000    -3.69     3.19   159.71     0.61     0.00     3.21     3.91
 20140421.190000    -3.61     2.86   159.25     0.59     0.00     3.20     3.93
 20140421.200000    -3.54     2.52   158.82     0.58     0.00     3.19     3.94
 20140421.210000    -3.55     2.41   158.55     0.57     0.00     3.17     3.94
 20140421.220000    -3.56     2.30   158.35     0.56     0.00     3.15     3.94
 20140421.230000    -3.57     2.19   158.26     0.55     0.00     3.14     3.93
 20140422.000000    -3.58     2.08   158.59     0.54     0.00     3.16     3.93
 20140422.010000    -3.59     1.97   159.10     0.54     0.00     3.18     3.94
 20140422.020000    -3.59     1.86   159.76     0.54     0.00     3.20     3.96
 20140422.030000    -3.46     1.77   160.79     0.54     0.00     3.23     3.98
 20140422.040000    -3.33     1.68   162.14     0.55     0.00     3.27     4.03
 20140422.050000    -3.20     1.59   163.72     0.55     0.00     3.31     4.08
 20140422.060000    -3.07     1.50   165.63     0.56     0.00     3.37     4.15
 20140422.070000    -2.93     1.41   168.18     0.56     0.00     3.45     4.22
 20140422.080000    -2.80     1.33   170.86     0.56     0.00     3.54     4.28
 20140422.090000    -2.76     1.98   172.70     0.56     0.00     3.61     4.35
 20140422.100000    -2.63     2.59   173.68     0.56     0.00     3.63     4.42
 20140422.110000    -2.43     3.17   174.10     0.57     0.00     3.63     4.45
 20140422.120000    -2.17     3.70   174.16     0.57     0.00     3.60     4.44
 20140422.130000    -1.89     4.18   174.09     0.58     0.00     3.55     4.39
 20140422.140000    -1.58     4.62   174.06     0.59     0.00     3.50     4.32
 20140422.150000    -1.69     4.29   173.98     0.59     0.00     3.47     4.26
 20140422.160000    -1.80     3.94   173.68     0.58     0.00     3.44     4.21
 20140422.170000    -1.90     3.58   173.24     0.57     0.00     3.41     4.18
 20140422.180000    -2.00     3.20   172.69     0.55     0.00     3.38     4.15
 20140422.190000    -2.09     2.80   172.16     0.54     0.00     3.35     4.12
 20140422.200000    -2.16     2.38   171.67     0.52     0.00     3.31     4.09
 20140422.210000    -2.40     2.35   171.04     0.51     0.00     3.27     4.07
 20140422.220000    -2.63     2.31   170.27     0.49     0.00     3.23     4.04
 20140422.230000    -2.86     2.26   169.44     0.49     0.00     3.18     4.00
 20140423.000000    -3.08     2.21   168.59     0.48     0.00     3.15     3.97
 20140423.010000    -3.29     2.15   167.73     0.48     0.00     3.12     3.92
 20140423.020000    -3.50     2.08   166.95     0.49     0.00     3.11     3.89
 20140423.030000    -3.48     2.16   166.69     0.49     0.00     3.12     3.87
 20140423.040000    -3.46     2.24   166.99     0.50     0.00     3.15     3.87
 20140423.050000    -3.44     2.31   167.78     0.51     0.00     3.19     3.89
 20140423.060000    -3.41     2.38   169.00     0.52     0.00     3.26     3.93
 20140423.070000    -3.39     2.46   170.56     0.54     0.00     3.34     3.99
 20140423.080000    -3.37     2.53   172.31     0.56     0.00     3.43     4.08
 20140423.090000    -3.43     2.93   173.75     0.59     0.00     3.53     4.17
 20140423.100000    -3.49     3.33   174.83     0.62     0.00     3.62     4.25
 20140423.110000    -3.54     3.71   175.47     0.66     0.00     3.72     4.33
 20140423.120000    -3.58     4.09   175.60     0.70     0.00     3.80     4.49
 20140423.130000    -3.61     4.46   175.37     0.74     0.00     3.87     4.56
 20140423.140000    -3.63     4.83   174.82     0.78     0.00     3.92     4.61
 20140423.150000    -3.68     4.43   174.11     0.81     0.00     3.93     4.64
 20140423.160000    -3.73     4.01   173.29     0.82     0.00     3.93     4.67
 20140423.170000    -3.76     3.58   172.70     0.82     0.00     3.93     4.69
 20140423.180000    -3.77     3.13   172.12     0.81     0.00     3.93     4.70
 20140423.190000    -3.77     2.67   171.54     0.80     0.00     3.91     4.69
 20140423.200000    -3.74     2.18   171.11     0.78     0.00     3.89     4.68
 20140423.210000    -3.70     2.18   170.83     0.77     0.00     3.88     4.67
 20140423.220000    -3.67     2.18   170.58     0.76     0.00     3.86     4.66
 20140423.230000    -3.63     2.18   170.48     0.75     0.00     3.85     4.65
 20140424.000000    -3.59     2.18   170.60     0.75     0.00     3.85     4.64
 20140424.010000    -3.55     2.18   170.97     0.75     0.00     3.87     4.65
 20140424.020000    -3.51     2.18   171.55     0.76     0.00     3.90     4.67
 20140424.030000    -3.48     2.20   172.29     0.77     0.00     3.95     4.70
 20140424.040000    -3.45     2.22   173.15     0.78     0.00     4.00     4.75
 20140424.050000    -3.42     2.24   174.02     0.80     0.00     4.06     4.84
 20140424.060000    -3.38     2.26   174.78     0.81     0.00     4.12     4.93
 20140424.070000    -3.35     2.28   175.34     0.83     0.00     4.17     5.00
 20140424.080000    -3.32     2.30   175.64     0.84     0.00     4.22     5.04
 20140424.090000    -3.35     2.66   175.58     0.85     0.00     4.25     5.07
 20140424.100000    -3.37     3.01   175.26     0.86     0.00     4.27     5.10
 20140424.110000    -3.38     3.35   174.77     0.87     0.00     4.28     5.12
 20140424.120000    -3.38     3.68   174.15     0.88     0.00     4.29     5.13
 20140424.130000    -3.38     4.00   173.43     0.89     0.00     4.28     5.15
 20140424.140000    -3.37     4.32   172.63     0.89     0.00     4.27     5.16
 20140424.150000    -3.59     4.07   171.84     0.89     0.00     4.25     5.16
 20140424.160000    -3.80     3.80   170.99     0.89     0.00     4.23     5.15
 20140424.170000    -3.99     3.51   170.11     0.88     0.00     4.21     5.13
 20140424.180000    -4.17     3.21   169.26     0.87     0.00     4.19     5.11
 20140424.190000    -4.34     2.89   168.50     0.87     0.00     4.17     5.09
 20140424.200000    -4.48     2.56   167.89     0.87     0.00     4.16     5.08
 20140424.210000    -4.29     2.51   167.71     0.86     0.00     4.17     5.07
 20140424.220000    -4.10     2.46   167.87     0.87     0.00     4.19     5.08
 20140424.230000    -3.90     2.41   168.27     0.87     0.00     4.23     5.10
 20140425.000000    -3.71     2.36   168.84     0.88     0.00     4.28     5.14
 20140425.010000    -3.52     2.31   169.50     0.88     0.00     4.33     5.18
 20140425.020000    -3.32     2.26   170.25     0.89     0.01     4.38     5.23
 20140425.030000    -3.30     2.19   171.00     0.90     0.01     4.43     5.28
 20140425.040000    -3.27     2.12   171.74     0.91     0.01     4.47     5.33
 20140425.050000    -3.24     2.05   172.53     0.92     0.01     4.52     5.38
 20140425.060000    -3.21     1.98   173.32     0.93     0.01     4.57     5.42
 20140425.070000    -3.19     1.91   174.04     0.94     0.01     4.62     5.47
 20140425.080000    -3.16     1.84   174.63     0.95     0.01     4.67     5.50
 20140425.090000    -3.21     2.30   174.96     0.96     0.01     4.70     5.53
 20140425.100000    -3.22     2.75   175.06     0.97     0.01     4.71     5.55
 20140425.110000    -3.22     3.19   174.93     0.98     0.01     4.71     5.56
 20140425.120000    -3.20     3.61   174.57     0.98     0.01     4.69     5.56
 20140425.130000    -3.17     4.02   174.01     0.98     0.01     4.65     5.55
 20140425.140000    -3.13     4.42   173.27     0.97     0.01     4.59     5.53
 20140425.150000    -3.29     3.97   172.54     0.96     0.01     4.53     5.49
 20140425.160000    -3.43     3.48   171.76     0.94     0.01     4.47     5.46
 20140425.170000    -3.55     2.96   170.94     0.91     0.00     4.41     5.41
 20140425.180000    -3.64     2.39   170.13     0.89     0.00     4.34     5.37
 20140425.190000    -3.68     1.79   169.38     0.86     0.00     4.28     5.31
 20140425.200000    -3.65     1.14   168.77     0.84     0.00     4.22     5.25
 20140425.210000    -3.63     1.18   168.11     0.81     0.00     4.16     5.17
 20140425.220000    -3.62     1.21   167.44     0.79     0.00     4.11     5.11
 20140425.230000    -3.60     1.25   166.81     0.78     0.00     4.06     5.07
 20140426.000000    -3.58     1.28   166.26     0.76     0.00     4.02     5.04
 20140426.010000    -3.57     1.31   165.81     0.75     0.00     3.99     5.02
 20140426.020000    -3.55     1.35   165.46     0.74     0.00     3.96     5.00
 20140426.030000    -3.47     1.40   165.23     0.74     0.00     3.94     4.98
 20140426.040000    -3.39     1.46   165.12     0.73     0.00     3.93     4.97
 20140426.050000    -3.31     1.52   165.07     0.73     0.00     3.92     4.95
 20140426.060000    -3.22     1.57   165.03     0.73     0.00     3.91     4.94
 20140426.070000    -3.14     1.63   165.01     0.72     0.00     3.90     4.93
 20140426.080000    -3.05     1.68   164.95     0.72     0.00     3.89     4.91
 20140426.090000    -2.98     2.17   164.82     0.71     0.00     3.86     4.89
 20140426.100000    -2.87     2.65   164.66     0.71     0.00     3.83     4.87
 20140426.110000    -2.71     3.10   164.50     0.70     0.00     3.80     4.84
 20140426.120000    -2.52     3.52   164.34     0.70     0.00     3.75     4.81
 20140426.130000    -2.30     3.91   164.21     0.69     0.00     3.71     4.77
 20140426.140000    -2.07     4.27   164.10     0.68     0.00     3.65     4.72
 20140426.150000    -2.37     4.02   163.85     0.67     0.00     3.61     4.67
 20140426.160000    -2.66     3.74   163.40     0.66     0.00     3.56     4.62
 20140426.170000    -2.94     3.42   162.80     0.65     0.00     3.51     4.58
 20140426.180000    -3.19     3.07   162.10     0.64     0.00     3.46     4.54
 20140426.190000    -3.42     2.69   161.34     0.63     0.00     3.42     4.50
 20140426.200000    -3.61     2.28   160.59     0.62     0.00     3.37     4.46
 20140426.210000    -3.69     2.13   159.91     0.61     0.00     3.34     4.42
 20140426.220000    -3.77     1.97   159.36     0.60     0.00     3.31     4.38
 20140426.230000    -3.84     1.80   158.93     0.60     0.00     3.29     4.34
 20140427.000000    -3.91     1.64   158.65     0.60     0.00     3.28     4.31
 20140427.010000    -3.97     1.47   158.51     0.60     0.00     3.28     4.28
 20140427.020000    -4.02     1.29   158.50     0.60     0.00     3.29     4.26
 20140427.030000    -4.11     1.19   158.54     0.60     0.00     3.30     4.25
 20140427.040000    -4.19     1.09   158.59     0.60     0.00     3.31     4.25
 20140427.050000    -4.28     0.99   158.64     0.60     0.00     3.31     4.25
 20140427.060000    -4.36     0.89   158.62     0.60     0.00     3.32     4.24
 20140427.070000    -4.43     0.79   158.47     0.60     0.00     3.31     4.23
 20140427.080000    -4.51     0.69   158.18     0.60     0.00     3.30     4.22
 20140427.090000    -4.55     1.07   157.73     0.60     0.00     3.28     4.20
 20140427.100000    -4.56     1.45   157.26     0.60     0.00     3.25     4.18
 20140427.110000    -4.55     1.82   156.85     0.59     0.00     3.23     4.15
 20140427.120000    -4.51     2.19   156.56     0.59     0.00     3.21     4.12
 20140427.130000    -4.45     2.55   156.46     0.60     0.00     3.20     4.10
 20140427.140000    -4.37     2.90   156.54     0.60     0.00     3.20     4.08
 20140427.150000    -4.10     2.49   157.19     0.60     0.00     3.21     4.08
 20140427.160000    -3.82     2.07   157.85     0.59     0.00     3.21     4.08
 20140427.170000    -3.53     1.65   158.31     0.58     0.00     3.19     4.08
 20140427.180000    -3.22     1.21   158.63     0.57     0.00     3.17     4.07
 20140427.190000    -2.89     0.76   159.51     0.54     0.00     3.21     4.05
 20140427.200000    -2.53     0.31   160.35     0.50     0.00     3.28     4.02
 20140427.210000    -2.55     0.15   160.91     0.47     0.00     3.33     4.00
 20140427.220000    -2.56    -0.02   160.67     0.45     0.00     3.33     3.98
 20140427.230000    -2.57    -0.18   160.01     0.44     0.00     3.32     3.95
 20140428.000000    -2.56    -0.34   159.10     0.43     0.00     3.30     3.92
 20140428.010000    -2.54    -0.50   158.10     0.42     0.00     3.27     3.89
 20140428.020000    -2.52    -0.67   157.10     0.41     0.00     3.25     3.87
 20140428.030000    -2.58    -0.49   156.10     0.41     0.00     3.24     3.85
 20140428.040000    -2.63    -0.32   155.09     0.40     0.00     3.22     3.83
 20140428.050000    -2.67    -0.14   154.07     0.40     0.00     3.20     3.81
 20140428.060000    -2.69     0.04   153.05     0.39     0.00     3.18     3.80
 20140428.070000    -2.70     0.22   152.06     0.39     0.00     3.16     3.78
 20140428.080000    -2.70     0.40   151.15     0.38     0.00     3.14     3.77
 20140428.090000    -2.79     0.34   150.32     0.38     0.00     3.11     3.76
 20140428.100000    -2.87     0.27   149.51     0.37     0.00     3.09     3.75
 20140428.110000    -2.95     0.20   148.67     0.37     0.00     3.06     3.74
 20140428.120000    -3.02     0.14   147.76     0.37     0.00     3.04     3.73
 20140428.130000    -3.10     0.07   146.73     0.37     0.00     3.02     3.71
 20140428.140000    -3.17     0.00   145.54     0.37     0.00     3.00     3.70
 20140428.150000    -3.23    -0.01   144.26     0.37     0.00     2.99     3.69
 20140428.160000    -3.28    -0.02   142.85     0.37     0.00     2.99     3.68
 20140428.170000    -3.33    -0.03   141.35     0.37     0.00     2.99     3.69
 20140428.180000    -3.39    -0.05   139.85     0.38     0.00     3.01     3.70
 20140428.190000    -3.44    -0.06   138.33     0.38     0.00     3.02     3.72
 20140428.200000    -3.49    -0.07   136.83     0.39     0.00     3.03     3.74
 20140428.210000    -3.49    -0.23   135.39     0.39     0.00     3.05     3.77
 20140428.220000    -3.49    -0.39   133.97     0.39     0.00     3.06     3.79
 20140428.230000    -3.47    -0.54   132.60     0.39     0.00     3.06     3.81
 20140429.000000    -3.45    -0.70   131.27     0.39     0.00     3.06     3.82
 20140429.010000    -3.42    -0.86   129.99     0.40     0.00     3.05     3.83
 20140429.020000    -3.39    -1.01   128.77     0.40     0.00     3.05     3.84
 20140429.030000    -3.27    -1.06   127.91     0.39     0.00     3.04     3.85
 20140429.040000    -3.15    -1.10   127.32     0.39     0.00     3.04     3.85
 20140429.050000    -3.03    -1.14   126.90     0.39     0.00     3.04     3.86
 20140429.060000    -2.90    -1.18   126.62     0.39     0.00     3.04     3.86
 20140429.070000    -2.77    -1.22   126.49     0.38     0.00     3.03     3.86
 20140429.080000    -2.64    -1.26   126.48     0.38     0.00     3.02     3.86
 20140429.090000    -3.07    -0.74   126.27     0.37     0.00     3.00     3.85
 20140429.100000    -3.39    -0.15   125.94     0.37     0.00     2.96     3.84
 20140429.110000    -3.59     0.48   125.72     0.37     0.00     2.91     3.81
 20140429.120000    -3.69     1.13   126.02     0.38     0.00     2.87     3.78
 20140429.130000    -3.69     1.76   127.15     0.39     0.00     2.82     3.74
 20140429.140000    -3.62     2.35   129.00     0.40     0.00     2.79     3.69
 20140429.150000    -3.66     2.11   130.60     0.41     0.00     2.79     3.64
 20140429.160000    -3.69     1.86   131.41     0.41     0.00     2.80     3.61
 20140429.170000    -3.71     1.60   131.90     0.41     0.00     2.81     3.60
 20140429.180000    -3.72     1.33   132.17     0.41     0.00     2.82     3.59
 20140429.190000    -3.71     1.06   132.27     0.41     0.00     2.82     3.59
 20140429.200000    -3.68     0.78   132.34     0.41     0.00     2.83     3.60
 20140429.210000    -3.63     0.48   132.13     0.41     0.00     2.84     3.60
 20140429.220000    -3.55     0.17   131.94     0.40     0.00     2.85     3.61
 20140429.230000    -3.45    -0.15   131.73     0.40     0.00     2.84     3.61
 20140430.000000    -3.32    -0.47   131.51     0.39     0.00     2.84     3.62
 20140430.010000    -3.15    -0.79   131.19     0.38     0.00     2.83     3.62
 20140430.020000    -2.94    -1.10   130.54     0.37     0.00     2.82     3.62
 20140430.030000    -2.99    -0.94   129.52     0.36     0.00     2.80     3.61
 20140430.040000    -3.03    -0.78   128.66     0.35     0.00     2.77     3.60
 20140430.050000    -3.07    -0.62   128.16     0.35     0.00     2.74     3.57
 20140430.060000    -3.09    -0.46   127.95     0.34     0.00     2.71     3.53
 20140430.070000    -3.11    -0.29   127.91     0.34     0.00     2.69     3.49
 20140430.080000    -3.11    -0.12   127.96     0.33     0.00     2.67     3.45
 20140430.090000    -2.79     0.07   129.07     0.33     0.00     2.67     3.43
 20140430.100000    -2.45     0.27   132.12     0.32     0.00     2.72     3.41
 20140430.110000    -2.09     0.49   135.42     0.30     0.00     2.79     3.41
 20140430.120000    -1.68     0.70   137.99     0.29     0.00     2.87     3.41
 20140430.130000    -1.19     0.91   139.72     0.28     0.00     2.93     3.41
 20140430.140000    -0.55     1.04   140.99     0.28     0.00     2.97     3.43
 20140430.150000    -0.69     1.00   142.03     0.27     0.00     3.00     3.44
 20140430.160000    -0.83     0.95   142.93     0.27     0.00     3.03     3.45
 20140430.170000    -0.95     0.89   143.72     0.26     0.00     3.05     3.47
 20140430.180000    -1.07     0.82   144.40     0.26     0.00     3.06     3.48
 20140430.190000    -1.18     0.74   144.94     0.26     0.00     3.07     3.50
 20140430.200000    -1.28     0.65   145.31     0.25     0.00     3.08     3.51
 20140430.210000    -1.64     0.47   145.45     0.25     0.00     3.09     3.52
 20140430.220000    -1.96     0.26   145.11     0.25     0.00     3.08     3.53
 20140430.230000    -2.24     0.05   143.87     0.26     0.00     3.03     3.53
 20140501.000000    -2.51    -0.17   141.18     0.27     0.01     2.94     3.51
 20140501.010000    -2.76    -0.39   138.46     0.28     0.01     2.88     3.48
 20140501.020000    -2.99    -0.61   135.70     0.29     0.01     2.83     3.41
 20140501.030000    -2.80    -0.48   134.70     0.30     0.01     2.83     3.32
 20140501.040000    -2.61    -0.34   134.64     0.30     0.01     2.85     3.29
 20140501.050000    -2.42    -0.21   135.42     0.30     0.01     2.90     3.30
 20140501.060000    -2.22    -0.07   136.77     0.30     0.01     2.96     3.32
 20140501.070000    -2.01     0.06   138.50     0.30     0.01     3.02     3.33
 20140501.080000    -1.79     0.20   140.02     0.29     0.01     3.08     3.34
